Date,Open,High,Low,Close,Adj Close,Volume
1994-11-16,5.333333,5.375,5.333333,5.333333,3.835702,8343900
1994-11-17,5.333333,5.416667,5.291667,5.416667,3.895636,4872000
1994-11-18,5.458333,5.541667,5.416667,5.5,3.955571,1468800
1994-11-21,5.541667,5.541667,5.375,5.375,3.86567,348600
1994-11-22,5.333333,5.375,5.125,5.125,3.685872,709800
1994-11-23,5.083333,5.166667,5.041667,5.083333,3.655904,906600
1994-11-25,5.083333,5.166667,5.083333,5.166667,3.715839,132600
1994-11-28,5.208333,5.208333,5.083333,5.083333,3.655904,280500
1994-11-29,5.083333,5.125,5.083333,5.125,3.685872,187500
1994-11-30,5.083333,5.125,5.083333,5.083333,3.655904,130800
1994-12-01,5.125,5.125,4.916667,4.916667,3.53604,794400
1994-12-02,4.916667,4.916667,4.875,4.916667,3.53604,54600
1994-12-05,4.916667,4.916667,4.875,4.916667,3.53604,19800
1994-12-06,4.916667,4.916667,4.875,4.875,3.506074,91200
1994-12-07,4.916667,4.916667,4.833333,4.833333,3.476107,77700
1994-12-08,4.833333,4.875,4.791667,4.791667,3.446141,169200
1994-12-09,4.75,4.75,4.625,4.666667,3.356241,272100
1994-12-12,4.75,4.875,4.708333,4.75,3.416173,284400
1994-12-13,4.75,4.75,4.708333,4.708333,3.386206,146100
1994-12-14,4.75,4.833333,4.75,4.791667,3.446141,442200
1994-12-15,4.791667,4.875,4.791667,4.833333,3.476107,274200
1994-12-16,4.875,5.125,4.875,5.125,3.685872,442500
1994-12-19,5.083333,5.083333,5.0,5.041667,3.625938,47400
1994-12-20,5.041667,5.125,5.041667,5.041667,3.625938,128400
1994-12-21,5.083333,5.166667,5.083333,5.166667,3.715839,96600
1994-12-22,5.166667,5.208333,5.083333,5.208333,3.745803,248400
1994-12-23,5.25,5.333333,5.25,5.333333,3.835702,189600
1994-12-27,5.333333,5.416667,5.291667,5.375,3.86567,113700
1994-12-28,5.333333,5.375,5.333333,5.375,3.86567,62100
1994-12-29,5.375,5.375,5.333333,5.333333,3.835702,190800
1994-12-30,5.333333,5.333333,5.333333,5.333333,3.835702,15900
1995-01-03,5.375,5.375,5.25,5.333333,3.835702,93300
1995-01-04,5.333333,5.375,5.291667,5.375,3.86567,45300
1995-01-05,5.375,5.416667,5.291667,5.375,3.86567,54300
1995-01-06,5.291667,5.291667,5.208333,5.25,3.775769,294000
1995-01-09,5.291667,5.291667,5.25,5.25,3.775769,24000
1995-01-10,5.25,5.291667,5.25,5.291667,3.805737,19200
1995-01-11,5.25,5.25,5.25,5.25,3.775769,10800
1995-01-12,5.25,5.25,5.25,5.25,3.775769,76200
1995-01-13,5.25,5.25,5.166667,5.25,3.775769,84600
1995-01-16,5.291667,5.375,5.291667,5.333333,3.835702,834300
1995-01-17,5.333333,5.333333,5.333333,5.333333,3.835702,186300
1995-01-18,5.333333,5.333333,5.208333,5.25,3.775769,60900
1995-01-19,5.25,5.25,5.208333,5.208333,3.745803,48600
1995-01-20,5.208333,5.208333,5.166667,5.166667,3.715839,43500
1995-01-23,5.208333,5.208333,5.125,5.166667,3.715839,115200
1995-01-24,5.208333,5.208333,5.208333,5.208333,3.745803,35100
1995-01-25,5.208333,5.458333,5.208333,5.375,3.86567,83100
1995-01-26,5.375,5.416667,5.333333,5.333333,3.835702,92100
1995-01-27,5.375,5.375,5.333333,5.375,3.86567,24300
1995-01-30,5.375,5.375,5.333333,5.375,3.86567,70800
1995-01-31,5.375,5.395833,5.333333,5.395833,3.880653,354000
1995-02-01,5.416667,5.458333,5.375,5.458333,3.925603,133200
1995-02-02,5.458333,5.625,5.458333,5.583333,4.015501,306600
1995-02-03,5.541667,5.583333,5.5,5.583333,4.015501,278700
1995-02-06,5.583333,5.625,5.541667,5.583333,4.015501,227100
1995-02-07,5.583333,5.583333,5.5,5.541667,3.985536,361500
1995-02-08,5.541667,5.708333,5.5,5.666667,4.075435,494400
1995-02-09,5.75,5.916667,5.75,5.791667,4.165333,214200
1995-02-10,5.833333,5.833333,5.666667,5.708333,4.105402,137400
1995-02-13,5.708333,5.708333,5.583333,5.625,4.045468,516300
1995-02-14,5.583333,5.583333,5.416667,5.458333,3.925603,1084800
1995-02-15,5.458333,5.708333,5.458333,5.708333,4.105402,870000
1995-02-16,5.708333,5.708333,5.625,5.666667,4.075435,347700
1995-02-17,5.666667,5.666667,5.625,5.666667,4.075435,154200
1995-02-21,5.666667,5.708333,5.625,5.708333,4.105402,644400
1995-02-22,5.708333,5.833333,5.708333,5.791667,4.165333,874800
1995-02-23,5.833333,5.875,5.791667,5.791667,4.165333,1391700
1995-02-24,5.791667,5.791667,5.666667,5.708333,4.105402,830700
1995-02-27,5.666667,5.708333,5.625,5.666667,4.075435,310500
1995-02-28,5.75,6.083333,5.75,6.083333,4.3751,3169500
1995-03-01,6.125,6.5,6.083333,6.458333,4.644798,3259200
1995-03-02,6.5,6.666667,6.458333,6.625,4.764663,2352900
1995-03-03,6.625,6.625,6.458333,6.458333,4.644798,1156800
1995-03-06,6.333333,6.416667,6.25,6.291667,4.524932,1407900
1995-03-07,6.25,6.333333,6.25,6.333333,4.554898,1043100
1995-03-08,6.375,6.458333,6.375,6.375,4.584865,774300
1995-03-09,6.375,6.375,6.333333,6.375,4.584865,480000
1995-03-10,6.333333,6.375,6.25,6.291667,4.524932,770400
1995-03-13,6.333333,6.333333,6.291667,6.291667,4.524932,583200
1995-03-14,6.375,6.458333,6.291667,6.458333,4.644798,1176600
1995-03-15,6.458333,6.541667,6.416667,6.458333,4.644798,1154700
1995-03-16,6.5,6.5,6.166667,6.25,4.494965,1067100
1995-03-17,6.166667,6.333333,6.166667,6.208333,4.464996,1276500
1995-03-20,6.208333,6.375,6.166667,6.375,4.584865,735000
1995-03-21,6.375,6.5,6.25,6.25,4.494965,1121100
1995-03-22,6.291667,6.333333,6.208333,6.333333,4.554898,452700
1995-03-23,6.291667,6.291667,6.208333,6.25,4.494965,672600
1995-03-24,6.208333,6.375,6.208333,6.25,4.494965,1575600
1995-03-27,6.291667,6.458333,6.291667,6.458333,4.644798,937500
1995-03-28,6.416667,6.5,6.375,6.416667,4.614831,741300
1995-03-29,6.416667,6.5,6.333333,6.333333,4.554898,1026900
1995-03-30,6.375,6.375,6.291667,6.375,4.584865,700200
1995-03-31,6.458333,6.458333,6.291667,6.375,4.584865,720300
1995-04-03,6.375,6.375,6.291667,6.375,4.584865,462300
1995-04-04,6.375,6.416667,6.291667,6.291667,4.524932,529800
1995-04-05,6.208333,6.375,6.208333,6.208333,4.464996,1110900
1995-04-06,6.25,6.291667,6.25,6.25,4.494965,546000
1995-04-07,6.291667,6.291667,6.083333,6.083333,4.3751,1371000
1995-04-10,6.125,6.375,6.125,6.375,4.584865,1105500
1995-04-11,6.333333,6.5,6.333333,6.375,4.584865,620700
1995-04-12,6.5,6.708333,6.5,6.625,4.764663,2507400
1995-04-13,6.625,6.833333,6.625,6.791667,4.88453,1372200
1995-04-17,6.833333,6.958333,6.791667,6.791667,4.88453,832800
1995-04-18,6.833333,6.833333,6.708333,6.75,4.854562,2180100
1995-04-19,6.75,6.875,6.458333,6.583333,4.734694,2268000
1995-04-20,6.583333,6.791667,6.541667,6.666667,4.79463,2178300
1995-04-21,6.666667,6.666667,6.583333,6.583333,4.734694,675000
1995-04-24,6.583333,6.625,6.5,6.625,4.764663,459300
1995-04-25,6.583333,6.666667,6.583333,6.583333,4.734694,781500
1995-04-26,6.625,6.708333,6.541667,6.666667,4.79463,1323300
1995-04-27,6.666667,6.708333,6.625,6.708333,4.824597,456000
1995-04-28,6.708333,6.791667,6.625,6.708333,4.824597,1125900
1995-05-01,6.708333,6.708333,6.416667,6.5,4.674763,719400
1995-05-02,6.541667,6.708333,6.541667,6.708333,4.824597,987900
1995-05-03,6.708333,6.916667,6.708333,6.875,4.944464,1772700
1995-05-04,6.875,6.958333,6.666667,6.791667,4.903549,1530900
1995-05-05,6.75,6.916667,6.75,6.875,4.963717,762000
1995-05-08,6.833333,6.958333,6.833333,6.958333,5.02388,460500
1995-05-09,7.0,7.166667,7.0,7.166667,5.174296,986100
1995-05-10,7.291667,7.291667,7.041667,7.208333,5.20438,856800
1995-05-11,7.25,7.25,7.083333,7.166667,5.174296,659700
1995-05-12,7.166667,7.25,7.166667,7.166667,5.174296,769800
1995-05-15,7.166667,7.208333,6.958333,7.083333,5.114131,266700
1995-05-16,7.125,7.333333,7.125,7.333333,5.294629,1050900
1995-05-17,7.333333,7.5,7.291667,7.291667,5.264546,894900
1995-05-18,7.25,7.25,7.041667,7.125,5.144215,648000
1995-05-19,7.041667,7.083333,6.833333,6.958333,5.02388,368100
1995-05-22,7.0,7.083333,6.958333,7.083333,5.114131,693900
1995-05-23,7.041667,7.416667,7.041667,7.25,5.234464,1245900
1995-05-24,7.25,7.291667,7.166667,7.25,5.234464,943800
1995-05-25,7.25,7.25,7.083333,7.125,5.144215,497700
1995-05-26,7.166667,7.166667,7.125,7.166667,5.174296,390300
1995-05-30,7.166667,7.208333,6.958333,7.0,5.053965,384600
1995-05-31,6.958333,7.0,6.833333,7.0,5.053965,1002600
1995-06-01,6.875,7.166667,6.75,7.166667,5.174296,3034800
1995-06-02,7.083333,7.375,7.0,7.333333,5.294629,2133900
1995-06-05,7.291667,7.458333,7.291667,7.333333,5.294629,860100
1995-06-06,7.333333,7.375,7.208333,7.208333,5.20438,396000
1995-06-07,7.208333,7.208333,7.041667,7.041667,5.084046,525000
1995-06-08,7.083333,7.125,7.0,7.0,5.053965,496800
1995-06-09,7.0,7.0,6.791667,6.916667,4.993797,1050300
1995-06-12,6.875,6.958333,6.875,6.875,4.963717,498600
1995-06-13,6.958333,7.166667,6.916667,7.083333,5.114131,620400
1995-06-14,7.166667,7.166667,7.041667,7.041667,5.084046,522900
1995-06-15,7.166667,7.25,7.041667,7.125,5.144215,807600
1995-06-16,7.125,7.25,7.041667,7.25,5.234464,1255500
1995-06-19,7.291667,7.375,7.25,7.333333,5.294629,872100
1995-06-20,7.416667,7.5,7.333333,7.375,5.324714,1350000
1995-06-21,7.416667,7.458333,7.291667,7.333333,5.294629,1056900
1995-06-22,7.291667,7.375,7.291667,7.291667,5.264546,1039500
1995-06-23,7.333333,7.375,7.25,7.333333,5.294629,268500
1995-06-26,7.25,7.291667,7.041667,7.166667,5.174296,534900
1995-06-27,7.25,7.25,6.708333,6.75,4.873466,1230300
1995-06-28,6.833333,6.833333,6.625,6.666667,4.8133,1972500
1995-06-29,6.666667,6.875,6.625,6.75,4.873466,1941300
1995-06-30,6.791667,6.916667,6.5,6.541667,4.72305,2285400
1995-07-03,6.5,6.625,6.5,6.583333,4.753131,416400
1995-07-05,6.541667,6.708333,6.5,6.708333,4.843383,1657200
1995-07-06,6.791667,7.0,6.791667,6.958333,5.02388,1308600
1995-07-07,7.041667,7.125,6.958333,7.083333,5.114131,766200
1995-07-10,7.166667,7.458333,7.125,7.458333,5.38488,1336200
1995-07-11,7.25,7.458333,7.208333,7.458333,5.38488,1636800
1995-07-12,7.583333,7.833333,7.541667,7.583333,5.475129,1351200
1995-07-13,7.541667,7.541667,7.25,7.416667,5.354798,1132500
1995-07-14,7.375,7.375,7.041667,7.125,5.144215,963000
1995-07-17,7.125,7.291667,7.083333,7.208333,5.20438,633000
1995-07-18,7.166667,7.416667,7.166667,7.208333,5.20438,1637400
1995-07-19,7.333333,7.5,7.166667,7.25,5.234464,1749900
1995-07-20,7.333333,7.583333,7.333333,7.5,5.414962,1734000
1995-07-21,7.458333,7.541667,7.458333,7.541667,5.445046,2566800
1995-07-24,7.583333,7.625,7.5,7.583333,5.475129,581400
1995-07-25,7.583333,7.75,7.541667,7.75,5.595459,1042800
1995-07-26,7.75,7.75,7.625,7.708333,5.565377,903900
1995-07-27,7.708333,7.875,7.708333,7.875,5.68571,561600
1995-07-28,7.875,8.041667,7.875,8.0,5.77596,916800
1995-07-31,7.916667,7.958333,7.875,7.916667,5.715793,329700
1995-08-01,7.916667,7.958333,7.875,7.916667,5.715793,299100
1995-08-02,8.0,8.083333,7.916667,7.916667,5.715793,319200
1995-08-03,7.833333,7.875,7.791667,7.833333,5.655627,883200
1995-08-04,7.875,7.916667,7.791667,7.875,5.705132,478200
1995-08-07,7.958333,8.166667,7.916667,8.125,5.886245,205500
1995-08-08,8.083333,8.083333,7.875,7.916667,5.735318,324900
1995-08-09,7.958333,8.0,7.833333,7.875,5.705132,393300
1995-08-10,7.791667,7.791667,7.458333,7.583333,5.493831,604800
1995-08-11,7.625,7.75,7.625,7.708333,5.584387,592200
1995-08-14,7.666667,7.875,7.666667,7.875,5.705132,209100
1995-08-15,7.875,7.916667,7.75,7.916667,5.735318,392400
1995-08-16,8.166667,8.375,8.125,8.333333,6.037179,1821600
1995-08-17,8.583333,8.666667,8.416667,8.458333,6.127733,1470300
1995-08-18,8.5,8.625,8.458333,8.625,6.248478,1061700
1995-08-21,8.666667,8.791667,8.583333,8.625,6.248478,1090800
1995-08-22,8.625,8.625,8.541667,8.583333,6.218293,676500
1995-08-23,8.625,8.708333,8.625,8.666667,6.278664,1199100
1995-08-24,8.666667,8.666667,8.583333,8.625,6.248478,627900
1995-08-25,8.666667,8.666667,8.583333,8.625,6.248478,852900
1995-08-28,8.666667,8.666667,8.333333,8.416667,6.09755,965400
1995-08-29,8.5,8.5,8.416667,8.5,6.157923,1081200
1995-08-30,8.583333,8.708333,8.583333,8.708333,6.30885,1369500
1995-08-31,8.75,8.75,8.666667,8.666667,6.278664,282900
1995-09-01,8.708333,9.0,8.666667,9.0,6.520149,579900
1995-09-05,9.0,9.291667,8.875,9.208333,6.671077,1095000
1995-09-06,9.166667,9.375,9.041667,9.083333,6.580525,1263900
1995-09-07,9.166667,9.333333,9.166667,9.291667,6.731451,1010700
1995-09-08,9.291667,9.583333,9.25,9.416667,6.822007,522900
1995-09-11,9.458333,9.583333,9.416667,9.541667,6.91257,602400
1995-09-12,9.541667,9.541667,9.416667,9.5,6.882383,901200
1995-09-13,9.5,9.583333,9.416667,9.583333,6.942754,590100
1995-09-14,9.583333,9.833333,9.583333,9.833333,7.123867,888900
1995-09-15,9.75,9.875,9.583333,9.666667,7.003129,1400700
1995-09-18,9.416667,9.5,9.0,9.208333,6.671077,2009700
1995-09-19,9.125,9.208333,8.875,9.041667,6.55034,1443600
1995-09-20,9.0,9.25,8.833333,9.208333,6.671077,1197000
1995-09-21,9.25,9.541667,9.25,9.458333,6.8522,1110000
1995-09-22,9.25,9.458333,9.208333,9.458333,6.8522,1347300
1995-09-25,9.416667,9.416667,9.083333,9.166667,6.640895,332100
1995-09-26,9.166667,9.25,9.083333,9.166667,6.640895,371100
1995-09-27,9.166667,9.166667,8.791667,8.916667,6.45978,812100
1995-09-28,8.958333,9.125,8.958333,9.125,6.61071,617100
1995-09-29,9.083333,9.791667,9.083333,9.791667,7.093687,1134900
1995-10-02,9.75,9.75,9.541667,9.541667,6.91257,481500
1995-10-03,9.625,9.625,9.291667,9.416667,6.822007,651900
1995-10-04,9.416667,9.416667,9.25,9.375,6.791822,233700
1995-10-05,9.375,9.583333,9.333333,9.583333,6.942754,282300
1995-10-06,9.583333,9.583333,9.416667,9.5,6.882383,124500
1995-10-09,9.5,9.5,9.25,9.291667,6.731451,152400
1995-10-10,9.125,9.125,8.958333,9.041667,6.55034,426000
1995-10-11,9.041667,9.125,8.958333,9.083333,6.580525,308700
1995-10-12,9.125,9.291667,9.041667,9.125,6.61071,377400
1995-10-13,9.166667,9.708333,9.166667,9.583333,6.942754,968400
1995-10-16,9.541667,9.541667,9.416667,9.5,6.882383,165300
1995-10-17,9.625,9.625,9.166667,9.25,6.701268,532200
1995-10-18,9.333333,9.416667,8.833333,8.875,6.429595,2778000
1995-10-19,8.958333,9.125,8.875,9.041667,6.55034,1185900
1995-10-20,9.0,9.041667,8.791667,8.833333,6.399408,1298700
1995-10-23,8.833333,9.0,8.833333,8.875,6.429595,787500
1995-10-24,8.916667,9.041667,8.75,8.75,6.339035,788100
1995-10-25,8.75,8.791667,8.083333,8.458333,6.127733,2077500
1995-10-26,8.458333,8.625,8.208333,8.5,6.157923,821400
1995-10-27,8.291667,8.75,8.208333,8.75,6.339035,1077600
1995-10-30,8.75,8.75,8.416667,8.458333,6.127733,276300
1995-10-31,8.458333,8.583333,8.0,8.166667,5.916431,730200
1995-11-01,8.208333,8.541667,8.083333,8.541667,6.188107,780000
1995-11-02,8.416667,8.791667,8.333333,8.791667,6.369221,402300
1995-11-03,8.75,8.958333,8.75,8.791667,6.3886,696300
1995-11-06,8.791667,8.875,8.75,8.875,6.449155,782400
1995-11-07,8.875,8.875,8.791667,8.833333,6.41888,500700
1995-11-08,8.875,9.041667,8.833333,9.0,6.539984,258300
1995-11-09,8.916667,9.166667,8.916667,9.041667,6.57027,607500
1995-11-10,8.958333,9.0,8.875,8.875,6.449155,183000
1995-11-13,8.791667,8.875,8.75,8.833333,6.41888,274200
1995-11-14,8.75,8.75,8.666667,8.666667,6.297769,276600
1995-11-15,8.625,8.666667,8.291667,8.375,6.085824,607800
1995-11-16,8.375,8.625,8.375,8.5,6.176659,270300
1995-11-17,8.5,8.5,8.333333,8.416667,6.116101,361500
1995-11-20,8.458333,8.458333,8.166667,8.208333,5.964712,677100
1995-11-21,8.166667,8.208333,7.916667,7.958333,5.783047,430800
1995-11-22,8.0,8.0,7.791667,7.833333,5.692213,1599300
1995-11-24,7.875,8.0,7.833333,7.958333,5.783047,863700
1995-11-27,7.958333,8.0,7.833333,7.875,5.722489,609900
1995-11-28,7.875,7.875,7.708333,7.833333,5.692213,602100
1995-11-29,7.875,8.125,7.875,7.916667,5.752766,1827600
1995-11-30,8.25,8.416667,8.208333,8.416667,6.116101,601200
1995-12-01,8.333333,8.75,8.333333,8.541667,6.206935,543300
1995-12-04,8.583333,8.875,8.541667,8.791667,6.3886,550500
1995-12-05,8.791667,8.916667,8.75,8.916667,6.479434,776400
1995-12-06,8.916667,8.958333,8.625,8.708333,6.328043,644100
1995-12-07,8.708333,8.708333,8.416667,8.583333,6.237209,351300
1995-12-08,8.583333,8.583333,8.458333,8.458333,6.146376,366900
1995-12-11,8.5,8.541667,8.416667,8.5,6.176659,168000
1995-12-12,8.416667,8.458333,8.291667,8.333333,6.055545,154200
1995-12-13,8.375,8.458333,8.208333,8.291667,6.025267,381300
1995-12-14,8.291667,8.291667,7.666667,7.833333,5.692213,1485600
1995-12-15,7.833333,8.041667,7.833333,7.875,5.722489,935100
1995-12-18,7.875,7.875,7.583333,7.708333,5.60138,987000
1995-12-19,7.625,7.958333,7.625,7.958333,5.783047,906900
1995-12-20,7.958333,7.958333,7.666667,7.791667,5.661934,1534800
1995-12-21,7.791667,8.041667,7.75,7.958333,5.783047,1581900
1995-12-22,8.041667,8.25,8.0,8.083333,5.873878,900300
1995-12-26,8.041667,8.166667,8.041667,8.083333,5.873878,286200
1995-12-27,8.083333,8.125,8.041667,8.041667,5.843603,464100
1995-12-28,8.0,8.041667,7.875,7.875,5.722489,632100
1995-12-29,7.875,7.958333,7.833333,7.958333,5.783047,798900
1996-01-02,7.916667,7.916667,7.791667,7.791667,5.661934,477300
1996-01-03,7.916667,8.208333,7.916667,8.125,5.904154,371400
1996-01-04,8.125,8.208333,7.875,7.875,5.722489,593700
1996-01-05,7.833333,7.958333,7.833333,7.916667,5.752766,549000
1996-01-08,7.916667,8.041667,7.916667,8.041667,5.843603,157500
1996-01-09,8.041667,8.166667,7.916667,7.958333,5.783047,522600
1996-01-10,7.875,7.875,7.5,7.5,5.449991,802200
1996-01-11,7.583333,7.708333,7.583333,7.666667,5.5711,1362600
1996-01-12,7.583333,7.625,7.416667,7.458333,5.419712,1610400
1996-01-15,7.5,7.5,7.25,7.291667,5.298599,1642200
1996-01-16,7.333333,7.5,7.333333,7.416667,5.389437,680400
1996-01-17,7.458333,8.041667,7.458333,7.958333,5.783047,2289000
1996-01-18,8.25,8.25,8.083333,8.166667,5.934431,1306800
1996-01-19,8.166667,8.375,8.125,8.333333,6.055545,1419000
1996-01-22,8.375,8.583333,8.375,8.541667,6.206935,1104000
1996-01-23,8.583333,8.708333,8.583333,8.708333,6.328043,1107600
1996-01-24,8.625,8.625,8.083333,8.333333,6.055545,2760600
1996-01-25,8.583333,8.875,8.5,8.875,6.449155,1086900
1996-01-26,8.916667,8.916667,8.541667,8.75,6.358322,1248900
1996-01-29,8.791667,8.791667,8.541667,8.666667,6.297769,431700
1996-01-30,8.625,8.666667,8.583333,8.666667,6.297769,403800
1996-01-31,8.625,9.0,8.583333,8.958333,6.509712,1879500
1996-02-01,9.0,9.0,8.791667,8.916667,6.479434,1199400
1996-02-02,8.875,9.291667,8.875,9.083333,6.620345,2105400
1996-02-05,8.958333,8.958333,8.791667,8.833333,6.438134,525900
1996-02-06,8.791667,8.833333,8.541667,8.666667,6.31666,816300
1996-02-07,8.75,8.916667,8.708333,8.75,6.377395,690600
1996-02-08,8.833333,8.875,8.791667,8.833333,6.438134,614700
1996-02-09,8.833333,9.041667,8.833333,8.958333,6.529238,635700
1996-02-12,8.916667,9.0,8.75,8.875,6.468501,545400
1996-02-13,8.833333,9.333333,8.75,9.208333,6.711449,1220100
1996-02-14,9.125,9.333333,9.125,9.208333,6.711449,671100
1996-02-15,9.083333,9.25,8.916667,8.958333,6.529238,500400
1996-02-16,8.875,9.0,8.875,8.916667,6.498869,563100
1996-02-20,8.833333,8.833333,8.625,8.666667,6.31666,423600
1996-02-21,8.625,8.833333,8.625,8.708333,6.347026,476400
1996-02-22,8.875,9.0,8.75,8.916667,6.498869,579000
1996-02-23,8.875,9.083333,8.875,9.083333,6.620345,695100
1996-02-26,9.125,9.125,8.916667,9.0,6.559602,580800
1996-02-27,9.0,9.0,8.75,8.791667,6.407764,381900
1996-02-28,8.833333,9.0,8.833333,8.875,6.468501,557700
1996-02-29,8.833333,8.958333,8.75,8.916667,6.498869,753600
1996-03-01,8.958333,8.958333,8.75,8.791667,6.407764,666300
1996-03-04,8.833333,9.0,8.833333,8.916667,6.498869,416100
1996-03-05,8.875,9.041667,8.833333,8.916667,6.498869,937200
1996-03-06,8.916667,8.916667,8.75,8.833333,6.438134,603600
1996-03-07,8.75,8.791667,8.708333,8.75,6.377395,296700
1996-03-08,8.5,8.541667,7.916667,8.041667,5.861131,1207800
1996-03-11,8.041667,8.333333,8.0,8.333333,6.073709,1164900
1996-03-12,8.208333,8.291667,8.083333,8.25,6.012971,553800
1996-03-13,8.25,8.25,8.083333,8.166667,5.952232,749100
1996-03-14,8.208333,8.458333,8.208333,8.375,6.104079,1775400
1996-03-15,8.333333,8.333333,8.208333,8.25,6.012971,990900
1996-03-18,8.416667,8.666667,8.291667,8.666667,6.31666,1247400
1996-03-19,8.916667,9.125,8.916667,9.083333,6.620345,2922300
1996-03-20,9.333333,9.583333,9.166667,9.291667,6.772185,1590000
1996-03-21,9.25,9.25,8.916667,9.0,6.559602,983100
1996-03-22,9.0,9.166667,8.833333,9.166667,6.681081,598500
1996-03-25,9.166667,9.291667,9.166667,9.208333,6.711449,1081800
1996-03-26,9.208333,9.208333,9.0,9.0,6.559602,292200
1996-03-27,9.083333,9.166667,9.041667,9.083333,6.620345,348600
1996-03-28,9.041667,9.125,8.916667,9.125,6.650713,297600
1996-03-29,9.125,9.166667,9.083333,9.166667,6.681081,493200
1996-04-01,9.166667,9.5,9.125,9.5,6.924028,1332600
1996-04-02,9.583333,9.583333,9.166667,9.208333,6.711449,801600
1996-04-03,9.208333,9.291667,9.083333,9.208333,6.711449,464700
1996-04-04,9.208333,9.25,9.083333,9.125,6.650713,280500
1996-04-08,8.75,8.916667,8.75,8.875,6.468501,706800
1996-04-09,8.958333,8.958333,8.75,8.75,6.377395,621600
1996-04-10,8.75,8.791667,8.708333,8.75,6.377395,579300
1996-04-11,8.75,8.75,8.333333,8.333333,6.073709,1425300
1996-04-12,8.375,8.666667,8.333333,8.583333,6.25592,486600
1996-04-15,8.625,8.625,8.416667,8.458333,6.164812,330000
1996-04-16,8.5,8.583333,8.333333,8.375,6.104079,955800
1996-04-17,8.416667,8.708333,8.333333,8.625,6.286288,1256100
1996-04-18,8.666667,9.166667,8.583333,9.166667,6.681081,1168500
1996-04-19,9.166667,9.208333,9.0,9.083333,6.620345,509100
1996-04-22,9.166667,9.208333,9.0,9.083333,6.620345,551400
1996-04-23,9.0,9.583333,9.0,9.5,6.924028,1182000
1996-04-24,9.5,9.708333,9.416667,9.458333,6.893663,899400
1996-04-25,9.458333,9.5,9.375,9.416667,6.863287,249600
1996-04-26,9.375,9.958333,9.375,9.958333,7.278695,842100
1996-04-29,9.833333,10.041667,9.833333,10.041667,7.339605,578400
1996-04-30,10.0,10.041667,9.833333,9.833333,7.187333,1189800
1996-05-01,9.833333,10.0,9.75,9.916667,7.248241,696300
1996-05-02,9.75,9.875,9.583333,9.625,7.035056,1226400
1996-05-03,9.708333,9.75,9.541667,9.583333,7.004604,189000
1996-05-06,9.583333,9.583333,9.166667,9.25,6.760962,247800
1996-05-07,9.333333,9.416667,9.083333,9.083333,6.639145,288000
1996-05-08,9.083333,9.333333,9.0,9.291667,6.791418,696600
1996-05-09,9.333333,9.333333,9.041667,9.208333,6.730509,209100
1996-05-10,9.375,9.708333,9.375,9.666667,7.065509,412200
1996-05-13,9.666667,10.0,9.666667,9.875,7.217783,719400
1996-05-14,9.875,9.916667,9.791667,9.833333,7.187333,365700
1996-05-15,9.833333,9.916667,9.666667,9.708333,7.095963,220500
1996-05-16,9.708333,9.708333,9.458333,9.5,6.943691,332700
1996-05-17,9.583333,9.666667,9.541667,9.625,7.035056,298800
1996-05-20,9.708333,9.916667,9.625,9.833333,7.187333,487500
1996-05-21,10.041667,10.416667,10.041667,10.208333,7.461426,1390500
1996-05-22,10.166667,10.791667,10.125,10.583333,7.735513,1394400
1996-05-23,10.791667,10.791667,10.583333,10.583333,7.735513,885900
1996-05-24,10.583333,10.75,10.583333,10.708333,7.826879,569700
1996-05-28,10.75,10.75,10.375,10.375,7.583242,435900
1996-05-29,10.333333,10.333333,10.083333,10.083333,7.370063,727800
1996-05-30,10.166667,10.333333,9.958333,10.208333,7.461426,598500
1996-05-31,10.25,10.25,10.041667,10.125,7.400514,258000
1996-06-03,10.083333,10.25,10.083333,10.166667,7.430966,679500
1996-06-04,10.208333,10.333333,10.208333,10.208333,7.461426,268200
1996-06-05,10.25,10.25,10.083333,10.208333,7.461426,189000
1996-06-06,10.333333,10.416667,10.083333,10.083333,7.370063,677400
1996-06-07,10.083333,10.083333,9.916667,10.041667,7.339605,253200
1996-06-10,10.125,10.125,9.916667,10.041667,7.339605,269700
1996-06-11,10.083333,10.083333,9.875,10.0,7.309147,538800
1996-06-12,10.0,10.041667,9.625,9.625,7.035056,706200
1996-06-13,9.666667,9.666667,9.458333,9.666667,7.065509,739200
1996-06-14,9.625,10.0,9.583333,9.875,7.217783,437400
1996-06-17,9.791667,9.958333,9.75,9.875,7.217783,259500
1996-06-18,9.958333,10.5,9.958333,10.333333,7.552785,1615200
1996-06-19,10.375,10.416667,10.083333,10.125,7.400514,2315700
1996-06-20,9.958333,10.083333,9.708333,9.75,7.12642,2403600
1996-06-21,9.833333,9.916667,9.666667,9.666667,7.065509,917700
1996-06-24,9.708333,9.708333,9.583333,9.666667,7.065509,416400
1996-06-25,9.708333,9.708333,9.5,9.583333,7.004604,382200
1996-06-26,9.666667,9.666667,9.541667,9.541667,6.974149,224100
1996-06-27,9.541667,9.583333,9.5,9.583333,7.004604,977400
1996-06-28,9.541667,9.625,9.375,9.5,6.943691,758100
1996-07-01,9.458333,9.708333,9.458333,9.666667,7.065509,330900
1996-07-02,9.666667,9.666667,9.583333,9.666667,7.065509,351600
1996-07-03,9.625,9.708333,9.625,9.708333,7.095963,425400
1996-07-05,9.583333,9.583333,9.5,9.541667,6.974149,329700
1996-07-08,9.458333,9.583333,9.208333,9.208333,6.730509,871800
1996-07-09,9.166667,9.291667,9.125,9.208333,6.730509,557700
1996-07-10,9.25,9.333333,9.041667,9.083333,6.639145,380700
1996-07-11,9.041667,9.041667,8.666667,8.791667,6.425961,312000
1996-07-12,8.875,8.875,8.75,8.875,6.48687,298800
1996-07-15,8.875,8.875,8.583333,8.708333,6.36505,729600
1996-07-16,8.666667,8.666667,8.333333,8.625,6.304142,813000
1996-07-17,8.75,9.083333,8.75,9.041667,6.608692,433500
1996-07-18,9.083333,9.583333,8.875,9.541667,6.974149,1384800
1996-07-19,9.458333,9.583333,9.375,9.541667,6.974149,505200
1996-07-22,9.541667,9.541667,9.416667,9.541667,6.974149,246000
1996-07-23,9.5,9.583333,9.458333,9.541667,6.974149,1113300
1996-07-24,9.458333,9.583333,9.416667,9.5,6.943691,1006500
1996-07-25,9.583333,9.75,9.541667,9.708333,7.095963,507300
1996-07-26,9.708333,9.791667,9.708333,9.791667,7.156873,321900
1996-07-29,9.791667,9.791667,9.583333,9.583333,7.004604,265200
1996-07-30,9.666667,9.666667,9.5,9.625,7.035056,195600
1996-07-31,9.625,9.666667,9.541667,9.625,7.035056,231000
1996-08-01,9.625,9.791667,9.583333,9.75,7.146219,250200
1996-08-02,9.875,10.208333,9.833333,10.208333,7.482153,477000
1996-08-05,10.166667,10.208333,10.125,10.166667,7.451616,180000
1996-08-06,10.125,10.291667,10.125,10.25,7.512694,431700
1996-08-07,10.208333,10.208333,10.0,10.083333,7.390533,343800
1996-08-08,10.041667,10.125,9.875,9.958333,7.29892,300300
1996-08-09,10.041667,10.125,9.958333,10.083333,7.390533,378000
1996-08-12,10.125,10.458333,10.083333,10.458333,7.665388,678900
1996-08-13,10.375,10.375,10.166667,10.166667,7.451616,337500
1996-08-14,10.166667,10.5,10.166667,10.458333,7.665388,330300
1996-08-15,10.416667,10.5,10.416667,10.5,7.69593,390300
1996-08-16,10.5,10.708333,10.416667,10.583333,7.757009,556500
1996-08-19,10.666667,10.833333,10.583333,10.625,7.78755,720300
1996-08-20,10.666667,10.666667,10.208333,10.291667,7.543232,615000
1996-08-21,10.333333,10.5,10.333333,10.333333,7.573771,412500
1996-08-22,10.333333,10.458333,10.291667,10.458333,7.665388,287700
1996-08-23,10.416667,10.5,10.375,10.5,7.69593,204000
1996-08-26,10.5,10.5,10.25,10.25,7.512694,186300
1996-08-27,10.291667,10.375,10.25,10.375,7.604309,289500
1996-08-28,10.291667,10.333333,10.291667,10.291667,7.543232,113700
1996-08-29,10.291667,10.291667,10.125,10.125,7.421072,259500
1996-08-30,10.125,10.166667,10.0,10.041667,7.359997,399000
1996-09-03,9.833333,9.875,9.666667,9.833333,7.207301,549900
1996-09-04,9.875,10.083333,9.875,10.041667,7.359997,403800
1996-09-05,10.0,10.041667,9.625,9.625,7.054605,546900
1996-09-06,9.708333,9.958333,9.708333,9.916667,7.268374,377700
1996-09-09,9.916667,10.041667,9.875,9.958333,7.29892,339300
1996-09-10,9.958333,10.166667,9.916667,10.166667,7.451616,720900
1996-09-11,10.083333,10.416667,10.041667,10.291667,7.543232,375600
1996-09-12,10.291667,10.291667,10.125,10.166667,7.451616,350400
1996-09-13,10.25,10.333333,10.208333,10.25,7.512694,610200
1996-09-16,10.166667,10.208333,10.125,10.166667,7.451616,147300
1996-09-17,10.125,10.166667,9.875,9.916667,7.268374,339300
1996-09-18,9.916667,9.916667,9.708333,9.708333,7.11568,434400
1996-09-19,9.708333,9.791667,9.708333,9.791667,7.176759,142800
1996-09-20,9.708333,9.833333,9.708333,9.791667,7.176759,260100
1996-09-23,9.791667,9.791667,9.583333,9.625,7.054605,380700
1996-09-24,9.625,9.625,9.416667,9.5,6.962986,752400
1996-09-25,9.541667,9.791667,9.541667,9.791667,7.176759,636600
1996-09-26,9.875,9.916667,9.791667,9.875,7.237837,260700
1996-09-27,10.0,10.083333,9.916667,9.916667,7.268374,583200
1996-09-30,9.875,10.0,9.833333,9.958333,7.29892,309600
1996-10-01,10.0,10.166667,9.916667,9.958333,7.29892,509100
1996-10-02,10.041667,10.208333,10.041667,10.083333,7.390533,818100
1996-10-03,10.291667,10.291667,10.166667,10.208333,7.482153,414600
1996-10-04,10.375,10.5,10.291667,10.5,7.69593,963300
1996-10-07,10.5,10.541667,10.375,10.416667,7.634849,177000
1996-10-08,10.541667,10.666667,10.541667,10.541667,7.726469,698700
1996-10-09,10.583333,10.791667,10.541667,10.625,7.78755,471600
1996-10-10,10.583333,10.625,10.333333,10.458333,7.665388,582000
1996-10-11,10.541667,10.75,10.5,10.666667,7.818088,824700
1996-10-14,10.708333,10.833333,10.625,10.791667,7.909706,360600
1996-10-15,10.875,11.291667,10.875,11.291667,8.27618,1206900
1996-10-16,11.291667,11.291667,10.75,11.166667,8.18456,2054100
1996-10-17,11.208333,11.375,11.125,11.333333,8.306717,1123500
1996-10-18,11.291667,11.333333,11.25,11.291667,8.27618,702600
1996-10-21,11.25,11.333333,11.208333,11.208333,8.215097,935700
1996-10-22,11.25,11.291667,11.083333,11.083333,8.12348,425700
1996-10-23,11.125,11.166667,10.958333,11.0,8.062402,318600
1996-10-24,10.958333,11.041667,10.958333,11.0,8.062402,406200
1996-10-25,11.0,11.041667,10.833333,11.041667,8.092939,754800
1996-10-28,11.083333,11.083333,10.916667,10.958333,8.031863,138900
1996-10-29,10.958333,10.958333,10.75,10.791667,7.909706,262500
1996-10-30,10.833333,10.875,10.625,10.625,7.78755,508500
1996-10-31,10.666667,10.666667,10.333333,10.375,7.604309,947400
1996-11-01,10.458333,10.5,10.416667,10.416667,7.654526,1316700
1996-11-04,10.458333,10.541667,10.416667,10.5,7.715759,451800
1996-11-05,10.458333,10.958333,10.458333,10.958333,8.05256,1181100
1996-11-06,11.083333,11.166667,11.0,11.041667,8.113794,675000
1996-11-07,11.0,11.083333,11.0,11.041667,8.113794,337500
1996-11-08,11.083333,11.25,11.041667,11.208333,8.236269,148500
1996-11-11,11.25,11.291667,11.166667,11.291667,8.297507,569100
1996-11-12,11.416667,11.666667,11.375,11.583333,8.511829,1260300
1996-11-13,11.625,11.625,11.416667,11.541667,8.481215,631200
1996-11-14,11.625,11.833333,11.583333,11.791667,8.664925,811500
1996-11-15,11.875,11.916667,11.75,11.791667,8.664925,852300
1996-11-18,11.916667,12.25,11.875,12.125,8.909867,1046700
1996-11-19,11.958333,11.958333,11.5,11.5,8.450595,1097700
1996-11-20,11.5,11.791667,11.458333,11.75,8.634304,922500
1996-11-21,11.833333,11.875,11.75,11.833333,8.695538,484500
1996-11-22,11.75,11.916667,11.75,11.916667,8.756779,185100
1996-11-25,12.0,12.125,11.916667,12.083333,8.879251,427800
1996-11-26,12.0,12.083333,11.875,11.875,8.726156,270600
1996-11-27,11.875,11.958333,11.833333,11.916667,8.756779,540900
1996-11-29,11.875,12.083333,11.875,12.041667,8.848633,254700
1996-12-02,12.083333,12.208333,12.0,12.208333,8.971104,539400
1996-12-03,12.208333,12.291667,12.0,12.0,8.818011,585900
1996-12-04,12.041667,12.083333,11.583333,11.666667,8.573065,706500
1996-12-05,11.583333,11.666667,11.583333,11.666667,8.573065,676200
1996-12-06,11.375,11.583333,11.208333,11.5,8.450595,632700
1996-12-09,11.458333,11.541667,11.458333,11.5,8.450595,247500
1996-12-10,11.583333,11.708333,11.5,11.625,8.542453,342600
1996-12-11,11.458333,11.458333,11.25,11.333333,8.328126,372600
1996-12-12,11.416667,11.458333,11.291667,11.375,8.358742,286500
1996-12-13,11.375,11.666667,11.375,11.583333,8.511829,687900
1996-12-16,11.666667,11.833333,11.625,11.75,8.634304,282900
1996-12-17,11.75,11.75,11.541667,11.541667,8.481215,367200
1996-12-18,11.541667,11.583333,11.5,11.541667,8.481215,247800
1996-12-19,11.583333,11.666667,11.5,11.666667,8.573065,236400
1996-12-20,11.75,11.75,11.625,11.75,8.634304,490200
1996-12-23,11.833333,12.166667,11.791667,11.916667,8.756779,266400
1996-12-24,12.0,12.0,11.833333,12.0,8.818011,163800
1996-12-26,12.0,12.208333,11.958333,12.083333,8.879251,292200
1996-12-27,12.083333,12.125,11.958333,12.0,8.818011,91500
1996-12-30,12.041667,12.125,11.958333,12.083333,8.879251,168300
1996-12-31,12.0,12.083333,11.958333,12.0,8.818011,330000
1997-01-02,12.0,12.0,11.333333,11.416667,8.389359,591000
1997-01-03,11.458333,11.541667,11.416667,11.5,8.450595,651000
1997-01-06,11.541667,11.541667,11.375,11.458333,8.419977,247200
1997-01-07,11.416667,11.583333,11.291667,11.333333,8.328126,476400
1997-01-08,11.541667,11.541667,11.375,11.5,8.450595,471000
1997-01-09,11.416667,11.541667,11.333333,11.458333,8.419977,357000
1997-01-10,11.458333,11.625,11.333333,11.625,8.542453,613500
1997-01-13,11.625,11.708333,11.5,11.541667,8.481215,647100
1997-01-14,11.583333,11.583333,11.458333,11.541667,8.481215,715500
1997-01-15,11.5,11.5,11.166667,11.25,8.26689,607200
1997-01-16,11.333333,11.333333,11.083333,11.083333,8.144413,491100
1997-01-17,11.166667,11.166667,11.0,11.166667,8.205652,1628700
1997-01-20,12.458333,13.125,12.333333,12.791667,9.399755,5639400
1997-01-21,12.75,13.541667,12.75,13.0,9.552848,3656400
1997-01-22,12.916667,13.416667,12.791667,13.291667,9.767171,1346400
1997-01-23,13.291667,13.958333,13.208333,13.625,10.012121,1133700
1997-01-24,13.541667,13.75,13.541667,13.666667,10.042738,1085700
1997-01-27,13.583333,13.583333,13.291667,13.416667,9.859029,898800
1997-01-28,13.416667,13.75,13.416667,13.541667,9.950881,823500
1997-01-29,13.458333,13.458333,13.0,13.0,9.552848,646800
1997-01-30,13.083333,13.208333,12.958333,13.208333,9.705939,465000
1997-01-31,13.25,13.375,13.25,13.333333,9.817617,673500
1997-02-03,13.333333,13.375,13.291667,13.333333,9.817617,498300
1997-02-04,13.291667,13.375,13.291667,13.333333,9.817617,285000
1997-02-05,13.291667,13.625,13.291667,13.5,9.940332,936300
1997-02-06,13.5,13.708333,13.5,13.583333,10.001691,369000
1997-02-07,13.583333,13.791667,13.583333,13.708333,10.093732,384900
1997-02-10,13.75,13.833333,13.75,13.791667,10.155101,115500
1997-02-11,13.833333,13.916667,13.791667,13.916667,10.247133,273300
1997-02-12,13.833333,14.083333,13.833333,14.041667,10.339176,291600
1997-02-13,14.0,14.166667,13.875,14.083333,10.369853,430800
1997-02-14,14.041667,14.625,14.0,14.541667,10.707335,776700
1997-02-18,14.708333,14.791667,14.416667,14.416667,10.615294,447000
1997-02-19,14.416667,14.416667,14.208333,14.208333,10.461894,506400
1997-02-20,14.083333,14.125,13.416667,13.416667,9.878971,495900
1997-02-21,13.416667,13.625,13.333333,13.625,10.032375,868500
1997-02-24,13.625,13.791667,13.541667,13.75,10.124415,258000
1997-02-25,13.708333,13.75,13.541667,13.583333,10.001691,300900
1997-02-26,13.666667,13.666667,13.458333,13.541667,9.971011,2254800
1997-02-27,13.541667,13.583333,13.375,13.416667,9.878971,320700
1997-02-28,13.333333,13.375,13.041667,13.25,9.756251,605700
1997-03-03,13.166667,13.375,13.041667,13.375,9.848293,463500
1997-03-04,13.375,13.375,13.208333,13.25,9.756251,346500
1997-03-05,13.25,13.333333,13.25,13.333333,9.817617,1011000
1997-03-06,13.333333,13.333333,13.291667,13.333333,9.817617,420600
1997-03-07,13.333333,13.625,13.291667,13.541667,9.971011,678000
1997-03-10,13.458333,13.5,13.375,13.5,9.940332,214800
1997-03-11,13.458333,13.75,13.333333,13.75,10.124415,479400
1997-03-12,13.708333,13.75,13.416667,13.5,9.940332,726900
1997-03-13,13.458333,13.458333,13.083333,13.166667,9.694893,954300
1997-03-14,13.166667,13.166667,13.0,13.041667,9.602852,287400
1997-03-17,12.75,12.75,12.458333,12.5,9.204011,2800500
1997-03-18,12.541667,12.541667,12.166667,12.375,9.111971,1420800
1997-03-19,12.291667,12.458333,12.25,12.458333,9.173333,1500300
1997-03-20,12.458333,12.583333,12.333333,12.583333,9.265375,627000
1997-03-21,12.708333,12.875,12.708333,12.875,9.480132,470100
1997-03-24,12.875,13.166667,12.708333,13.083333,9.633532,648000
1997-03-25,13.083333,13.291667,13.041667,13.166667,9.694893,766200
1997-03-26,13.166667,13.25,12.791667,13.208333,9.725572,718800
1997-03-27,13.208333,13.208333,12.666667,12.833333,9.449449,438000
1997-03-31,12.75,12.75,12.375,12.416667,9.142654,1331100
1997-04-01,12.375,12.458333,12.291667,12.333333,9.08129,1330500
1997-04-02,12.166667,12.166667,11.5,11.5,8.46769,1222800
1997-04-03,11.375,11.416667,11.041667,11.291667,8.314294,3227100
1997-04-04,11.333333,11.541667,11.291667,11.416667,8.406332,1377900
1997-04-07,11.458333,11.666667,11.458333,11.666667,8.590408,1872600
1997-04-08,11.666667,11.666667,11.458333,11.666667,8.590408,752700
1997-04-09,11.625,11.791667,11.541667,11.583333,8.529051,1117800
1997-04-10,11.541667,11.583333,11.5,11.5,8.46769,386100
1997-04-11,11.458333,11.5,11.125,11.166667,8.222252,907200
1997-04-14,11.125,11.166667,11.041667,11.041667,8.130209,456900
1997-04-15,11.083333,11.291667,11.083333,11.166667,8.222252,813600
1997-04-16,11.125,11.208333,11.041667,11.083333,8.160891,681300
1997-04-17,11.083333,11.666667,11.083333,11.291667,8.314294,1056600
1997-04-18,11.333333,11.583333,11.333333,11.583333,8.529051,1461600
1997-04-21,11.583333,11.791667,11.583333,11.75,8.65177,1240800
1997-04-22,11.75,11.75,11.583333,11.708333,8.621093,731700
1997-04-23,11.666667,11.666667,11.541667,11.541667,8.498373,575100
1997-04-24,11.541667,11.583333,11.458333,11.5,8.46769,345300
1997-04-25,11.5,11.5,11.416667,11.416667,8.406332,118200
1997-04-28,11.458333,11.458333,11.291667,11.333333,8.344972,309600
1997-04-29,11.541667,11.833333,11.458333,11.625,8.559733,1572900
1997-04-30,11.625,12.125,11.583333,12.041667,8.866529,1600500
1997-05-01,12.041667,12.25,12.041667,12.25,9.019933,809700
1997-05-02,12.208333,12.625,12.208333,12.541667,9.254839,460500
1997-05-05,12.583333,12.583333,12.375,12.541667,9.254839,393300
1997-05-06,12.458333,12.541667,12.333333,12.375,9.131851,267000
1997-05-07,12.416667,12.416667,12.25,12.25,9.039612,371400
1997-05-08,12.25,12.333333,12.25,12.291667,9.070356,213300
1997-05-09,12.333333,12.666667,12.333333,12.666667,9.347082,322200
1997-05-12,12.75,12.916667,12.75,12.833333,9.470065,208800
1997-05-13,13.0,13.291667,13.0,13.125,9.685295,932700
1997-05-14,13.208333,13.333333,13.166667,13.291667,9.808282,459300
1997-05-15,11.75,12.458333,11.625,12.125,8.947371,8831700
1997-05-16,12.083333,12.25,11.666667,11.666667,8.609148,3872400
1997-05-19,11.666667,11.666667,11.458333,11.541667,8.516913,1694700
1997-05-20,11.458333,11.625,11.375,11.541667,8.516913,1386900
1997-05-21,11.5,11.5,11.041667,11.083333,8.178694,3869400
1997-05-22,10.958333,10.958333,10.416667,10.458333,7.717493,4376700
1997-05-23,10.5,10.916667,10.5,10.875,8.024958,4154100
1997-05-27,10.791667,10.833333,10.5,10.5,7.748236,2671200
1997-05-28,10.541667,10.583333,10.5,10.541667,7.778989,3572100
1997-05-29,10.75,10.791667,10.416667,10.541667,7.778989,3998700
1997-05-30,10.416667,10.833333,10.166667,10.708333,7.90197,6501000
1997-06-02,10.791667,10.916667,10.708333,10.75,7.93272,1593900
1997-06-03,10.833333,11.083333,10.666667,11.083333,8.178694,3347700
1997-06-04,11.083333,11.083333,10.541667,10.541667,7.778989,3441900
1997-06-05,10.583333,10.583333,10.291667,10.458333,7.717493,935100
1997-06-06,10.333333,10.583333,10.208333,10.583333,7.809732,3511500
1997-06-09,10.583333,10.75,10.541667,10.583333,7.809732,1364700
1997-06-10,10.666667,10.791667,10.625,10.708333,7.90197,795900
1997-06-11,10.791667,11.333333,10.75,11.208333,8.270935,1710900
1997-06-12,11.125,11.333333,11.125,11.333333,8.363179,704100
1997-06-13,11.416667,11.708333,11.416667,11.666667,8.609148,1136100
1997-06-16,11.666667,11.708333,11.375,11.416667,8.424672,306300
1997-06-17,11.333333,11.708333,11.0,11.25,8.301684,1296000
1997-06-18,11.166667,11.875,11.166667,11.75,8.670645,1896600
1997-06-19,11.916667,12.333333,11.833333,12.041667,8.885873,1511700
1997-06-20,12.083333,12.458333,12.041667,12.333333,9.101103,1372800
1997-06-23,12.333333,12.333333,12.041667,12.041667,8.885873,1016100
1997-06-24,12.25,12.25,12.0,12.0625,8.901248,730200
1997-06-25,12.0625,12.208333,12.0,12.083333,8.916623,876300
1997-06-26,12.0,12.125,12.0,12.041667,8.885873,429300
1997-06-27,12.0,12.208333,12.0,12.166667,8.978115,383700
1997-06-30,12.145833,12.666667,12.145833,12.583333,9.285589,1184700
1997-07-01,12.645833,12.75,12.541667,12.645833,9.331706,1150500
1997-07-02,12.666667,13.083333,12.604167,13.083333,9.65455,912600
1997-07-03,13.270833,13.458333,13.0625,13.458333,9.931275,1618200
1997-07-07,13.375,13.375,12.583333,12.6875,9.362453,1439400
1997-07-08,12.6875,12.6875,11.791667,11.791667,8.701396,1263600
1997-07-09,11.8125,12.041667,11.25,11.25,8.301684,1344000
1997-07-10,11.166667,11.645833,11.145833,11.395833,8.409294,2493900
1997-07-11,11.479167,11.666667,11.375,11.666667,8.609148,2361900
1997-07-14,11.645833,11.8125,11.645833,11.729167,8.655271,1371900
1997-07-15,11.75,11.75,10.875,11.395833,8.409294,4230900
1997-07-16,11.3125,11.541667,11.125,11.166667,8.240189,2344800
1997-07-17,11.041667,11.166667,10.916667,11.166667,8.240189,1866300
1997-07-18,11.125,11.125,10.875,10.9375,8.071081,1864800
1997-07-21,10.9375,11.25,10.9375,11.166667,8.240189,948000
1997-07-22,11.166667,11.9375,11.125,11.916667,8.793634,1505100
1997-07-23,12.0,12.1875,11.770833,11.833333,8.732138,1404000
1997-07-24,11.854167,11.854167,11.541667,11.75,8.670645,662100
1997-07-25,11.8125,11.854167,11.520833,11.583333,8.547658,471900
1997-07-28,11.604167,11.75,11.583333,11.645833,8.593781,796800
1997-07-29,11.666667,12.104167,11.625,12.104167,8.931996,874800
1997-07-30,12.041667,12.416667,11.958333,12.333333,9.101103,1338600
1997-07-31,12.333333,12.395833,12.166667,12.270833,9.054987,1593600
1997-08-01,12.229167,12.291667,11.895833,11.916667,8.812788,617400
1997-08-04,11.916667,12.166667,11.854167,12.041667,8.905229,670500
1997-08-05,11.958333,12.166667,11.958333,12.104167,8.951447,555300
1997-08-06,12.145833,12.583333,12.104167,12.5,9.244182,1415100
1997-08-07,12.541667,12.666667,12.458333,12.5,9.244182,1074600
1997-08-08,12.416667,12.416667,11.958333,12.125,8.966855,1410600
1997-08-11,12.125,12.375,12.104167,12.375,9.151742,666900
1997-08-12,12.25,12.3125,12.1875,12.208333,9.028481,727200
1997-08-13,12.291667,12.3125,11.916667,12.0,8.874414,2702700
1997-08-14,12.0,12.125,11.833333,11.875,8.781972,1251000
1997-08-15,11.875,11.916667,11.75,11.916667,8.812788,1100400
1997-08-18,11.8125,11.8125,11.520833,11.666667,8.627905,961800
1997-08-19,11.708333,13.125,11.6875,13.0,9.613948,3816300
1997-08-20,12.541667,12.541667,12.020833,12.125,8.966855,3296100
1997-08-21,12.3125,13.666667,12.291667,13.375,9.891273,6766200
1997-08-22,13.0,13.395833,12.625,13.083333,9.675575,4458000
1997-08-25,12.833333,13.0625,12.6875,12.958333,9.583137,1824600
1997-08-26,12.958333,12.958333,12.541667,12.604167,9.321214,1454100
1997-08-27,12.666667,12.666667,12.416667,12.479167,9.22878,1294800
1997-08-28,12.5625,13.5,12.541667,13.125,9.706388,3748500
1997-08-29,13.208333,13.416667,12.729167,12.875,9.52151,2096400
1997-09-02,12.895833,13.083333,12.833333,13.020833,9.629354,1262700
1997-09-03,12.9375,13.0,12.833333,13.0,9.613948,1559100
1997-09-04,12.958333,13.25,12.854167,13.0625,9.660174,2333100
1997-09-05,13.104167,13.125,12.916667,13.0,9.613948,2848200
1997-09-08,12.9375,13.0625,12.854167,12.979167,9.598543,1137300
1997-09-09,13.041667,13.041667,12.75,12.854167,9.506102,1446300
1997-09-10,12.875,12.895833,12.583333,12.583333,9.305808,1214100
1997-09-11,12.75,12.75,12.5625,12.625,9.336622,1753800
1997-09-12,12.708333,12.708333,12.333333,12.458333,9.213367,937200
1997-09-15,12.5,12.8125,12.4375,12.625,9.336622,1077900
1997-09-16,12.958333,13.270833,12.833333,13.229167,9.783423,2146200
1997-09-17,13.5,13.729167,13.4375,13.666667,10.106978,2913900
1997-09-18,13.729167,13.791667,13.5,13.666667,10.106978,2096400
1997-09-19,13.666667,14.041667,13.666667,14.020833,10.368889,1988400
1997-09-22,14.020833,14.145833,13.75,14.0,10.353481,1738500
1997-09-23,14.041667,14.458333,13.958333,14.458333,10.692433,2763600
1997-09-24,14.791667,14.916667,14.583333,14.8125,10.954358,4350600
1997-09-25,14.666667,14.666667,14.416667,14.5,10.723251,2601300
1997-09-26,14.520833,15.0,14.5,14.895833,11.015986,1905900
1997-09-29,14.916667,15.125,14.916667,15.104167,11.170057,1158300
1997-09-30,15.104167,15.25,15.020833,15.25,11.277904,1226100
1997-10-01,15.229167,15.541667,14.958333,15.291667,11.308713,3043200
1997-10-02,15.208333,15.208333,14.958333,15.1875,11.231682,1223700
1997-10-03,15.270833,15.416667,15.208333,15.416667,11.401155,2525700
1997-10-06,15.375,15.5625,15.375,15.5625,11.509007,1479900
1997-10-07,15.479167,15.541667,15.354167,15.541667,11.493596,965400
1997-10-08,15.458333,15.5,15.3125,15.333333,11.339529,1177500
1997-10-09,15.291667,15.645833,15.270833,15.458333,11.431967,1692900
1997-10-10,15.395833,15.395833,15.270833,15.354167,11.354941,797400
1997-10-13,15.416667,15.708333,15.395833,15.6875,11.601449,1106400
1997-10-14,15.875,16.104168,15.8125,15.854167,11.724703,1653900
1997-10-15,15.520833,15.6875,15.395833,15.604167,11.539819,1042200
1997-10-16,16.166668,16.520832,15.958333,16.25,12.017439,4991100
1997-10-17,16.25,16.25,15.916667,16.0,11.832548,2262900
1997-10-20,15.979167,16.0,15.833333,15.895833,11.75552,697200
1997-10-21,15.875,16.083332,15.875,16.083332,11.894176,697500
1997-10-22,16.145832,16.145832,15.958333,16.020832,11.847959,1098600
1997-10-23,15.791667,15.8125,15.625,15.6875,11.601449,843300
1997-10-24,15.770833,15.854167,15.729167,15.833333,11.709295,1498500
1997-10-27,15.6875,15.708333,14.75,14.75,10.908128,747000
1997-10-28,14.0,15.083333,14.0,15.041667,11.123831,2206200
1997-10-29,15.25,15.666667,15.0,15.604167,11.539819,981600
1997-10-30,15.166667,15.229167,14.708333,15.0,11.093019,552300
1997-10-31,15.041667,15.291667,15.041667,15.208333,11.267125,822000
1997-11-03,15.208333,15.354167,15.104167,15.354167,11.375157,609600
1997-11-04,15.333333,15.333333,15.041667,15.104167,11.189949,708900
1997-11-05,15.041667,15.625,15.041667,15.583333,11.544938,878100
1997-11-06,15.666667,15.8125,15.583333,15.770833,11.683849,496500
1997-11-07,15.625,15.625,15.354167,15.5,11.4832,640800
1997-11-10,15.479167,15.5625,15.416667,15.416667,11.421462,759300
1997-11-11,15.395833,15.645833,15.395833,15.4375,11.436897,410700
1997-11-12,15.395833,15.395833,15.145833,15.145833,11.220813,300300
1997-11-13,15.145833,15.145833,14.6875,14.875,11.020168,245100
1997-11-14,14.791667,14.8125,14.479167,14.708333,10.896691,660900
1997-11-17,14.666667,15.229167,14.666667,15.1875,11.251684,517200
1997-11-18,15.1875,15.375,15.166667,15.333333,11.359722,508800
1997-11-19,15.354167,15.583333,15.333333,15.5,11.4832,891300
1997-11-20,15.5625,15.9375,15.5625,15.791667,11.69928,905100
1997-11-21,15.833333,15.833333,15.5625,15.583333,11.544938,739500
1997-11-24,15.625,15.625,15.25,15.25,11.297986,299700
1997-11-25,15.3125,15.3125,15.083333,15.083333,11.174511,1125000
1997-11-26,15.083333,15.3125,15.083333,15.208333,11.267125,623100
1997-11-28,15.270833,15.270833,15.104167,15.104167,11.189949,150000
1997-12-01,15.104167,15.645833,15.104167,15.520833,11.498632,434400
1997-12-02,15.4375,15.875,15.4375,15.8125,11.714718,933600
1997-12-03,16.0,16.1875,15.958333,16.020832,11.869056,926100
1997-12-04,16.0,16.125,15.729167,16.0625,11.899929,496800
1997-12-05,16.0625,16.125,15.958333,16.125,11.946234,904800
1997-12-08,16.166668,16.666668,16.166668,16.3125,12.085144,886500
1997-12-09,16.3125,16.333332,16.083332,16.104168,11.930797,327300
1997-12-10,16.083332,16.104168,15.479167,15.708333,11.637547,538200
1997-12-11,15.645833,15.645833,15.333333,15.541667,11.514067,529200
1997-12-12,15.625,15.875,15.520833,15.770833,11.683849,474900
1997-12-15,15.8125,16.104168,15.8125,16.104168,11.930797,623100
1997-12-16,16.166668,16.604168,16.145832,16.583332,12.28579,1395000
1997-12-17,16.604168,16.854168,16.083332,16.104168,11.930797,1430100
1997-12-18,16.1875,16.375,16.125,16.3125,12.085144,1101600
1997-12-19,16.333332,16.333332,16.125,16.145832,11.961667,762000
1997-12-22,16.770832,16.958332,16.666668,16.75,12.409268,2445000
1997-12-23,17.083332,17.854168,17.083332,17.3125,12.825996,2975700
1997-12-24,17.3125,17.333332,17.125,17.1875,12.73339,755700
1997-12-26,17.1875,17.333332,17.0,17.270832,12.795126,391500
1997-12-29,17.25,17.5625,17.145832,17.4375,12.918602,776700
1997-12-30,17.354168,17.958332,17.1875,17.958332,13.30446,920700
1997-12-31,17.895832,18.104168,17.8125,18.0625,13.381629,266700
1998-01-02,18.0625,18.4375,18.0625,18.083332,13.39706,1390800
1998-01-05,18.020832,18.125,17.833332,18.0,13.335321,1589100
1998-01-06,18.0,18.229168,17.916668,18.145832,13.443369,2449200
1998-01-07,17.875,17.979168,17.625,17.666668,13.088379,723300
1998-01-08,17.625,17.8125,17.5625,17.6875,13.103813,594900
1998-01-09,17.6875,17.895832,17.416668,17.4375,12.918602,802800
1998-01-12,17.166668,17.645832,16.854168,17.625,13.057509,1164600
1998-01-13,17.645832,17.979168,17.541668,17.979168,13.319899,710400
1998-01-14,18.0,18.354168,18.0,18.354168,13.597718,1422000
1998-01-15,18.916668,19.854168,18.8125,19.854168,14.708987,2665800
1998-01-16,19.916668,20.166668,19.666668,19.895832,14.739859,2294700
1998-01-20,19.979168,20.3125,19.666668,20.25,15.002238,1380300
1998-01-21,20.0625,20.0625,19.583332,19.958332,14.786155,969600
1998-01-22,19.875,19.875,19.291668,19.354168,14.338566,1515600
1998-01-23,19.416668,19.520832,19.0,19.083332,14.137923,683100
1998-01-26,19.166668,19.854168,19.166668,19.770832,14.647245,813600
1998-01-27,19.770832,20.75,19.729168,20.520832,15.202894,1502700
1998-01-28,20.520832,21.5,20.520832,21.020832,15.57332,2019300
1998-01-29,21.0625,22.291668,20.6875,21.770832,16.128958,1152900
1998-01-30,21.854168,22.041668,21.666668,21.708332,16.082651,897900
1998-02-02,21.708332,22.125,21.708332,22.0625,16.345047,683100
1998-02-03,22.145832,22.291668,21.625,21.666668,16.051792,775800
1998-02-04,21.604168,21.833332,21.604168,21.708332,16.082651,705000
1998-02-05,21.770832,21.770832,21.375,21.4375,15.901546,465600
1998-02-06,21.416668,21.666668,21.416668,21.541668,15.978807,518700
1998-02-09,21.604168,22.458332,21.583332,22.333332,16.566042,916800
1998-02-10,22.395832,22.520832,22.229168,22.416668,16.627855,590700
1998-02-11,22.333332,22.375,22.208332,22.25,16.504223,507900
1998-02-12,22.291668,22.3125,21.9375,22.0,16.318783,643500
1998-02-13,21.979168,22.083332,21.583332,21.625,16.040623,426900
1998-02-17,21.770832,23.208332,21.770832,22.708332,16.844194,1730400
1998-02-18,22.833332,23.458332,22.833332,23.166668,17.18417,1494600
1998-02-19,23.166668,23.395832,23.020832,23.354168,17.323257,579000
1998-02-20,23.333332,23.395832,23.0625,23.145832,17.168709,715800
1998-02-23,23.1875,23.25,22.458332,22.541668,16.720564,636300
1998-02-24,22.604168,22.75,22.541668,22.5625,16.736025,373500
1998-02-25,22.5625,22.5625,22.25,22.479168,16.674212,608700
1998-02-26,22.479168,22.833332,22.479168,22.479168,16.674212,1238100
1998-02-27,22.416668,22.479168,21.9375,22.395832,16.612391,866700
1998-03-02,22.416668,22.479168,22.291668,22.333332,16.566042,458700
1998-03-03,22.3125,22.375,22.166668,22.333332,16.566042,358500
1998-03-04,22.25,22.375,21.833332,21.958332,16.287865,610200
1998-03-05,21.375,21.75,21.375,21.520832,15.963355,1022100
1998-03-06,21.520832,23.041668,21.520832,23.020832,17.075998,1097700
1998-03-09,22.958332,23.479168,22.833332,23.041668,17.09145,993600
1998-03-10,23.125,23.833332,23.083332,23.75,17.616869,701400
1998-03-11,24.166668,24.8125,24.145832,24.729168,18.34318,928800
1998-03-12,24.6875,25.875,24.6875,25.770832,19.115845,1367700
1998-03-13,25.770832,26.395832,25.3125,25.895832,19.208569,946800
1998-03-16,25.875,26.0,25.479168,25.604168,18.992222,879300
1998-03-17,25.625,25.645832,25.333332,25.5,18.914942,659100
1998-03-18,25.458332,25.875,25.333332,25.729168,19.084951,528300
1998-03-19,25.8125,26.166668,25.770832,25.791668,19.131292,360300
1998-03-20,25.541668,25.791668,25.4375,25.729168,19.084951,270600
1998-03-23,25.541668,25.770832,25.375,25.375,18.822241,279000
1998-03-24,25.375,25.958332,25.375,25.8125,19.146759,458400
1998-03-25,25.791668,26.395832,25.5,25.5,18.914942,801900
1998-03-26,25.583332,27.125,25.583332,26.916668,19.965788,1660800
1998-03-27,27.083332,27.291668,26.125,26.125,19.378557,1623300
1998-03-30,26.166668,26.625,26.166668,26.354168,19.548546,766200
1998-03-31,26.5625,26.729168,26.270832,26.291668,19.502182,627000
1998-04-01,27.583332,28.333332,27.4375,28.270832,20.970251,1597800
1998-04-02,28.541668,28.833332,28.25,28.25,20.954796,873300
1998-04-03,28.333332,29.229168,28.1875,29.083332,21.572939,1345200
1998-04-06,29.083332,29.854168,29.083332,29.6875,22.021088,1167600
1998-04-07,29.916668,29.979168,29.083332,29.3125,21.742922,1355100
1998-04-08,29.3125,29.4375,28.5,28.770832,21.341127,624000
1998-04-09,28.770832,29.395832,28.770832,29.229168,21.681124,1029600
1998-04-13,29.3125,30.145832,29.291668,30.125,22.345602,1395900
1998-04-14,30.166668,30.416668,29.666668,30.0,22.252884,1118400
1998-04-15,30.0,30.0625,29.25,29.416668,21.82019,2071200
1998-04-16,31.0,32.4375,30.833332,32.4375,24.060932,3265500
1998-04-17,32.333332,33.5625,32.0,33.229168,24.648165,1667400
1998-04-20,33.270832,33.458332,33.083332,33.166668,24.601803,1468500
1998-04-21,33.25,33.645832,33.166668,33.625,24.941782,1136100
1998-04-22,33.583332,34.979168,33.5625,34.729168,25.76079,1421700
1998-04-23,34.666668,34.729168,33.041668,33.208332,24.632704,1406700
1998-04-24,33.1875,33.916668,32.0,32.3125,23.96821,1540800
1998-04-27,30.666668,30.895832,29.041668,30.458332,22.592859,2478600
1998-04-28,31.0,31.520832,30.333332,30.583332,22.685575,1707000
1998-04-29,30.604168,30.8125,30.604168,30.708332,22.778305,456300
1998-04-30,31.666668,32.083332,31.333332,32.020832,23.751865,1640100
1998-05-01,32.041668,32.4375,32.041668,32.25,23.92186,618900
1998-05-04,32.229168,32.875,32.229168,32.625,24.20001,1078200
1998-05-05,32.604168,32.604168,31.791668,32.375,24.03422,669000
1998-05-06,32.458332,32.645832,31.0,31.5,23.384647,925200
1998-05-07,31.520832,31.583332,30.916668,31.1875,23.152655,516600
1998-05-08,31.25,32.041668,31.229168,31.708332,23.539305,498900
1998-05-11,31.708332,32.5,31.708332,31.8125,23.616642,719100
1998-05-12,31.791668,32.104168,31.416668,32.0,23.755823,522000
1998-05-13,32.0,33.25,32.0,32.875,24.405401,4505400
1998-05-14,32.875,33.416668,32.583332,33.0,24.49819,1224900
1998-05-15,33.0,33.166668,32.854168,32.979168,24.482731,379500
1998-05-18,33.145832,33.645832,33.145832,33.541668,24.90032,833700
1998-05-19,33.5625,34.083332,33.5625,33.625,24.962189,1024500
1998-05-20,33.75,33.895832,33.25,33.770832,25.070435,727500
1998-05-21,33.9375,34.208332,33.895832,34.083332,25.302423,720900
1998-05-22,34.104168,34.416668,33.895832,33.895832,25.163233,585300
1998-05-26,33.9375,34.291668,32.833332,33.0,24.49819,858300
1998-05-27,32.583332,33.166668,32.5625,33.145832,24.606451,1384200
1998-05-28,33.0625,33.604168,32.875,32.916668,24.436333,963600
1998-05-29,33.083332,33.333332,33.0,33.270832,24.699261,337200
1998-06-01,33.333332,33.333332,32.958332,33.145832,24.606451,460500
1998-06-02,33.291668,33.458332,33.0,33.1875,24.637386,583800
1998-06-03,33.229168,34.166668,33.229168,33.520832,24.884844,1536900
1998-06-04,33.604168,34.208332,33.166668,33.916668,25.178696,1164000
1998-06-05,33.958332,34.208332,33.916668,34.166668,25.364302,1118100
1998-06-08,34.291668,34.3125,33.8125,34.041668,25.2715,1067100
1998-06-09,34.0,34.041668,33.875,33.979168,25.225098,805500
1998-06-10,33.854168,33.854168,33.583332,33.791668,25.085901,646200
1998-06-11,33.791668,33.875,33.666668,33.666668,24.993111,565500
1998-06-12,33.875,34.958332,33.875,34.458332,25.580812,3055800
1998-06-15,34.416668,34.416668,33.75,33.75,25.054977,1587600
1998-06-16,33.833332,33.979168,33.25,33.75,25.054977,953700
1998-06-17,33.854168,34.916668,33.854168,34.75,25.797338,878400
1998-06-18,34.708332,35.833332,34.625,35.708332,26.508783,724800
1998-06-19,35.333332,35.458332,34.875,35.125,26.07572,1337400
1998-06-22,35.583332,36.458332,35.479168,36.229168,26.895428,907500
1998-06-23,36.5625,36.854168,36.25,36.854168,27.359426,646800
1998-06-24,38.833332,38.916668,38.166668,38.291668,28.426573,2889000
1998-06-25,38.375,38.833332,38.291668,38.645832,28.689508,2402100
1998-06-26,38.8125,39.125,38.666668,38.958332,28.921492,1164000
1998-06-29,38.9375,39.875,38.9375,39.854168,29.58651,1769400
1998-06-30,40.166668,41.791668,40.0,41.395832,30.731014,11581200
1998-07-01,41.25,41.833332,40.666668,41.791668,31.02487,3197400
1998-07-02,41.833332,42.125,40.666668,41.0,30.437151,1927500
1998-07-06,41.0,41.3125,40.895832,41.020832,30.452618,1239600
1998-07-07,41.125,41.854168,40.666668,41.604168,30.885666,1288200
1998-07-08,41.645832,42.4375,41.625,42.4375,31.504307,1425600
1998-07-09,42.354168,43.3125,42.125,42.6875,31.689919,2562600
1998-07-10,42.666668,42.791668,41.791668,42.333332,31.426975,1897200
1998-07-13,42.104168,42.104168,41.625,41.875,31.08672,902100
1998-07-14,41.958332,42.916668,41.708332,42.854168,31.813643,1487400
1998-07-15,42.854168,42.854168,42.1875,42.375,31.457918,916200
1998-07-16,42.6875,43.125,41.541668,41.5625,30.854727,2362500
1998-07-17,41.5625,41.645832,40.125,41.375,30.715561,2808600
1998-07-20,41.333332,41.333332,40.6875,40.895832,30.359838,1350900
1998-07-21,40.895832,40.895832,39.583332,39.583332,29.385458,1208400
1998-07-22,39.083332,39.125,38.166668,38.75,28.766813,1641000
1998-07-23,38.666668,39.4375,38.4375,38.625,28.674026,792300
1998-07-24,38.708332,38.791668,37.041668,37.666668,27.962587,1206600
1998-07-27,37.333332,37.958332,36.875,37.958332,28.179119,1298700
1998-07-28,38.041668,38.125,36.5,36.666668,27.220198,1620600
1998-07-29,36.6875,36.833332,36.458332,36.708332,27.251148,963600
1998-07-30,37.083332,38.625,36.916668,38.4375,28.53483,1185900
1998-07-31,38.604168,39.0,38.041668,38.6875,28.720425,1144500
1998-08-03,38.375,38.4375,37.583332,37.604168,27.916195,941100
1998-08-04,37.729168,37.979168,36.25,36.645832,27.204762,1465800
1998-08-05,37.166668,37.791668,36.541668,36.854168,27.359426,2256600
1998-08-06,36.854168,37.604168,36.666668,37.4375,27.792459,858300
1998-08-07,37.520832,38.5625,37.4375,37.833332,28.086323,793800
1998-08-10,37.75,39.0,37.666668,38.875,28.859613,1090200
1998-08-11,38.333332,38.625,37.854168,38.020832,28.244904,1416000
1998-08-12,38.25,38.583332,38.083332,38.083332,28.291328,1283700
1998-08-13,38.083332,38.520832,38.0,38.041668,28.260387,676500
1998-08-14,38.25,38.604168,37.854168,38.020832,28.244904,1461000
1998-08-17,38.020832,38.541668,38.020832,38.479168,28.585371,1021800
1998-08-18,38.541668,39.4375,38.5,39.375,29.250864,1406700
1998-08-19,39.354168,39.604168,39.041668,39.291668,29.188959,1199100
1998-08-20,39.3125,39.9375,38.958332,39.541668,29.374676,920100
1998-08-21,39.375,39.375,37.5,38.541668,28.631815,1674600
1998-08-24,38.5,39.333332,38.5,38.791668,28.817545,793800
1998-08-25,39.104168,40.125,38.958332,39.791668,29.560411,1183800
1998-08-26,39.479168,39.541668,38.895832,38.979168,28.95682,1022100
1998-08-27,38.895832,38.916668,35.270832,35.8125,26.604351,3419100
1998-08-28,35.875,36.0,33.416668,34.8125,25.861488,4455300
1998-08-31,34.895832,35.166668,29.0,29.166668,21.667311,5966700
1998-09-01,29.8125,31.1875,27.75,31.020832,23.044741,3766800
1998-09-02,30.9375,31.520832,30.333332,31.145832,23.137592,3179100
1998-09-03,30.833332,31.166668,30.166668,30.333332,22.534004,2835600
1998-09-04,30.333332,30.375,27.916668,28.854168,21.435162,2501700
1998-09-08,31.666668,31.666668,30.020832,31.0,23.029257,2989800
1998-09-09,31.0,31.666668,30.020832,30.020832,22.301849,1964100
1998-09-10,29.5,29.5,27.666668,28.0,20.800615,2391300
1998-09-11,28.083332,30.75,27.833332,30.5,22.657822,3913500
1998-09-14,31.666668,32.3125,31.333332,31.354168,23.292355,2098500
1998-09-15,32.0,35.395832,31.916668,34.8125,25.861488,4195200
1998-09-16,34.895832,36.541668,34.854168,36.5,27.115088,3654000
1998-09-17,35.166668,35.270832,33.979168,34.645832,25.737667,2300100
1998-09-18,34.833332,35.875,34.6875,35.666668,26.496029,1565700
1998-09-21,34.666668,36.0,34.625,35.8125,26.604351,2013300
1998-09-22,35.895832,37.166668,35.895832,36.395832,27.037693,1539900
1998-09-23,36.479168,38.333332,36.479168,38.0625,28.275824,1742700
1998-09-24,38.0625,38.520832,37.416668,37.583332,27.919876,2246400
1998-09-25,37.166668,37.333332,36.020832,37.125,27.579393,1368600
1998-09-28,37.208332,38.333332,36.833332,37.333332,27.734161,963300
1998-09-29,37.354168,37.875,36.833332,37.083332,27.548433,1279800
1998-09-30,36.708332,36.708332,34.333332,34.354168,25.521009,1634100
1998-10-01,33.0,33.625,29.25,30.333332,22.534004,3231300
1998-10-02,29.916668,32.458332,28.5,32.208332,23.926903,5322000
1998-10-05,30.416668,30.75,28.5,30.166668,22.410192,3235500
1998-10-06,30.0,31.333332,27.166668,28.333332,21.048235,4396800
1998-10-07,28.0,28.0,20.583332,22.333332,16.590965,10114500
1998-10-08,20.666668,21.083332,17.25,20.6875,15.368318,10429800
1998-10-09,21.333332,24.666668,18.166668,23.541668,17.488621,9795600
1998-10-12,24.333332,25.5,22.166668,23.75,17.643381,6183600
1998-10-13,23.75,25.895832,23.208332,24.5,18.200544,8670900
1998-10-14,24.583332,26.208332,24.354168,25.291668,18.788649,3540300
1998-10-15,25.375,29.166668,25.166668,28.979168,21.528019,4447500
1998-10-16,29.75,30.0,28.666668,29.208332,21.698261,5145600
1998-10-19,29.833332,31.333332,29.791668,31.333332,23.276873,2803500
1998-10-20,31.3125,31.708332,28.9375,30.541668,22.688778,3699300
1998-10-21,31.0,32.3125,30.333332,31.145832,23.137592,3969000
1998-10-22,31.333332,31.854168,30.166668,31.833332,23.648325,2218200
1998-10-23,31.916668,33.333332,31.125,32.0,23.772137,2057100
1998-10-26,32.020832,32.020832,30.854168,31.0,23.029257,2515500
1998-10-27,31.166668,31.625,30.0625,30.354168,22.549479,2373600
1998-10-28,30.041668,31.104168,29.666668,31.0,23.029257,1484400
1998-10-29,31.25,32.208332,31.0,31.958332,23.74118,2019000
1998-10-30,32.458332,34.291668,32.291668,33.916668,25.19598,1961400
1998-11-02,33.979168,34.541668,32.375,32.6875,24.282866,3252300
1998-11-03,33.041668,33.3125,32.1875,32.270832,23.973339,2740800
1998-11-04,32.833332,33.5,32.6875,33.229168,24.685257,1878000
1998-11-05,33.166668,35.875,32.791668,35.666668,26.496029,2518200
1998-11-06,35.25,36.458332,35.25,35.8125,26.604351,2223900
1998-11-09,35.708332,35.729168,33.6875,34.020832,25.273359,2109600
1998-11-10,33.833332,34.458332,33.0,33.020832,24.549726,1957800
1998-11-11,33.333332,33.5,31.0,32.375,24.069592,2214300
1998-11-12,32.291668,32.666668,31.666668,32.166668,23.914692,1057800
1998-11-13,32.166668,34.208332,32.166668,33.9375,25.231241,1657800
1998-11-16,34.020832,34.625,33.208332,33.208332,24.689135,1101600
1998-11-17,33.166668,35.666668,33.166668,35.395832,26.315458,2718600
1998-11-18,35.395832,35.833332,34.125,34.1875,25.417107,1302000
1998-11-19,34.104168,34.895832,33.75,34.104168,25.35516,1109400
1998-11-20,34.520832,35.166668,34.395832,34.666668,25.773346,1027200
1998-11-23,35.041668,38.333332,34.791668,38.333332,28.499378,2305200
1998-11-24,37.833332,38.041668,36.875,37.0,27.508097,1622700
1998-11-25,36.979168,37.104168,36.125,36.645832,27.244801,901500
1998-11-27,36.666668,37.6875,36.666668,37.166668,27.632002,525900
1998-11-30,37.0,37.5,36.270832,36.666668,27.260252,1032900
1998-12-01,36.020832,36.416668,35.270832,35.958332,26.733646,1543200
1998-12-02,35.875,36.479168,35.541668,35.541668,26.42388,725100
1998-12-03,35.583332,36.166668,34.770832,35.0625,26.067633,870600
1998-12-04,35.458332,36.583332,35.458332,36.375,27.043427,996300
1998-12-07,36.291668,38.0,36.291668,37.583332,27.941772,947100
1998-12-08,37.0,37.0,35.166668,35.666668,26.516813,3159000
1998-12-09,35.833332,36.229168,35.458332,35.583332,26.454857,1231200
1998-12-10,35.583332,35.645832,33.833332,33.9375,25.231241,1690500
1998-12-11,33.979168,34.083332,32.625,33.625,24.998922,2276100
1998-12-14,33.5625,34.375,33.5625,33.895832,25.200264,1110900
1998-12-15,34.25,35.979168,33.916668,35.791668,26.609747,1653600
1998-12-16,35.875,36.3125,34.833332,35.958332,26.733646,1236300
1998-12-17,36.166668,38.0,36.166668,37.9375,28.205086,1995900
1998-12-18,37.5,40.083332,37.333332,39.895832,29.661041,2337300
1998-12-21,39.895832,41.8125,39.895832,40.645832,30.218649,1563900
1998-12-22,40.708332,40.791668,39.125,40.333332,29.986296,1099500
1998-12-23,40.416668,40.833332,39.25,40.666668,30.234129,758400
1998-12-24,40.583332,40.645832,40.083332,40.375,30.017267,165600
1998-12-28,40.458332,40.666668,39.875,40.229168,29.908861,337500
1998-12-29,39.6875,40.395832,39.4375,39.458332,29.335772,725700
1998-12-30,39.583332,39.979168,39.0,39.208332,29.1499,597900
1998-12-31,39.291668,39.6875,38.166668,38.333332,28.499378,598500
1999-01-04,38.666668,39.770832,38.166668,38.666668,28.747202,1847400
1999-01-05,39.041668,40.166668,39.0,39.645832,29.475172,937800
1999-01-06,40.666668,41.645832,40.666668,41.645832,30.962111,1705800
1999-01-07,41.166668,42.1875,40.791668,42.145832,31.333838,1539300
1999-01-08,42.666668,42.729168,40.854168,42.4375,31.550667,2104200
1999-01-11,42.479168,42.604168,41.0,42.166668,31.349319,1203300
1999-01-12,42.166668,44.166668,42.145832,42.895832,31.891403,1569900
1999-01-13,41.666668,43.291668,41.166668,42.791668,31.813988,2035500
1999-01-14,42.791668,43.145832,42.270832,42.395832,31.519682,1625100
1999-01-15,42.833332,43.666668,42.458332,43.479168,32.325104,1712100
1999-01-19,43.479168,43.833332,43.0,43.833332,32.588417,1471500
1999-01-20,44.666668,46.666668,44.458332,45.0,33.455799,1817100
1999-01-21,44.916668,44.9375,43.520832,43.666668,32.4645,967200
1999-01-22,43.333332,43.645832,42.8125,42.895832,31.891403,1587300
1999-01-25,42.854168,43.4375,42.854168,43.291668,32.185711,1184400
1999-01-26,42.958332,43.416668,42.166668,43.020832,31.984362,975600
1999-01-27,43.104168,44.166668,42.916668,43.833332,32.588417,1029900
1999-01-28,43.791668,43.979168,43.333332,43.541668,32.371578,1118400
1999-01-29,43.458332,44.270832,43.458332,44.125,32.805248,1050900
1999-02-01,44.041668,44.479168,43.895832,43.916668,32.650368,1072500
1999-02-02,43.416668,43.416668,41.166668,42.3125,31.457737,2282100
1999-02-03,42.229168,42.229168,40.166668,41.166668,30.605841,1627500
1999-02-04,41.166668,41.166668,39.0,39.166668,29.118921,1405200
1999-02-05,39.083332,39.645832,38.416668,38.479168,28.607794,1258200
1999-02-08,38.666668,38.833332,37.791668,38.25,28.457155,1331700
1999-02-09,37.916668,38.0,36.666668,37.0625,27.573669,1283700
1999-02-10,36.9375,37.916668,36.375,37.8125,28.131672,1083900
1999-02-11,37.833332,40.1875,37.75,39.8125,29.619617,2402100
1999-02-12,39.729168,42.291668,39.5,40.604168,30.208599,1982100
1999-02-16,40.958332,41.583332,39.791668,40.0,29.759108,874200
1999-02-17,39.416668,40.583332,38.916668,38.916668,28.953135,707100
1999-02-18,39.458332,40.479168,39.1875,39.979168,29.743597,1006800
1999-02-19,40.458332,41.9375,40.145832,41.291668,30.720079,1269900
1999-02-22,41.25,43.791668,41.208332,43.125,32.084042,1585200
1999-02-23,43.208332,44.333332,42.770832,44.1875,32.874496,1581900
1999-02-24,44.125,44.625,42.875,43.0,31.99103,1353900
1999-02-25,42.833332,42.875,40.333332,41.291668,30.720079,2559300
1999-02-26,42.125,43.5,41.770832,42.541668,31.650038,1491000
1999-03-01,42.291668,43.854168,42.291668,42.9375,31.94453,1512000
1999-03-02,42.875,44.791668,42.291668,44.1875,32.874496,1344000
1999-03-03,44.104168,44.604168,43.125,43.458332,32.33202,1426200
1999-03-04,43.375,44.583332,43.020832,44.270832,32.936508,1129500
1999-03-05,44.666668,45.583332,44.583332,45.270832,33.680508,1581600
1999-03-08,44.666668,45.0625,43.1875,44.4375,33.060501,2247600
1999-03-09,44.458332,45.5,44.208332,44.854168,33.370487,1698000
1999-03-10,44.791668,45.479168,44.25,45.291668,33.69598,837900
1999-03-11,45.291668,45.3125,44.229168,44.354168,32.998497,952800
1999-03-12,44.666668,45.083332,44.375,44.875,33.38599,555900
1999-03-15,44.958332,45.270832,44.3125,44.520832,33.122513,566400
1999-03-16,44.479168,44.479168,42.979168,43.333332,32.239044,1154700
1999-03-17,43.333332,43.333332,42.395832,42.5,31.619051,441000
1999-03-18,43.041668,45.625,42.875,45.458332,33.819984,1354200
1999-03-19,45.458332,45.833332,44.833332,44.979168,33.463486,1567800
1999-03-22,45.0,45.625,44.791668,45.083332,33.540981,886500
1999-03-23,44.833332,44.833332,42.4375,42.854168,31.882544,1361700
1999-03-24,43.333332,44.375,43.3125,44.333332,32.983009,1952100
1999-03-25,44.916668,46.0,44.791668,46.0,34.222969,1336500
1999-03-26,46.020832,47.979168,45.479168,47.854168,35.60244,2284200
1999-03-29,47.875,48.958332,47.833332,48.666668,36.206894,1738800
1999-03-30,48.6875,49.916668,48.666668,49.375,36.733894,1606500
1999-03-31,50.0,51.479168,49.833332,50.333332,37.446877,1913100
1999-04-01,50.979168,52.833332,50.5625,51.458332,38.283855,1778100
1999-04-05,52.0,52.416668,50.895832,51.458332,38.283855,1230900
1999-04-06,51.583332,51.666668,51.041668,51.3125,38.175354,1369200
1999-04-07,51.5,52.395832,51.479168,52.395832,38.981316,1305000
1999-04-08,52.333332,52.541668,51.666668,52.166668,38.810844,1352700
1999-04-09,52.104168,53.166668,51.5,52.958332,39.399818,769800
1999-04-12,52.645832,53.958332,52.229168,53.645832,39.911301,1407600
1999-04-13,53.333332,56.666668,53.3125,56.1875,41.802235,2355900
1999-04-14,57.333332,58.416668,56.666668,57.166668,42.530727,2391900
1999-04-15,57.0,57.0,53.041668,53.0625,39.477306,3023700
1999-04-16,53.333332,55.0,53.333332,54.666668,40.670776,1398600
1999-04-19,54.75,56.0,51.166668,51.166668,38.066856,1427100
1999-04-20,50.75,51.145832,49.020832,50.875,37.849861,2264400
1999-04-21,51.083332,54.333332,51.041668,53.979168,40.159271,1884900
1999-04-22,54.583332,55.604168,53.520832,55.208332,41.073746,1555800
1999-04-23,55.125,55.145832,54.354168,54.75,40.732769,508800
1999-04-26,54.958332,55.958332,54.75,54.958332,40.88776,595200
1999-04-27,55.458332,55.979168,54.333332,55.625,41.383762,1122300
1999-04-28,55.625,56.0,55.166668,55.333332,41.166756,1073700
1999-04-29,55.75,57.333332,55.583332,55.895832,41.585239,1280400
1999-04-30,58.333332,58.958332,56.729168,57.895832,43.073196,2687400
1999-05-03,58.25,58.833332,56.1875,56.666668,42.158726,1563900
1999-05-04,56.833332,57.375,55.895832,56.416668,41.972733,1532700
1999-05-05,56.458332,57.375,56.0625,57.270832,42.608215,1199100
1999-05-06,57.270832,57.270832,55.354168,56.25,41.848728,1693800
1999-05-07,56.4375,56.979168,55.916668,56.458332,42.003735,1094100
1999-05-10,56.333332,56.333332,55.041668,55.104168,40.996258,909600
1999-05-11,55.145832,58.125,55.145832,57.333332,42.675381,1569000
1999-05-12,57.291668,58.458332,56.520832,58.0,43.171597,997800
1999-05-13,58.0,60.25,57.8125,59.354168,44.179554,1012800
1999-05-14,58.25,58.25,55.5,56.520832,42.07058,1930200
1999-05-17,56.4375,57.3125,55.333332,57.083332,42.489285,1209300
1999-05-18,57.166668,58.333332,54.958332,55.5625,41.357273,2114700
1999-05-19,55.5625,56.3125,52.666668,54.729168,40.736984,3422400
1999-05-20,55.083332,56.729168,54.375,55.083332,41.000599,2065200
1999-05-21,54.916668,55.416668,53.041668,53.041668,39.480915,1600500
1999-05-24,52.666668,52.6875,46.0625,48.6875,36.239956,6651900
1999-05-25,49.333332,50.604168,48.875,49.375,36.751682,2770200
1999-05-26,49.3125,50.375,46.875,48.0,35.72821,3318300
1999-05-27,49.791668,51.083332,49.333332,49.666668,36.968773,3547800
1999-05-28,50.25,50.791668,49.979168,50.229168,37.387463,2644200
1999-06-01,50.875,52.6875,49.916668,52.604168,39.155266,2160600
1999-06-02,51.6875,53.0,50.6875,52.5625,39.124256,1218600
1999-06-03,52.75,53.5,51.3125,51.375,38.240349,1415200
1999-06-04,51.375,52.8125,51.375,52.5625,39.124256,970100
1999-06-07,52.5625,53.0625,51.875,52.5,39.077732,631500
1999-06-08,52.625,56.25,52.5625,55.0,40.938587,1119400
1999-06-09,56.0,57.625,54.9375,55.0,40.938587,1396800
1999-06-10,54.5,54.5,51.1875,53.25,39.635983,1923700
1999-06-11,52.75,53.5625,51.5,51.75,38.519493,1527600
1999-06-14,53.125,53.375,50.9375,51.0625,38.007755,1250700
1999-06-15,51.0625,51.625,50.375,50.5,37.58905,1277400
1999-06-16,51.1875,53.9375,51.1875,53.4375,39.775547,1286500
1999-06-17,53.0,53.8125,52.5625,53.25,39.635983,1087500
1999-06-18,53.125,54.125,52.75,53.5,39.822071,715600
1999-06-21,52.125,53.625,52.125,52.375,38.984695,1066100
1999-06-22,52.5625,53.25,51.625,52.6875,39.217316,598100
1999-06-23,52.875,52.875,49.5625,51.5,38.333412,990200
1999-06-24,51.25,51.25,49.6875,50.875,37.868195,664400
1999-06-25,51.0,51.5,50.0,50.8125,37.821663,432400
1999-06-28,51.0,51.25,50.875,51.0625,38.007755,719200
1999-06-29,51.0625,52.5,50.875,51.5625,38.379921,967000
1999-06-30,52.0625,55.6875,51.375,55.6875,41.450294,1603500
1999-07-01,54.0,55.9375,53.6875,55.75,41.496853,1326700
1999-07-02,55.5625,57.0625,55.3125,56.6875,42.194653,561100
1999-07-06,56.5625,57.75,56.125,56.625,42.148129,742500
1999-07-07,57.1875,57.8125,56.625,57.4375,42.752892,760300
1999-07-08,57.0,57.0,55.4375,56.0,41.682915,992100
1999-07-09,55.75,56.375,55.1875,55.375,41.217697,559500
1999-07-12,53.125,55.3125,53.125,55.0,40.938587,1206200
1999-07-13,53.75,54.25,53.375,53.375,39.729042,685200
1999-07-14,53.375,54.25,52.8125,52.8125,39.310341,657900
1999-07-15,45.25,49.25,44.6875,48.9375,36.426029,10258500
1999-07-16,49.0,50.5625,48.75,50.0625,37.263424,1913800
1999-07-19,50.125,50.125,47.0,47.9375,35.681698,1403200
1999-07-20,47.9375,47.9375,46.0,46.1875,34.379116,1111800
1999-07-21,46.0,46.5625,45.625,46.0,34.239555,1271600
1999-07-22,46.25,47.375,45.6875,46.5,34.611713,2000100
1999-07-23,46.5,47.5,46.1875,46.5,34.611713,1282500
1999-07-26,47.0,48.0625,46.625,47.25,35.169968,1545400
1999-07-27,47.25,47.9375,46.6875,47.875,35.635185,1527100
1999-07-28,48.0,49.125,47.8125,48.5625,36.146912,2004100
1999-07-29,48.125,48.75,47.25,48.0,35.72821,1665800
1999-07-30,48.25,48.5625,46.125,46.375,34.518677,749200
1999-08-02,46.4375,47.625,45.875,45.9375,34.193027,525000
1999-08-03,46.375,46.625,43.125,43.5625,32.425209,1081500
1999-08-04,41.0,42.1875,39.5625,39.8125,29.63394,1971500
1999-08-05,39.9375,42.9375,39.5,42.875,31.913464,1971900
1999-08-06,41.0,41.75,39.75,40.5625,30.192221,1426400
1999-08-09,41.25,41.5625,40.4375,40.6875,30.285252,1339800
1999-08-10,40.125,41.25,38.625,41.0625,30.585413,1418600
1999-08-11,41.3125,41.5,40.5,40.8125,30.399193,1131400
1999-08-12,40.75,41.9375,40.5625,40.625,30.259546,790200
1999-08-13,41.5,41.75,40.75,41.4375,30.864738,1154600
1999-08-16,42.25,42.4375,41.5625,42.0,31.283705,1228900
1999-08-17,44.5,44.625,43.3125,43.75,32.587219,2155600
1999-08-18,43.375,43.4375,41.8125,41.875,31.190619,750200
1999-08-19,41.625,41.625,41.0,41.3125,30.771629,767900
1999-08-20,41.25,43.0,41.25,43.0,32.028564,920700
1999-08-23,44.25,47.25,43.875,47.25,35.194183,1576200
1999-08-24,46.875,47.125,45.5625,46.6875,34.7752,1259200
1999-08-25,44.125,44.25,42.3125,43.375,32.307907,3915500
1999-08-26,43.4375,44.0,41.375,41.6875,31.050943,1304400
1999-08-27,41.6875,41.875,39.375,39.5,29.421585,1676900
1999-08-30,39.75,39.8125,36.25,36.8125,27.419819,2291400
1999-08-31,37.5,37.875,36.0,37.75,28.118116,1787000
1999-09-01,38.0,38.125,36.25,36.8125,27.419819,1423400
1999-09-02,35.875,38.0,35.8125,37.4375,27.88533,1810900
1999-09-03,40.25,40.75,39.6875,40.75,30.352648,1704100
1999-09-07,40.6875,41.0625,38.25,38.6875,28.816399,1050600
1999-09-08,38.4375,39.25,37.625,38.0,28.304306,1246600
1999-09-09,37.8125,38.9375,37.25,38.875,28.956055,974300
1999-09-10,39.625,40.5,38.9375,39.6875,29.561251,978800
1999-09-13,39.5625,40.9375,39.5625,40.375,30.073328,910000
1999-09-14,40.625,40.875,39.25,39.25,29.235401,1120100
1999-09-15,39.25,40.125,38.75,38.9375,29.002625,713900
1999-09-16,38.9375,39.0,37.0,37.1875,27.699133,885900
1999-09-17,37.75,38.4375,37.75,38.3125,28.537092,770900
1999-09-20,40.625,40.625,39.1875,39.9375,29.747467,955100
1999-09-21,39.8125,39.8125,38.375,38.75,28.862959,830400
1999-09-22,39.0,39.9375,38.5,39.6875,29.561251,869100
1999-09-23,40.125,40.75,39.5,39.5,29.421585,1054600
1999-09-24,39.625,39.6875,38.375,39.625,29.514683,1251800
1999-09-27,41.0,41.0625,39.4375,39.5,29.421585,875600
1999-09-28,39.5,39.5,36.875,39.3125,29.281925,1186800
1999-09-29,39.25,40.4375,38.8125,39.6875,29.561251,691500
1999-09-30,39.6875,39.8125,38.4375,39.0,29.049183,1240500
1999-10-01,38.8125,39.1875,38.4375,38.5625,28.723293,757900
1999-10-04,40.0,40.25,39.0,39.9375,29.747467,935200
1999-10-05,41.0,42.5,40.125,42.125,31.376827,2044300
1999-10-06,42.125,45.3125,42.0625,44.8125,33.378605,2512500
1999-10-07,46.625,46.625,44.5625,45.25,33.70446,1506300
1999-10-08,45.0,48.0,43.875,46.4375,34.588993,2477300
1999-10-11,46.4375,47.25,45.6875,46.125,34.356224,712500
1999-10-12,46.125,46.125,44.8125,45.0,33.51828,513400
1999-10-13,44.25,45.5,41.8125,43.25,32.214783,1222700
1999-10-14,41.0,41.125,39.0,39.25,29.235401,3869600
1999-10-15,38.0,38.5625,35.875,36.0,26.814621,2955200
1999-10-18,37.5625,39.25,37.25,39.25,29.235401,2085600
1999-10-19,40.5,41.375,39.4375,39.5,29.421585,1205000
1999-10-20,39.6875,40.5625,39.5,40.1875,29.933674,1040100
1999-10-21,40.1875,41.5,39.75,41.375,30.818195,648100
1999-10-22,43.875,44.1875,42.5625,43.3125,32.26133,1117000
1999-10-25,43.3125,43.3125,41.8125,42.5625,31.702707,1115500
1999-10-26,42.8125,43.9375,42.6875,43.0,32.028564,947100
1999-10-27,43.75,46.4375,43.625,46.25,34.449306,1472200
1999-10-28,51.25,51.3125,49.125,50.5,37.614929,4148200
1999-10-29,51.4375,54.125,51.0,53.0,39.477077,3043100
1999-11-01,52.5,52.875,49.375,50.1875,37.382172,1882000
1999-11-02,50.0,52.9375,50.0,51.0,37.987366,1329000
1999-11-03,51.1875,51.9375,50.5,50.75,37.80117,728100
1999-11-04,50.75,52.1875,50.6875,51.6875,38.499462,1028300
1999-11-05,54.5,54.875,53.0625,53.125,39.570175,2151800
1999-11-08,53.0625,53.125,49.5,49.9375,37.195976,2952500
1999-11-09,50.75,51.1875,49.0625,49.4375,36.823547,1022400
1999-11-10,49.0625,49.5625,45.5,45.5,33.890682,1346200
1999-11-11,46.0,46.6875,45.5,45.75,34.076912,2689400
1999-11-12,46.875,51.0625,46.875,50.625,37.708042,1298300
1999-11-15,50.625,51.0,49.375,50.1875,37.382172,815200
1999-11-16,50.5,52.5625,50.5,51.8125,38.613346,996800
1999-11-17,51.625,51.625,49.1875,49.375,36.796787,1016400
1999-11-18,50.0,50.25,48.6875,49.875,37.169415,855700
1999-11-19,49.625,50.3125,49.0625,50.0,37.262562,604100
1999-11-22,50.0,50.0,47.75,48.0625,35.818645,683400
1999-11-23,47.9375,48.0,46.5,47.25,35.213127,673600
1999-11-24,46.875,47.25,46.3125,47.0625,35.073399,317800
1999-11-26,46.8125,47.625,46.6875,47.3125,35.259705,207100
1999-11-29,47.0625,47.0625,45.4375,45.875,34.188404,758800
1999-11-30,45.625,47.5,45.3125,46.5625,34.700768,1566700
1999-12-01,47.125,47.3125,45.9375,46.40625,34.584328,1384700
1999-12-02,45.75,48.125,45.75,47.9375,35.725491,1079400
1999-12-03,49.75,50.9375,49.5625,50.75,37.821507,1167600
1999-12-06,51.5,51.5,49.5,50.6875,37.774929,1094200
1999-12-07,51.0,51.0,47.5625,49.1875,36.657047,1297600
1999-12-08,49.4375,49.8125,48.3125,48.5,36.144688,564000
1999-12-09,49.375,50.1875,46.9375,48.25,35.958397,1351300
1999-12-10,49.0,49.9375,48.375,49.4375,36.843372,1413000
1999-12-13,49.25,50.0,49.125,49.9375,37.215996,729500
1999-12-14,49.75,50.0,47.6875,48.375,36.05154,1569600
1999-12-15,48.375,48.5,46.8125,46.9375,34.980221,886500
1999-12-16,46.6875,46.875,44.6875,46.4375,34.60762,1128700
1999-12-17,46.5,47.5,46.375,46.5,34.654182,912600
1999-12-20,46.5625,47.4375,46.125,46.1875,34.42131,463900
1999-12-21,46.1875,46.6875,45.3125,46.125,34.374714,826000
1999-12-22,45.9375,46.25,45.6875,45.9375,34.234989,415600
1999-12-23,46.125,46.6875,45.875,46.125,34.374714,471500
1999-12-27,46.0,47.375,46.0,46.25,34.46785,977700
1999-12-28,46.25,47.0,46.25,46.625,34.747349,528400
1999-12-29,46.625,47.125,46.625,46.8125,34.887081,320100
1999-12-30,46.6875,48.0,46.6875,47.6875,35.539177,298400
1999-12-31,47.625,48.4375,47.5625,48.1875,35.911819,296200
2000-01-03,48.125,48.1875,45.125,46.1875,34.42131,886900
2000-01-04,45.25,45.3125,42.875,43.3125,32.278694,1221700
2000-01-05,43.3125,43.375,41.75,42.3125,31.533443,1361900
2000-01-06,42.3125,44.4375,42.0625,44.25,32.977371,2482300
2000-01-07,44.25,46.1875,43.125,45.5,33.90892,1206500
2000-01-10,45.5,46.0625,44.875,44.9375,33.489712,855800
2000-01-11,44.75,45.5,43.25,43.5,32.418434,1511400
2000-01-12,43.5,44.5,43.375,44.0625,32.837631,1151400
2000-01-13,44.375,45.4375,43.9375,45.1875,33.676044,417700
2000-01-14,46.1875,48.0,45.875,46.8125,34.887081,1260600
2000-01-18,44.0,45.3125,42.0,42.5,31.673183,2612600
2000-01-19,43.75,43.8125,42.75,43.375,32.325283,1942600
2000-01-20,43.1875,43.5,42.0,42.375,31.580006,1163600
2000-01-21,43.1875,43.25,40.8125,41.375,30.834764,1324500
2000-01-24,41.3125,41.5,40.875,41.125,30.648474,1058900
2000-01-25,41.0,41.0625,40.0,40.0625,29.856617,986100
2000-01-26,40.125,42.625,40.125,41.9375,31.253963,1009300
2000-01-27,42.0,43.125,40.6875,41.5,30.927937,1583200
2000-01-28,41.25,41.25,39.8125,40.0625,29.856617,539500
2000-01-31,39.25,41.1875,39.1875,41.0,30.555315,500800
2000-02-01,41.5,41.5625,40.0,40.1875,29.949785,628200
2000-02-02,40.75,40.8125,39.25,39.8125,29.670321,534400
2000-02-03,40.5,40.8125,38.625,39.125,29.157969,865700
2000-02-04,40.125,40.125,38.5,38.5625,28.738762,611000
2000-02-07,38.4375,39.3125,37.375,37.9375,28.292774,910600
2000-02-08,38.375,38.75,36.9375,37.375,27.873278,1017700
2000-02-09,37.0,37.0625,34.8125,35.0,26.102074,1668300
2000-02-10,35.0,35.4375,33.0,33.5,24.983421,2143700
2000-02-11,33.5,34.0625,32.5,33.625,25.076641,1962100
2000-02-14,33.375,34.25,33.0,34.1875,25.496132,1369200
2000-02-15,34.4375,37.3125,34.0625,37.0625,27.640236,1852600
2000-02-16,38.25,39.1875,37.0,37.5,27.966503,2593200
2000-02-17,37.75,37.9375,36.625,36.75,27.407164,1183700
2000-02-18,36.0,36.1875,33.25,34.5,25.729187,1183400
2000-02-22,35.4375,36.0,32.8125,33.9375,25.309692,1872400
2000-02-23,35.0,35.0,32.75,33.0625,24.657145,1563500
2000-02-24,33.25,34.9375,32.0625,34.625,25.822409,2271300
2000-02-25,34.6875,35.9375,34.3125,35.5625,26.52157,1607900
2000-02-28,35.4375,38.1875,35.4375,37.875,28.246172,2347300
2000-02-29,38.0,38.125,36.375,36.8125,27.453794,1971000
2000-03-01,36.875,38.1875,36.75,37.6875,28.106344,1075000
2000-03-02,37.75,38.1875,36.5,36.8125,27.453794,1184200
2000-03-03,38.5,39.3125,37.4375,37.9375,28.292774,979700
2000-03-06,38.125,39.0,36.75,37.0625,27.640236,667000
2000-03-07,36.875,36.875,34.5,34.6875,25.86902,1258900
2000-03-08,34.4375,35.4375,33.875,35.1875,26.241899,1093200
2000-03-09,35.375,38.0,34.75,36.6875,27.360577,1716000
2000-03-10,36.0,36.9375,35.875,36.8125,27.453794,870500
2000-03-13,36.5625,37.75,36.25,37.75,28.152946,1098000
2000-03-14,37.75,38.625,37.75,38.125,28.432613,1104400
2000-03-15,38.125,41.75,37.8125,40.875,30.483498,2730900
2000-03-16,42.25,46.625,42.125,46.5625,34.725075,3991800
2000-03-17,46.9375,48.375,45.75,45.8125,34.165756,2357800
2000-03-20,44.75,44.9375,41.25,41.5625,30.996204,1647800
2000-03-21,41.75,44.4375,41.5,44.0,32.814037,1541000
2000-03-22,44.1875,46.625,44.0625,46.25,34.492001,1022200
2000-03-23,46.125,46.625,45.125,45.8125,34.165756,1154500
2000-03-24,46.0,46.8125,44.625,45.0625,33.606426,855300
2000-03-27,45.0625,45.0625,43.3125,44.5,33.186913,753100
2000-03-28,44.5625,46.375,44.4375,45.375,33.839485,849000
2000-03-29,45.625,46.0625,44.0,45.25,33.74625,799300
2000-03-30,45.375,46.9375,45.125,46.375,34.585251,932400
2000-03-31,46.4375,48.8125,45.6875,47.9375,35.750515,973000
2000-04-03,47.6875,49.6875,47.6875,49.0,36.542896,1323700
2000-04-04,49.0,49.375,44.125,46.5625,34.725075,1281100
2000-04-05,46.75,47.5625,46.25,46.3125,34.538631,811700
2000-04-06,46.4375,48.0625,46.4375,46.875,34.95813,821800
2000-04-07,47.5,47.6875,46.8125,47.25,35.237789,532900
2000-04-10,47.5,49.0625,47.1875,48.125,35.890343,556300
2000-04-11,48.625,49.875,48.5625,49.25,36.729347,1010500
2000-04-12,49.0,53.0,48.875,50.25,37.47509,2209200
2000-04-13,50.25,50.25,45.5,46.6875,34.818298,1712800
2000-04-14,44.1875,45.125,42.25,42.875,31.975029,2165100
2000-04-17,42.6875,43.875,42.3125,43.0,32.068264,1487300
2000-04-18,43.0,45.375,42.625,45.0625,33.606426,1073600
2000-04-19,45.5,45.8125,44.875,45.5,33.932705,622800
2000-04-20,45.5,47.4375,44.875,47.3125,35.284405,651100
2000-04-24,47.3125,48.875,46.4375,47.125,35.144592,866700
2000-04-25,47.1875,49.1875,46.5,48.875,36.449703,980400
2000-04-26,49.0,49.25,47.6875,47.875,35.703915,662600
2000-04-27,47.1875,47.1875,45.25,46.125,34.398792,1184100
2000-04-28,44.5,44.9375,42.8125,43.75,32.627575,1348100
2000-05-01,42.5,45.875,42.25,45.0,33.559803,772400
2000-05-02,44.8125,45.875,44.3125,45.375,33.839485,647700
2000-05-03,45.125,45.125,42.125,42.4375,31.648771,878200
2000-05-04,42.4375,42.4375,40.25,40.8125,30.43688,1004200
2000-05-05,40.625,40.625,39.6875,39.875,29.737715,1329100
2000-05-08,39.5,43.125,39.375,42.125,31.436987,1293300
2000-05-09,42.4375,43.6875,41.3125,41.875,31.250414,718400
2000-05-10,41.9375,42.25,41.0,41.0625,30.644066,667300
2000-05-11,42.75,44.0625,42.125,43.375,32.369846,894200
2000-05-12,44.0,44.8125,42.8125,43.625,32.556412,743200
2000-05-15,43.75,45.40625,43.375,44.71875,33.372662,752100
2000-05-16,45.75,46.3125,45.1875,45.5,33.9557,702500
2000-05-17,44.375,44.625,43.6875,44.0,32.836273,398700
2000-05-18,44.0,46.0,43.9375,45.75,34.142262,732500
2000-05-19,44.875,45.0625,42.75,44.0,32.836273,688900
2000-05-22,44.125,44.1875,42.875,43.875,32.742973,448600
2000-05-23,44.375,45.3125,44.0,44.8125,33.442612,477100
2000-05-24,45.4375,46.9375,44.5,44.875,33.489269,966300
2000-05-25,44.875,45.75,44.625,45.25,33.769108,912200
2000-05-26,45.0,45.625,44.8125,44.9375,33.535892,635600
2000-05-30,45.5,47.5,45.25,46.1875,34.468765,1045900
2000-05-31,46.75,47.4375,46.375,47.25,35.261673,1799800
2000-06-01,47.0,49.0,47.0,48.65625,36.311123,2195100
2000-06-02,50.375,52.375,50.3125,51.25,38.246796,1517000
2000-06-05,50.375,50.6875,49.5625,50.375,37.593815,1329000
2000-06-06,50.5,50.5,49.4375,49.6875,37.080708,1304300
2000-06-07,49.6875,50.6875,49.625,50.3125,37.547153,465000
2000-06-08,50.25,50.25,48.875,49.4375,36.89415,573500
2000-06-09,49.8125,50.625,48.375,48.6875,36.334435,356100
2000-06-12,48.0,49.9375,47.875,49.75,37.127369,912600
2000-06-13,49.8125,50.625,49.6875,50.4375,37.640442,474100
2000-06-14,50.875,53.75,50.875,52.84375,39.436184,1155700
2000-06-15,52.25,52.25,49.5625,50.25,37.500496,893800
2000-06-16,50.25,50.25,46.5,48.5,36.194534,1252200
2000-06-19,48.375,48.875,47.125,47.625,35.541519,1050400
2000-06-20,47.75,48.5,46.25,47.0,35.075115,1466600
2000-06-21,45.25,46.5625,45.1875,46.25,34.5154,1047200
2000-06-22,46.375,46.375,43.5,44.4375,33.162773,1735700
2000-06-23,44.4375,44.9375,43.8125,43.9375,32.789654,1015500
2000-06-26,44.1875,45.125,43.875,44.5,33.2094,790200
2000-06-27,44.875,46.3125,44.6875,45.75,34.142262,1100300
2000-06-28,46.375,47.1875,45.75,46.609375,34.783585,996400
2000-06-29,45.75,46.25,44.875,46.0,34.328831,1436400
2000-06-30,45.875,46.25,44.5,44.625,33.302681,882300
2000-07-03,45.0,45.4375,44.625,45.375,33.8624,263800
2000-07-05,45.375,46.8125,44.9375,45.5625,34.002331,652900
2000-07-06,45.4375,48.0,45.25,48.0,35.821373,900800
2000-07-07,48.0,50.4375,47.8125,49.25,36.754223,973900
2000-07-10,49.0,49.8125,48.5,49.5,36.9408,477600
2000-07-11,49.25,49.875,48.9375,49.4375,36.89415,750300
2000-07-12,49.5,50.125,49.1875,49.5,36.9408,1025600
2000-07-13,51.375,52.625,50.875,51.3125,38.293427,1507700
2000-07-14,51.25,51.9375,50.5625,51.0,38.060211,1026100
2000-07-17,50.75,50.8125,49.8125,50.21875,37.477184,635400
2000-07-18,50.75,52.9375,50.5,52.4375,39.13298,751600
2000-07-19,52.5,53.5,52.25,53.25,39.739349,722000
2000-07-20,53.25,56.0,52.9375,55.5,41.418468,1457400
2000-07-21,55.75,56.375,55.375,55.8125,41.651695,1204000
2000-07-24,56.625,57.5,53.25,53.9375,40.252419,1593100
2000-07-25,53.9375,54.4375,53.3125,54.3125,40.532265,645900
2000-07-26,54.4375,54.625,52.6875,53.25,39.739349,1048100
2000-07-27,53.375,57.125,53.25,56.5625,42.211403,1120100
2000-07-28,56.625,56.8125,55.375,56.8125,42.397964,1465000
2000-07-31,57.0,59.25,56.9375,58.59375,43.727272,1475100
2000-08-01,58.0,58.0,55.75,57.5625,42.957668,2210500
2000-08-02,57.5625,57.75,54.625,55.5625,41.465107,1176700
2000-08-03,55.5,56.875,54.3125,56.375,42.071453,1518900
2000-08-04,56.375,58.9375,56.1875,58.875,43.937164,2039300
2000-08-07,58.625,58.6875,57.375,58.375,43.584019,1064300
2000-08-08,58.3125,59.25,57.5625,57.75,43.117382,966800
2000-08-09,57.6875,57.6875,55.625,56.4375,42.13744,1127300
2000-08-10,56.4375,57.0,55.5,55.875,41.717461,351100
2000-08-11,55.875,57.0,55.0,56.6875,42.324093,584600
2000-08-14,56.75,57.6875,56.0,57.4375,42.884045,497800
2000-08-15,57.1875,57.25,54.375,54.625,40.78418,796900
2000-08-16,55.0,55.5625,54.875,55.0625,41.110847,732100
2000-08-17,55.0,55.75,54.6875,55.46875,41.414162,524900
2000-08-18,55.3125,55.375,54.5625,54.9375,41.017506,484000
2000-08-21,55.125,56.8125,54.875,56.5,42.184113,810100
2000-08-22,57.0,58.6875,56.875,58.0625,43.350693,1016700
2000-08-23,58.1875,58.6875,57.3125,58.0625,43.350693,811800
2000-08-24,58.0,59.125,57.9375,59.125,44.143978,828900
2000-08-25,58.625,58.875,58.0625,58.25,43.490688,412700
2000-08-28,58.3125,60.625,58.25,59.8125,44.657295,1158000
2000-08-29,60.0625,60.5,58.625,60.125,44.890602,831800
2000-08-30,59.75,60.5625,59.1875,59.6875,44.563934,502700
2000-08-31,59.6875,61.625,59.6875,60.328125,45.04224,861200
2000-09-01,61.5625,61.5625,59.625,60.125,44.890602,709600
2000-09-05,60.125,62.4375,60.125,61.125,45.637234,1144300
2000-09-06,62.125,63.5,61.75,62.5625,46.710495,1383200
2000-09-07,62.5,65.0,61.875,64.0,47.783768,1982600
2000-09-08,64.4375,65.875,63.6875,65.15625,48.647038,1156300
2000-09-11,65.4375,66.125,64.8125,65.6875,49.04369,1561500
2000-09-12,65.25,65.875,64.5625,65.75,49.090351,1147100
2000-09-13,65.25,66.6875,65.125,66.0,49.276981,1431300
2000-09-14,66.125,66.5625,64.125,64.375,48.063763,1191200
2000-09-15,64.375,66.0,63.8125,64.0,47.783768,1349700
2000-09-18,64.5,64.6875,61.625,61.625,46.010521,1583300
2000-09-19,61.875,63.9375,61.5,62.8125,46.897141,1206000
2000-09-20,62.8125,63.0,60.75,62.5,46.66383,752400
2000-09-21,62.25,63.8125,61.125,63.8125,47.643757,1127900
2000-09-22,63.5625,65.5,62.8125,65.5,48.903687,1567800
2000-09-25,67.0,69.5,66.5,68.6875,51.283546,2364600
2000-09-26,70.0,70.625,66.4375,66.84375,49.906967,1514400
2000-09-27,67.125,69.0625,67.0,68.5625,51.19022,978200
2000-09-28,69.3125,71.75,69.0625,71.4375,53.336731,1127200
2000-09-29,71.1875,71.3125,69.5625,70.0625,52.310135,1237600
2000-10-02,69.875,70.875,68.0625,70.5,52.636795,835000
2000-10-03,71.375,73.25,70.0,71.0,53.010086,1763400
2000-10-04,70.25,72.625,69.875,71.25,53.196762,1291600
2000-10-05,71.25,73.1875,71.25,71.75,53.570057,1291300
2000-10-06,69.875,69.875,64.0625,66.3125,49.510307,2270400
2000-10-09,66.3125,67.0625,65.1875,66.6875,49.790306,1224900
2000-10-10,66.625,66.75,62.75,63.625,47.50378,1881200
2000-10-11,63.0,65.6875,62.125,65.375,48.810364,2046200
2000-10-12,66.25,67.0,61.4375,61.875,46.197201,2309700
2000-10-13,61.75,67.875,61.125,67.75,50.583599,1199500
2000-10-16,68.5,70.6875,68.375,69.75,52.076828,1345100
2000-10-17,70.25,70.75,65.25,66.0625,49.323647,1523200
2000-10-18,62.5625,68.5,62.5625,67.3125,50.25695,1355700
2000-10-19,68.625,70.4375,68.125,68.75,51.330196,1494000
2000-10-20,68.25,68.625,67.5625,68.375,51.050224,1428500
2000-10-23,67.5,67.5625,63.8125,65.75,49.090351,1628600
2000-10-24,66.25,68.375,64.125,64.25,47.970421,1976800
2000-10-25,62.0,62.0,58.25,60.25,44.983929,2658600
2000-10-26,58.375,58.875,51.8125,58.875,43.957329,5543900
2000-10-27,58.875,61.375,56.5,60.5625,45.217243,2582600
2000-10-30,60.6875,63.625,60.375,62.3125,46.52383,1022600
2000-10-31,61.75,63.5,59.875,63.125,47.130474,1237600
2000-11-01,62.75,62.75,60.75,61.8125,46.150536,860700
2000-11-02,61.9375,63.3125,61.375,63.0,47.03714,808400
2000-11-03,63.0,63.0,60.4375,61.4375,45.870548,638900
2000-11-06,61.5,64.375,60.1875,64.0,47.804779,924500
2000-11-07,64.0,65.75,63.5625,64.3125,48.038189,976700
2000-11-08,64.3125,64.375,62.3125,63.9375,47.758099,860500
2000-11-09,62.5,64.8125,61.0,62.0,46.310863,1461800
2000-11-10,61.75,61.75,58.625,59.1875,44.210075,1032200
2000-11-13,58.625,59.75,54.0625,56.5,42.202641,2427200
2000-11-14,57.9375,59.4375,56.0625,57.875,43.229698,1693200
2000-11-15,57.0625,59.375,56.1875,57.125,42.669483,1812100
2000-11-16,56.5,57.6875,55.3125,55.3125,41.315643,1425600
2000-11-17,53.875,55.375,51.875,52.5,39.214844,2747500
2000-11-20,52.0,52.0625,45.875,49.5625,37.020702,3787900
2000-11-21,48.5,51.4375,46.5625,49.75,37.160736,3667300
2000-11-22,51.5,51.5,48.375,48.4375,36.180374,1790800
2000-11-24,48.5,49.8125,48.5,49.625,37.06739,517300
2000-11-27,52.0,54.625,51.8125,53.9375,40.288582,2096100
2000-11-28,54.0,54.875,53.0625,53.375,39.868431,1728200
2000-11-29,53.625,56.625,53.5,56.375,42.109295,1779400
2000-11-30,55.5625,57.25,54.0625,55.8125,41.689121,2596500
2000-12-01,56.0625,57.875,56.0,56.875,42.482769,1701800
2000-12-04,54.75,55.0625,52.9375,54.125,40.428635,2186200
2000-12-05,54.9375,59.8125,54.3125,59.1875,44.210075,2366000
2000-12-06,58.5,62.375,57.875,58.3125,43.556484,2304800
2000-12-07,58.0,59.75,57.5,58.0,43.323063,1553400
2000-12-08,59.8125,60.1875,58.8125,59.375,44.350132,1330100
2000-12-11,59.4375,61.4375,59.0625,60.625,45.28381,846800
2000-12-12,60.625,60.6875,59.0,59.625,44.536854,857200
2000-12-13,60.25,60.625,58.0625,58.0625,43.369755,1085200
2000-12-14,58.125,58.6875,56.5,57.9375,43.276371,1711000
2000-12-15,57.9375,58.5,56.75,57.75,43.136349,1893200
2000-12-18,59.25,61.4375,59.0,60.5625,45.237114,1548300
2000-12-19,60.3125,61.5625,58.375,58.625,43.789921,1354400
2000-12-20,58.0,59.1875,56.875,58.8125,43.929955,1289800
2000-12-21,59.125,60.125,57.6875,59.375,44.350132,1200500
2000-12-22,60.125,61.9375,60.0,61.6875,46.077419,1065600
2000-12-26,61.75,63.0,61.25,63.0,47.057823,539900
2000-12-27,63.25,64.25,62.25,63.3125,47.291241,1297900
2000-12-28,63.5625,66.4375,63.4375,65.5625,48.97187,874100
2000-12-29,67.25,68.0,65.6875,65.8125,49.158615,776000
2001-01-02,64.625,64.625,61.0625,61.9375,46.264187,1245400
2001-01-03,61.25,68.75,60.5,67.0,50.045624,1958300
2001-01-04,66.25,70.4375,65.8125,67.0,50.045624,3103600
2001-01-05,61.625,64.9375,61.625,64.5,48.178238,2022300
2001-01-08,64.5,64.9375,62.0,62.6875,46.824387,1577900
2001-01-09,63.1875,63.8125,60.3125,60.75,45.377197,1276400
2001-01-10,60.5,63.0,60.1875,62.9375,47.011143,1109300
2001-01-11,62.9375,66.3125,62.9375,63.625,47.52467,1208000
2001-01-12,63.75,65.0,62.9375,63.5625,47.477982,927100
2001-01-16,64.25,66.125,63.5,64.6875,48.318279,1252200
2001-01-17,66.0,67.9375,65.625,66.125,49.392036,2501700
2001-01-18,65.1875,66.5,62.0625,63.5,47.431293,3926300
2001-01-19,61.75,62.25,60.3125,61.4375,45.890709,3853800
2001-01-22,61.0,63.4375,60.5625,62.375,46.590977,2856200
2001-01-23,62.625,63.6875,62.4375,63.0,47.057823,1393400
2001-01-24,63.375,65.6875,62.9375,65.5625,48.97187,1605100
2001-01-25,65.3125,65.5,63.875,64.4375,48.131554,1081000
2001-01-26,64.4375,65.6875,63.3125,65.625,49.018536,893100
2001-01-29,65.620003,67.970001,65.599998,67.25,50.232365,1592800
2001-01-30,67.25,67.400002,65.0,65.0,48.55172,3184500
2001-01-31,64.5,64.5,62.029999,63.02,47.072769,2136000
2001-02-01,63.099998,63.099998,62.0,62.529999,46.706741,1502500
2001-02-02,62.700001,63.990002,61.560001,61.830002,46.18388,1098900
2001-02-05,61.759998,62.0,61.049999,61.75,46.124146,876000
2001-02-06,61.720001,62.549999,60.560001,61.860001,46.226494,1264800
2001-02-07,61.860001,63.669998,61.52,61.52,45.972408,953000
2001-02-08,61.549999,63.349998,61.549999,61.709999,46.114429,1192300
2001-02-09,61.66,63.299999,61.349998,62.240002,46.510483,775900
2001-02-12,62.0,63.75,62.0,63.75,47.638863,1054400
2001-02-13,63.849998,64.300003,62.5,62.5,46.704746,792700
2001-02-14,62.509998,62.75,60.0,60.099998,44.911301,1335400
2001-02-15,60.349998,61.349998,58.310001,61.02,45.598816,2432700
2001-02-16,61.02,61.970001,60.400002,60.5,45.210232,1276500
2001-02-20,59.849998,60.709999,57.549999,57.900002,43.2673,1639100
2001-02-21,57.849998,57.860001,55.400002,55.849998,41.735378,2049900
2001-02-22,55.849998,55.849998,50.599998,54.869999,41.003044,2991100
2001-02-23,54.799999,56.490002,53.189999,56.150002,41.959564,1888600
2001-02-26,56.48,56.82,54.09,55.5,41.473839,1928700
2001-02-27,55.400002,58.299999,54.189999,57.889999,43.259804,2367500
2001-02-28,58.139999,58.150002,54.099998,55.25,41.287022,1607400
2001-03-01,55.799999,55.849998,54.380001,55.799999,41.698009,1200700
2001-03-02,55.799999,58.0,55.349998,57.25,42.781567,1065400
2001-03-05,58.75,58.799999,56.150002,56.759998,42.415424,1251300
2001-03-06,57.009998,59.099998,56.52,57.25,42.781567,783100
2001-03-07,57.5,57.939999,56.0,57.02,42.609695,1496400
2001-03-08,57.349998,57.91,56.950001,57.459999,42.938499,877700
2001-03-09,57.459999,57.5,55.599998,56.66,42.340664,950500
2001-03-12,55.900002,55.900002,52.0,52.139999,38.962986,1690900
2001-03-13,53.599998,55.5,52.75,55.290001,41.316902,1581800
2001-03-14,53.099998,54.599998,51.849998,53.5,39.979286,1570600
2001-03-15,54.450001,55.400002,54.049999,54.119999,40.442585,1916400
2001-03-16,54.119999,55.029999,53.400002,54.380001,40.636879,1685300
2001-03-19,54.630001,55.16,52.299999,53.939999,40.308094,1508200
2001-03-20,54.0,54.549999,51.650002,51.700001,38.634182,1634500
2001-03-21,51.049999,52.09,49.200001,49.200001,36.765999,2684500
2001-03-22,48.450001,49.0,46.900002,47.84,35.749691,3464000
2001-03-23,48.25,51.5,48.0,51.040001,38.140976,1687000
2001-03-26,51.799999,53.09,50.459999,51.209999,38.268017,1224000
2001-03-27,51.200001,54.849998,50.549999,54.48,40.711609,2060000
2001-03-28,53.299999,55.5,53.0,54.950001,41.062836,2250300
2001-03-29,54.549999,55.099998,52.099998,53.0,39.605633,3012000
2001-03-30,53.599998,55.5,53.34,55.5,41.473839,2463400
2001-04-02,53.599998,56.52,52.900002,56.150002,41.959564,2701800
2001-04-03,55.75,56.200001,53.84,53.849998,40.240822,1794600
2001-04-04,53.849998,54.330002,51.610001,52.349998,39.119923,1308100
2001-04-05,53.450001,55.290001,53.310001,55.060001,41.145016,1326100
2001-04-06,54.25,55.470001,53.59,53.779999,40.188515,1181700
2001-04-09,53.790001,55.299999,53.790001,55.0,41.100197,1536100
2001-04-10,55.849998,58.900002,55.59,58.200001,43.491459,2268300
2001-04-11,61.400002,61.490002,59.650002,60.130001,44.933723,3316600
2001-04-12,59.400002,60.5,59.049999,59.75,44.649757,1873600
2001-04-16,59.950001,60.700001,58.599998,59.049999,44.126659,1098700
2001-04-17,59.049999,60.900002,58.389999,58.389999,43.63345,1649000
2001-04-18,60.650002,66.349998,60.610001,66.0,49.320213,3652300
2001-04-19,64.5,65.559998,62.509998,63.77,47.653816,3129500
2001-04-20,62.400002,63.369999,62.299999,62.900002,47.003674,2039000
2001-04-23,63.0,63.200001,61.810001,62.360001,46.600132,1223100
2001-04-24,62.299999,62.849998,60.900002,61.400002,45.882759,1171100
2001-04-25,61.400002,62.200001,60.529999,61.959999,46.301235,1295000
2001-04-26,61.900002,63.5,61.700001,62.77,46.906536,1020100
2001-04-27,63.700001,64.199997,63.200001,63.990002,47.818222,853400
2001-04-30,64.099998,64.949997,62.52,62.860001,46.973785,995300
2001-05-01,62.610001,63.939999,62.049999,63.869999,47.728535,886700
2001-05-02,63.869999,64.889999,63.5,64.440002,48.15448,771200
2001-05-03,64.199997,64.900002,63.0,63.419998,47.392254,1273500
2001-05-04,62.450001,65.599998,61.650002,65.110001,48.655148,1906600
2001-05-07,65.18,65.540001,64.800003,65.25,48.779972,1284400
2001-05-08,64.5,64.870003,64.019997,64.199997,47.995026,1582800
2001-05-09,63.299999,63.75,62.799999,63.75,47.658627,1809400
2001-05-10,64.5,65.050003,63.599998,63.799999,47.695995,1259200
2001-05-11,63.799999,64.900002,63.490002,63.98,47.830582,1575200
2001-05-14,63.830002,64.459999,62.900002,63.240002,47.277351,907400
2001-05-15,63.400002,64.550003,62.43,64.330002,48.09222,1406600
2001-05-16,63.700001,66.800003,63.209999,66.599998,49.78923,1849400
2001-05-17,66.419998,67.25,66.120003,66.769997,49.916332,2108700
2001-05-18,66.669998,67.0,65.400002,66.57,49.766827,826400
2001-05-21,66.400002,69.0,65.970001,68.970001,51.561016,1119700
2001-05-22,70.0,72.580002,69.75,72.059998,53.871063,3476300
2001-05-23,71.709999,71.769997,69.150002,69.5,51.957253,3719200
2001-05-24,69.300003,69.699997,67.550003,68.010002,50.843327,1680800
2001-05-25,66.849998,67.839996,66.849998,67.230003,50.260223,785100
2001-05-29,68.199997,68.300003,66.339996,66.599998,49.78923,1034300
2001-05-30,66.449997,67.339996,65.0,65.639999,49.071575,1392500
2001-05-31,66.400002,66.440002,64.940002,65.110001,48.675335,1075300
2001-06-01,65.800003,67.050003,64.699997,67.050003,50.12566,1205400
2001-06-04,66.800003,67.5,66.019997,67.5,50.46209,930400
2001-06-05,67.400002,69.0,67.309998,69.0,51.583439,1099800
2001-06-06,68.349998,68.360001,66.160004,66.25,49.527584,1417500
2001-06-07,66.099998,66.110001,65.120003,66.110001,49.422909,1129000
2001-06-08,65.980003,66.239998,65.449997,65.849998,49.228561,585200
2001-06-11,65.849998,66.970001,65.010002,65.519997,48.981838,1186500
2001-06-12,64.220001,65.599998,63.279999,65.489998,48.959423,1504100
2001-06-13,64.889999,65.449997,63.34,63.610001,47.553944,1659000
2001-06-14,62.200001,62.360001,59.799999,60.5,45.22897,2754900
2001-06-15,59.0,61.380001,59.0,60.25,45.042068,2943100
2001-06-18,60.0,60.099998,58.5,59.23,44.279537,1981900
2001-06-19,60.299999,60.790001,59.599998,60.119999,44.944889,1622900
2001-06-20,60.299999,61.5,60.0,60.509998,45.23645,2012600
2001-06-21,60.900002,63.400002,60.650002,62.900002,47.023167,2301000
2001-06-22,63.139999,63.139999,61.349998,61.93,46.298023,1206300
2001-06-25,62.029999,62.119999,59.599998,60.41,45.16169,1263300
2001-06-26,58.599998,59.75,58.599998,59.549999,44.51878,1814000
2001-06-27,60.0,61.040001,58.0,58.0,43.360001,3817100
2001-06-28,58.349998,61.450001,58.349998,60.5,45.22897,3213100
2001-06-29,60.200001,61.41,59.799999,60.150002,44.967316,2181100
2001-07-02,60.599998,61.450001,60.200001,60.98,45.587807,1583900
2001-07-03,60.950001,61.360001,60.68,61.029999,45.625164,924500
2001-07-05,61.029999,62.150002,60.709999,62.0,46.350342,2139600
2001-07-06,62.0,62.049999,59.759998,60.119999,44.944889,1359000
2001-07-09,60.25,60.299999,58.66,59.259998,44.301952,1983900
2001-07-10,59.599998,59.98,58.599998,59.0,44.107582,1888000
2001-07-11,58.900002,59.150002,57.330002,58.939999,44.062737,1879300
2001-07-12,61.25,63.299999,60.75,63.139999,47.20261,2844400
2001-07-13,63.099998,65.900002,62.849998,65.610001,49.049137,2919100
2001-07-16,65.610001,66.400002,64.120003,64.720001,48.383801,1702300
2001-07-17,64.400002,67.25,64.400002,67.010002,50.095757,2099600
2001-07-18,65.699997,67.019997,64.68,65.480003,48.95195,3023600
2001-07-19,65.599998,65.699997,62.119999,63.290001,47.314735,3419400
2001-07-20,63.75,63.799999,62.450001,63.43,47.419392,2104700
2001-07-23,63.599998,64.300003,63.330002,63.529999,47.494137,1429400
2001-07-24,63.540001,64.470001,61.790001,62.240002,46.529785,1517100
2001-07-25,63.549999,63.549999,61.299999,62.25,46.537247,1166100
2001-07-26,62.25,63.130001,61.5,62.700001,46.873665,1426000
2001-07-27,62.400002,64.650002,62.400002,64.360001,48.114651,918800
2001-07-30,64.360001,64.75,62.5,63.169998,47.225014,958500
2001-07-31,63.169998,65.599998,63.169998,64.269997,48.047359,1488700
2001-08-01,64.25,66.739998,64.0,65.669998,49.093983,1059800
2001-08-02,66.300003,66.730003,65.650002,65.900002,49.265949,1151700
2001-08-03,65.900002,65.900002,64.809998,65.690002,49.108944,659800
2001-08-06,65.900002,66.650002,64.790001,64.949997,48.575672,657200
2001-08-07,64.900002,65.900002,64.220001,64.300003,48.089558,871300
2001-08-08,64.199997,64.199997,62.240002,62.529999,46.76577,1606600
2001-08-09,62.529999,62.540001,60.619999,62.220001,46.533951,1858400
2001-08-10,62.220001,62.439999,60.799999,62.02,46.384357,1180800
2001-08-13,62.349998,63.169998,61.029999,62.889999,47.035019,1281200
2001-08-14,63.0,64.400002,63.0,64.120003,47.954948,1192700
2001-08-15,64.120003,64.669998,63.049999,63.610001,47.573509,961400
2001-08-16,63.369999,63.369999,61.200001,62.0,46.369404,1343700
2001-08-17,61.799999,61.810001,60.25,61.009998,45.628998,1274000
2001-08-20,61.150002,62.209999,61.02,61.84,46.249733,802800
2001-08-21,62.02,62.490002,59.330002,59.369999,44.402454,1536000
2001-08-22,59.900002,60.650002,58.619999,60.25,45.060589,2566300
2001-08-23,60.25,60.799999,59.799999,60.209999,45.030678,1001500
2001-08-24,60.360001,60.490002,57.700001,59.150002,44.237919,3016700
2001-08-27,59.200001,59.200001,58.279999,58.779999,43.961174,1694000
2001-08-28,58.950001,59.049999,56.669998,57.400002,42.9291,1986900
2001-08-29,57.400002,57.75,56.080002,56.68,42.390621,1790300
2001-08-30,55.900002,56.299999,54.349998,55.240002,41.313652,3013400
2001-08-31,55.25,56.200001,54.700001,55.610001,41.590359,1915100
2001-09-04,53.5,54.57,51.25,52.759998,39.458878,6321700
2001-09-05,52.950001,53.200001,50.75,52.48,39.249451,3970000
2001-09-06,52.099998,52.099998,49.700001,50.240002,37.574184,3108300
2001-09-07,48.599998,49.849998,48.049999,48.5,36.272869,4141400
2001-09-10,48.099998,51.299999,48.099998,50.369999,37.671413,3408700
2001-09-17,45.0,46.75,43.5,44.919998,33.595398,3914400
2001-09-18,45.459999,45.5,41.650002,41.959999,31.381613,3054200
2001-09-19,42.099998,42.950001,37.57,40.080002,29.975588,3561000
2001-09-20,40.080002,40.25,38.150002,39.950001,29.878357,2922100
2001-09-21,38.549999,40.0,36.400002,40.0,29.915743,5172000
2001-09-24,43.5,44.200001,42.5,43.049999,32.196815,4101500
2001-09-25,43.200001,44.599998,41.91,42.799999,32.009846,3087700
2001-09-26,44.0,44.580002,42.900002,43.77,32.735302,2715600
2001-09-27,44.0,44.529999,42.5,43.720001,32.697914,2139200
2001-09-28,44.599998,46.549999,44.119999,46.029999,34.425549,2851700
2001-10-01,46.25,47.25,45.869999,46.549999,34.814453,2012700
2001-10-02,46.75,47.419998,46.0,47.02,35.165951,2058800
2001-10-03,46.73,48.68,46.150002,48.509998,36.280338,2024000
2001-10-04,49.099998,49.759998,47.799999,48.049999,35.936283,1901600
2001-10-05,47.5,47.900002,45.869999,47.0,35.151005,2111500
2001-10-08,47.009998,47.009998,45.0,45.389999,33.946892,1455000
2001-10-09,45.849998,46.799999,45.389999,45.860001,34.298401,1549600
2001-10-10,45.970001,48.299999,45.5,47.970001,35.876461,1779200
2001-10-11,48.799999,50.25,46.900002,47.700001,35.674511,3238400
2001-10-12,47.700001,47.700001,42.549999,44.799999,33.505623,7981100
2001-10-15,44.799999,44.849998,42.060001,42.5,31.785484,5069400
2001-10-16,42.75,45.0,42.380001,43.130001,32.256653,3909400
2001-10-17,49.0,49.0,47.830002,47.889999,35.816631,9372400
2001-10-18,48.349998,49.349998,47.720001,48.650002,36.385017,3286700
2001-10-19,47.75,48.23,45.5,47.669998,35.652092,7443300
2001-10-22,47.799999,49.049999,46.759998,47.650002,35.637131,4494800
2001-10-23,47.66,48.380001,47.099998,47.599998,35.599731,2988400
2001-10-24,47.610001,47.75,45.299999,45.849998,34.290916,5314500
2001-10-25,45.75,46.349998,43.0,44.810001,33.513119,6485600
2001-10-26,44.810001,46.68,44.419998,46.119999,34.492851,3480200
2001-10-29,45.599998,45.610001,44.5,44.509998,33.288738,4057100
2001-10-30,44.400002,44.490002,43.0,43.560001,32.578236,2939600
2001-10-31,43.599998,43.799999,41.0,41.310001,30.895487,5972100
2001-11-01,41.799999,44.200001,41.25,43.450001,32.495991,5986100
2001-11-02,43.400002,44.540001,42.639999,44.040001,32.937233,3302100
2001-11-05,44.009998,45.200001,44.009998,44.75,33.48877,1725200
2001-11-06,44.950001,47.599998,44.5,47.130001,35.269848,3503500
2001-11-07,47.0,50.009998,46.75,49.759998,37.238022,4651500
2001-11-08,50.0,54.0,49.66,50.0,37.41761,4889500
2001-11-09,50.0,51.299999,48.810001,50.650002,37.904053,2696700
2001-11-12,50.66,52.0,49.150002,51.799999,38.764652,2893700
2001-11-13,52.599998,54.240002,51.900002,53.880001,40.32122,3612200
2001-11-14,54.200001,54.599998,53.630001,54.5,40.785206,3344000
2001-11-15,53.450001,55.599998,53.200001,54.630001,40.882492,3194500
2001-11-16,53.02,53.650002,51.099998,51.900002,38.839493,4056200
2001-11-19,51.900002,53.119999,50.779999,51.849998,38.802082,2905500
2001-11-20,51.860001,51.860001,50.799999,51.119999,38.255768,2396900
2001-11-21,51.130001,51.5,49.66,50.400002,37.716961,2665100
2001-11-23,50.41,52.119999,50.349998,52.040001,38.944256,1016500
2001-11-26,52.549999,53.200001,51.75,53.060001,39.707581,1562200
2001-11-27,52.810001,55.0,52.810001,54.450001,40.747799,2820900
2001-11-28,54.200001,54.209999,52.0,52.040001,38.944256,1778000
2001-11-29,52.040001,52.5,51.5,51.5,38.540161,2321600
2001-11-30,50.200001,51.200001,50.0,50.029999,37.44006,3406700
2001-12-03,49.400002,49.41,48.200001,48.549999,36.3325,2979700
2001-12-04,49.25,50.25,48.740002,50.150002,37.529865,2823100
2001-12-05,50.049999,52.5,50.049999,51.349998,38.427895,1798000
2001-12-06,51.5,53.900002,51.450001,53.509998,40.044338,2081000
2001-12-07,52.5,52.849998,51.450001,52.07,38.966705,2311000
2001-12-10,51.5,51.939999,50.0,50.099998,37.49247,1808100
2001-12-11,51.0,52.25,50.700001,51.080002,38.225822,2622100
2001-12-12,50.450001,50.549999,48.5,49.529999,37.065887,3516000
2001-12-13,49.099998,49.880001,48.25,48.299999,36.14542,2299800
2001-12-14,48.400002,49.0,46.5,47.889999,35.8386,2486900
2001-12-17,48.0,49.830002,47.900002,48.950001,36.631878,1462000
2001-12-18,49.630001,50.700001,49.48,50.080002,37.477497,1829700
2001-12-19,50.09,52.200001,49.900002,51.700001,38.689827,2115800
2001-12-20,51.709999,52.5,51.119999,51.299999,38.39048,2348000
2001-12-21,51.549999,51.549999,50.220001,50.349998,37.679539,2123300
2001-12-24,50.400002,50.82,50.299999,50.380001,37.702003,376900
2001-12-26,50.349998,51.709999,50.25,51.34,38.420418,1385600
2001-12-27,51.299999,53.290001,51.299999,52.799999,39.513,1255400
2001-12-28,52.799999,55.060001,52.799999,54.73,40.957333,2214200
2001-12-31,54.73,55.200001,53.880001,53.950001,40.373608,1836400
2002-01-02,54.150002,54.150002,52.200001,53.119999,39.75248,1951800
2002-01-03,53.23,53.98,52.700001,53.360001,39.932079,1944000
2002-01-04,55.0,57.049999,54.75,56.900002,42.581249,3416400
2002-01-07,56.0,57.799999,55.150002,55.299999,41.383892,3080400
2002-01-08,55.299999,55.299999,53.810001,54.41,40.717861,3797500
2002-01-09,54.650002,54.860001,53.799999,54.200001,40.560707,2122000
2002-01-10,54.150002,54.950001,53.0,53.450001,39.999435,2632200
2002-01-11,53.400002,53.41,52.200001,52.419998,39.228645,2088100
2002-01-14,52.220001,53.0,51.900002,52.299999,39.138824,1801000
2002-01-15,52.400002,54.490002,52.25,53.549999,40.074276,2831500
2002-01-16,53.599998,55.5,52.860001,54.360001,40.680439,4675500
2002-01-17,54.75,55.900002,54.349998,55.400002,41.458717,2818000
2002-01-18,54.75,55.349998,54.5,54.84,41.03965,2509500
2002-01-22,54.0,54.48,53.099998,53.16,39.78241,2323000
2002-01-23,53.16,53.490002,52.0,52.0,38.914341,2612800
2002-01-24,52.049999,53.5,52.049999,52.700001,39.438194,2287900
2002-01-25,52.650002,53.43,52.650002,53.25,39.849762,1577400
2002-01-28,51.580002,52.150002,50.549999,51.259998,38.360542,4242200
2002-01-29,51.259998,51.259998,46.75,47.110001,35.254887,6817300
2002-01-30,47.5,49.080002,44.860001,47.900002,35.846081,8720300
2002-01-31,48.02,50.169998,47.869999,50.169998,37.544849,3481200
2002-02-01,49.349998,49.400002,47.259998,48.41,36.227737,5172500
2002-02-04,47.450001,47.459999,45.049999,45.560001,34.094944,4832500
2002-02-05,45.599998,46.009998,43.700001,44.549999,33.339115,4410700
2002-02-06,44.900002,45.0,43.009998,44.419998,33.261986,4791500
2002-02-07,43.950001,47.75,43.5,46.16,34.564888,4802100
2002-02-08,46.16,47.82,46.16,47.52,35.583275,3133400
2002-02-11,46.75,46.759998,45.049999,45.68,34.205456,5094500
2002-02-12,46.75,48.34,46.5,47.599998,35.643169,4064300
2002-02-13,48.299999,49.200001,48.25,48.75,36.504299,2658600
2002-02-14,48.25,49.130001,47.25,47.459999,35.538353,2994500
2002-02-15,47.900002,47.900002,45.360001,45.990002,34.437595,4105600
2002-02-19,45.349998,46.349998,45.009998,45.380001,33.980839,2430900
2002-02-20,45.599998,46.84,44.5,46.709999,34.976738,2183600
2002-02-21,46.450001,46.790001,44.540001,44.900002,33.621387,2645600
2002-02-22,45.049999,45.200001,43.189999,44.09,33.014896,3494400
2002-02-25,44.150002,47.0,44.150002,47.0,35.193878,2674100
2002-02-26,46.900002,47.650002,45.75,47.380001,35.478443,2458300
2002-02-27,48.25,49.900002,48.099998,48.900002,36.616646,3261400
2002-02-28,49.099998,50.299999,49.040001,49.27,36.893688,3114700
2002-03-01,49.450001,51.0,48.849998,50.59,37.882103,2170800
2002-03-04,52.5,55.43,52.450001,55.200001,41.334118,5637900
2002-03-05,54.599998,57.700001,54.509998,56.200001,42.082916,6296800
2002-03-06,55.849998,57.450001,55.77,57.099998,42.756847,3472800
2002-03-07,58.200001,58.450001,57.599998,58.189999,43.573044,4739000
2002-03-08,60.0,60.200001,57.82,58.459999,43.775215,5095100
2002-03-11,58.799999,61.400002,58.799999,60.869999,45.579842,5468000
2002-03-12,59.900002,61.650002,59.799999,61.040001,45.70713,4910300
2002-03-13,60.400002,60.599998,59.400002,59.599998,44.628849,3936400
2002-03-14,59.700001,60.25,59.189999,59.77,44.756149,2615500
2002-03-15,60.0,62.150002,59.98,62.049999,46.463425,2054600
2002-03-18,62.060001,63.299999,61.75,62.48,46.785412,2696100
2002-03-19,62.799999,64.099998,62.650002,63.810001,47.781338,2997900
2002-03-20,63.299999,63.490002,62.0,62.150002,46.538307,2061200
2002-03-21,62.150002,62.369999,60.75,62.27,46.628166,1871100
2002-03-22,62.27,63.799999,61.810001,63.369999,47.451839,2243500
2002-03-25,63.25,63.549999,60.34,60.540001,45.332718,2874000
2002-03-26,60.57,63.029999,60.57,62.75,46.987591,2962800
2002-03-27,62.75,63.919998,62.52,63.919998,47.863693,1968400
2002-03-28,63.919998,64.910004,62.950001,63.849998,47.811279,1734900
2002-04-01,63.849998,65.0,62.450001,63.599998,47.624088,1388900
2002-04-02,63.349998,64.989998,63.150002,63.990002,47.916111,2952000
2002-04-03,63.889999,63.900002,61.400002,61.950001,46.388554,2868000
2002-04-04,61.0,62.099998,60.900002,61.740002,46.231327,2287800
2002-04-05,62.099998,63.150002,61.25,61.459999,46.021622,2762000
2002-04-08,61.0,62.799999,60.950001,62.759998,46.995075,1936800
2002-04-09,63.099998,64.389999,62.759998,63.0,47.174809,2032100
2002-04-10,64.0,64.440002,63.169998,64.400002,48.223122,2042200
2002-04-11,64.400002,65.0,61.599998,62.279999,46.635647,3164000
2002-04-12,62.799999,63.43,62.200001,62.450001,46.762943,2158700
2002-04-15,63.0,63.349998,61.75,61.970001,46.403522,1231700
2002-04-16,62.5,63.990002,62.5,63.759998,47.743877,2077600
2002-04-17,63.759998,66.5,63.169998,63.91,47.856209,9603900
2002-04-18,64.0,65.160004,63.799999,65.089996,48.739792,6550800
2002-04-19,65.400002,65.800003,64.650002,65.75,49.234013,2677300
2002-04-22,65.0,65.839996,64.519997,64.980003,48.657429,2912800
2002-04-23,64.699997,66.059998,64.559998,65.5,49.046791,2715800
2002-04-24,65.449997,65.849998,63.900002,64.400002,48.223122,3392400
2002-04-25,64.410004,64.410004,62.540001,62.880001,47.084946,3273000
2002-04-26,63.119999,63.599998,61.900002,62.049999,46.463425,2306100
2002-04-29,62.0,62.049999,58.549999,58.75,43.992371,4859700
2002-04-30,59.07,60.299999,59.07,59.889999,44.846008,3957300
2002-05-01,59.549999,59.740002,57.200001,59.299999,44.404194,3527700
2002-05-02,59.310001,60.700001,58.939999,60.540001,45.332718,3161700
2002-05-03,60.0,60.200001,59.25,59.740002,44.733692,2376700
2002-05-06,59.549999,60.16,57.400002,57.400002,43.000912,2271900
2002-05-07,58.150002,59.27,57.810001,58.299999,43.675148,2228600
2002-05-08,60.0,62.700001,59.950001,62.509998,46.829048,2957000
2002-05-09,61.900002,62.0,60.5,60.52,45.338257,1688200
2002-05-10,60.529999,61.990002,60.0,60.299999,45.173431,3007200
2002-05-13,61.25,62.380001,60.630001,62.02,46.461983,1961600
2002-05-14,64.25,64.93,62.950001,64.650002,48.432213,2604200
2002-05-15,64.25,64.470001,63.349998,64.470001,48.297367,1767400
2002-05-16,64.300003,64.339996,62.52,63.950001,47.907841,2755300
2002-05-17,63.950001,64.32,63.099998,64.199997,48.0951,1906000
2002-05-20,64.199997,64.43,62.709999,62.790001,47.038799,1723600
2002-05-21,63.599998,63.700001,61.439999,62.0,46.446968,2021500
2002-05-22,61.75,62.400002,61.240002,62.349998,46.709175,1180300
2002-05-23,62.360001,63.349998,61.889999,63.34,47.450832,1348700
2002-05-24,63.09,63.75,62.880001,63.450001,47.533245,1053000
2002-05-28,63.400002,63.599998,61.529999,61.610001,46.154812,1986400
2002-05-29,61.5,62.900002,61.41,62.240002,46.626785,1613200
2002-05-30,62.0,62.240002,61.450001,62.07,46.499401,1539400
2002-05-31,61.75,63.0,61.700001,62.439999,46.776604,1381100
2002-06-03,62.099998,62.849998,60.52,60.529999,45.345749,1613600
2002-06-04,60.450001,60.549999,58.549999,59.23,44.371838,3303400
2002-06-05,59.25,60.740002,59.25,60.450001,45.285789,1777400
2002-06-06,60.5,60.630001,59.490002,59.779999,44.783875,1718300
2002-06-07,59.0,60.189999,58.27,60.0,44.948696,1925600
2002-06-10,60.099998,60.150002,58.580002,59.799999,44.79887,1666700
2002-06-11,60.299999,61.240002,58.84,58.990002,44.192055,1794600
2002-06-12,59.099998,59.200001,56.380001,57.0,42.701256,4014000
2002-06-13,57.099998,57.099998,54.610001,55.27,41.405231,3994500
2002-06-14,54.200001,55.740002,52.0,55.630001,41.674931,3653300
2002-06-17,56.900002,59.599998,56.799999,59.599998,44.649029,3582400
2002-06-18,59.0,60.09,58.799999,59.790001,44.791359,2655100
2002-06-19,59.0,59.349998,58.299999,58.720001,43.98978,2835800
2002-06-20,58.720001,58.720001,56.950001,57.049999,42.738716,2878600
2002-06-21,56.799999,57.400002,56.240002,57.349998,42.963459,2135700
2002-06-24,56.599998,59.0,55.23,58.040001,43.480377,2576000
2002-06-25,58.040001,59.98,57.5,57.560001,43.120789,2031500
2002-06-26,56.450001,57.099998,55.610001,56.799999,42.551434,2648400
2002-06-27,57.849998,59.25,57.25,59.099998,44.274471,2676800
2002-06-28,59.110001,61.900002,59.0,61.049999,45.735306,3068400
2002-07-01,60.799999,61.099998,58.279999,58.529999,43.847458,2861900
2002-07-02,58.540001,58.540001,56.700001,56.75,42.513981,2676200
2002-07-03,56.0,57.48,54.91,57.48,43.060841,2423800
2002-07-05,58.099998,60.299999,57.900002,59.950001,44.911213,1062800
2002-07-08,59.599998,60.650002,57.759998,58.029999,43.472874,2865100
2002-07-09,57.599998,58.0,55.450001,55.450001,41.540092,3166900
2002-07-10,56.040001,56.799999,51.349998,51.41,38.513538,9166900
2002-07-11,51.599998,51.619999,48.639999,50.419998,37.771896,8591300
2002-07-12,50.799999,52.59,49.549999,51.5,38.580971,4496800
2002-07-15,51.099998,51.150002,48.200001,51.110001,38.288788,4137000
2002-07-16,50.75,51.91,49.32,50.599998,37.906746,4018300
2002-07-17,33.5,41.619999,29.99,30.48,22.833935,42710700
2002-07-18,30.4,34.200001,29.99,33.310001,24.954018,19137700
2002-07-19,33.48,37.200001,33.150002,35.209999,26.377403,9753600
2002-07-22,35.75,37.0,34.099998,34.099998,25.545843,9413900
2002-07-23,34.310001,34.549999,30.200001,30.99,23.215992,8538700
2002-07-24,28.0,34.0,26.549999,33.310001,24.954018,11891400
2002-07-25,32.5,34.360001,30.99,32.389999,24.264801,7287700
2002-07-26,33.75,33.75,30.25,30.5,22.848921,9583400
2002-07-29,30.5,32.349998,28.4,29.35,21.987404,10424700
2002-07-30,29.5,30.4,27.549999,29.93,22.4219,11051900
2002-07-31,30.129999,31.780001,30.07,31.700001,23.747892,6900700
2002-08-01,31.799999,31.799999,29.76,30.0,22.474348,4108500
2002-08-02,30.049999,30.120001,28.02,28.6,21.425549,3484500
2002-08-05,28.65,28.879999,24.200001,24.700001,18.503878,9431300
2002-08-06,25.889999,27.549999,25.35,26.709999,20.031553,8435600
2002-08-07,26.719999,27.5,24.049999,25.280001,18.959106,12086600
2002-08-08,26.25,28.35,24.25,27.700001,20.774023,8812300
2002-08-09,27.4,29.59,26.92,29.1,21.823969,5487100
2002-08-12,28.25,28.950001,27.309999,28.879999,21.658985,4513600
2002-08-13,29.1,30.08,28.57,29.200001,21.89897,5012700
2002-08-14,26.799999,31.1,26.299999,31.049999,23.286402,9125500
2002-08-15,31.200001,33.099998,30.9,32.75,24.56134,6615900
2002-08-16,32.099998,33.400002,31.200001,32.5,24.373856,4067600
2002-08-19,32.0,35.200001,31.65,34.799999,26.098768,5526600
2002-08-20,34.549999,35.400002,33.700001,34.98,26.233761,3418900
2002-08-21,35.099998,35.889999,34.400002,35.279999,26.45875,3245400
2002-08-22,35.650002,38.0,34.900002,37.18,27.883682,5585700
2002-08-23,36.950001,37.049999,35.82,36.060001,27.04373,3109700
2002-08-26,36.299999,36.849998,35.150002,36.630001,27.471203,2711800
2002-08-27,37.25,37.610001,35.5,35.799999,26.848736,3043600
2002-08-28,35.450001,35.580002,34.799999,35.330002,26.496244,2974800
2002-08-29,34.75,35.900002,34.0,35.509998,26.63125,4093600
2002-08-30,35.200001,36.450001,34.93,35.669998,26.751232,2191600
2002-09-03,34.919998,34.970001,33.419998,33.439999,25.07881,4051400
2002-09-04,33.900002,35.810001,33.439999,35.529999,26.646238,3194700
2002-09-05,35.049999,35.82,34.049999,35.07,26.30126,3515400
2002-09-06,35.799999,37.0,35.669998,36.509998,27.381214,2846600
2002-09-09,36.25,39.880001,36.200001,39.48,29.608618,6002600
2002-09-10,38.490002,39.360001,37.639999,38.950001,29.211143,5092600
2002-09-11,40.0,41.5,40.0,41.0,30.748539,4728800
2002-09-12,40.5,40.5,38.549999,38.599998,28.948627,4476800
2002-09-13,37.799999,39.599998,37.5,38.919998,29.188618,2975900
2002-09-16,38.799999,39.5,37.240002,38.669998,29.001139,1882600
2002-09-17,38.650002,38.669998,34.700001,35.240002,26.428761,7239000
2002-09-18,35.240002,37.099998,34.0,35.990002,26.991217,7533000
2002-09-19,35.0,35.73,34.75,34.869999,26.151272,3210500
2002-09-20,34.869999,35.200001,34.150002,34.849998,26.136251,4241300
2002-09-23,34.200001,34.959999,33.389999,34.650002,25.986273,3226200
2002-09-24,34.66,35.5,33.5,34.25,25.686283,3648400
2002-09-25,35.150002,35.75,33.389999,35.380001,26.533754,5508400
2002-09-26,35.470001,36.599998,35.369999,36.240002,27.178724,3576300
2002-09-27,36.0,36.75,34.150002,34.700001,26.023775,3346900
2002-09-30,34.400002,35.52,32.380001,34.919998,26.188759,5427900
2002-10-01,35.400002,36.5,33.849998,36.32,27.238718,2834500
2002-10-02,35.5,35.779999,32.5,33.599998,25.198824,4351100
2002-10-03,33.779999,34.150002,32.349998,32.43,24.321358,4124400
2002-10-04,33.049999,33.09,29.879999,30.379999,22.783924,6468300
2002-10-07,29.0,29.4,27.82,28.059999,21.044008,7148400
2002-10-08,28.35,30.959999,27.549999,29.690001,22.266455,5967300
2002-10-09,28.709999,28.75,26.16,26.5,19.874062,7644400
2002-10-10,26.51,29.5,26.1,29.219999,21.913969,5291300
2002-10-11,29.23,31.9,29.23,30.66,22.99391,5789600
2002-10-14,30.41,32.299999,30.200001,32.16,24.118862,3184900
2002-10-15,36.25,36.43,33.77,34.639999,25.978777,7797200
2002-10-16,29.0,29.440001,25.49,27.85,20.886517,21173100
2002-10-17,30.0,30.559999,27.75,28.959999,21.718975,8696500
2002-10-18,28.67,30.5,28.17,30.17,22.626431,4506700
2002-10-21,30.0,31.66,29.5,31.629999,23.721375,4086900
2002-10-22,30.950001,33.049999,30.75,32.220001,24.16386,4117600
2002-10-23,32.23,32.23,30.17,31.780001,23.833876,4355500
2002-10-24,32.599998,32.740002,28.280001,28.75,21.561485,8987100
2002-10-25,29.799999,30.389999,28.67,30.309999,22.731428,5882600
2002-10-28,30.32,31.75,30.32,30.889999,23.166405,4687700
2002-10-29,30.52,30.75,29.120001,30.280001,22.708925,4134600
2002-10-30,30.48,31.98,30.07,31.34,23.503887,3445500
2002-10-31,31.35,32.02,30.370001,30.469999,22.851421,2594000
2002-11-01,30.48,31.5,29.620001,31.299999,23.47389,4766300
2002-11-04,32.099998,34.02,32.099998,33.07,24.801336,5012300
2002-11-05,32.849998,33.759998,32.299999,33.700001,25.273804,4378200
2002-11-06,33.900002,34.049999,32.009998,33.060001,24.814463,5951300
2002-11-07,32.5,32.700001,30.83,30.950001,23.230717,5104400
2002-11-08,31.049999,31.57,29.09,29.32,22.007246,5055800
2002-11-11,29.27,30.120001,28.219999,29.33,22.014755,4127800
2002-11-12,29.34,29.530001,28.469999,28.57,21.444304,3755800
2002-11-13,28.58,29.110001,27.139999,28.16,21.136559,5754800
2002-11-14,31.450001,31.450001,29.75,30.0,22.517647,10737300
2002-11-15,30.01,31.280001,29.51,31.0,23.268238,6254000
2002-11-18,31.0,31.190001,28.9,28.940001,21.722021,6717600
2002-11-19,28.940001,29.48,28.51,29.02,21.782068,4240400
2002-11-20,29.030001,29.549999,29.02,29.379999,22.052286,3424800
2002-11-21,29.870001,33.400002,29.799999,33.150002,24.881994,8422600
2002-11-22,33.16,33.5,31.379999,31.540001,23.673555,9447300
2002-11-25,31.950001,34.23,31.83,33.720001,25.30983,4384100
2002-11-26,33.970001,34.970001,32.799999,32.950001,24.731886,4260400
2002-11-27,33.900002,34.740002,33.279999,34.650002,26.007891,2980300
2002-11-29,34.560001,34.599998,33.790001,33.799999,25.369892,917400
2002-12-02,33.799999,36.450001,33.799999,35.830002,26.893591,4779200
2002-12-03,34.0,35.200001,33.869999,34.0,25.520002,5393500
2002-12-04,33.400002,35.549999,32.549999,34.48,25.880287,3727000
2002-12-05,34.5,35.169998,34.150002,34.619999,25.985371,2554300
2002-12-06,33.75,34.959999,33.299999,33.77,25.347361,3944700
2002-12-09,33.810001,34.200001,32.5,32.759998,24.589272,2913100
2002-12-10,32.759998,33.32,32.27,32.950001,24.731886,2719700
2002-12-11,32.470001,32.470001,31.290001,32.200001,24.168943,5133800
2002-12-12,32.02,33.57,31.9,32.080002,24.078875,3011300
2002-12-13,32.09,32.09,30.200001,30.200001,22.667765,5619600
2002-12-16,30.620001,32.48,30.6,32.25,24.206478,3334200
2002-12-17,31.950001,32.91,31.65,31.889999,23.93626,2770000
2002-12-18,31.299999,31.450001,30.309999,30.66,23.013037,3214700
2002-12-19,30.67,31.43,30.52,30.98,23.253223,2832600
2002-12-20,30.99,32.0,30.99,31.540001,23.673555,2968000
2002-12-23,31.629999,32.610001,31.34,31.6,23.718588,2393300
2002-12-24,31.120001,31.790001,31.120001,31.25,23.455881,662000
2002-12-26,31.68,32.029999,30.93,31.25,23.455881,1355200
2002-12-27,31.16,31.200001,29.42,29.65,22.254944,3338300
2002-12-30,29.65,30.379999,29.360001,30.110001,22.600224,2352900
2002-12-31,30.26,30.48,29.52,29.719999,22.307486,1976400
2003-01-02,30.200001,31.83,29.889999,31.719999,23.808657,4736000
2003-01-03,31.73,32.130001,31.16,31.75,23.831186,2156700
2003-01-06,32.130001,34.380001,32.049999,33.240002,24.949549,4761600
2003-01-07,33.119999,33.75,32.049999,32.200001,24.168943,3324000
2003-01-08,32.209999,36.599998,31.85,35.41,26.578335,14350300
2003-01-09,36.02,36.700001,34.360001,36.509998,27.403982,8111300
2003-01-10,36.509998,39.299999,35.560001,39.0,29.27294,11097900
2003-01-13,39.119999,39.700001,38.07,38.889999,29.190384,4828100
2003-01-14,38.400002,38.82,38.099998,38.700001,29.047766,3059800
2003-01-15,38.709999,38.709999,36.110001,36.950001,27.734247,8082500
2003-01-16,36.240002,36.75,35.07,35.18,26.405687,8119300
2003-01-17,34.200001,34.5,32.450001,33.25,24.957067,9583900
2003-01-21,33.259998,33.900002,31.75,31.98,24.003809,4095700
2003-01-22,31.99,33.490002,31.639999,32.799999,24.619301,4958500
2003-01-23,32.880001,33.299999,30.85,32.259998,24.213972,6958500
2003-01-24,32.299999,32.639999,31.450001,31.52,23.658543,2929900
2003-01-27,31.200001,32.049999,30.24,30.42,22.832895,3855000
2003-01-28,30.75,31.83,30.75,31.66,23.763626,3279300
2003-01-29,31.459999,32.150002,30.709999,31.84,23.898733,3417800
2003-01-30,31.85,31.85,30.799999,31.08,23.328285,2993000
2003-01-31,31.09,31.42,30.059999,31.049999,23.305777,3401400
2003-02-03,31.059999,32.299999,31.049999,31.82,23.883722,2817500
2003-02-04,31.049999,31.450001,30.5,31.040001,23.29826,2969200
2003-02-05,31.120001,31.790001,30.32,30.57,22.945486,2486500
2003-02-06,30.540001,30.540001,29.82,29.82,22.402327,2927600
2003-02-07,30.4,31.01,29.620001,30.0,22.53756,2447400
2003-02-10,30.08,30.18,29.049999,29.84,22.417355,2526900
2003-02-11,29.84,30.48,29.620001,29.709999,22.319695,2513400
2003-02-12,29.4,30.360001,29.32,29.75,22.349741,4102700
2003-02-13,29.76,29.76,28.120001,29.110001,21.868946,5485500
2003-02-14,29.200001,30.290001,29.01,30.209999,22.69532,2887100
2003-02-18,30.5,32.389999,30.5,32.099998,24.115191,4030000
2003-02-19,32.110001,32.740002,30.440001,30.85,23.176113,4119300
2003-02-20,31.0,31.0,30.030001,30.17,22.665266,2328100
2003-02-21,30.299999,31.09,29.860001,30.82,23.153582,2337900
2003-02-24,30.629999,30.639999,29.559999,29.780001,22.372278,2604000
2003-02-25,29.549999,30.200001,28.9,30.1,22.612679,3491300
2003-02-26,29.98,30.120001,29.620001,29.85,22.424868,2481700
2003-02-27,30.1,30.92,29.860001,30.4,22.838053,2100600
2003-02-28,30.5,31.129999,30.32,30.969999,23.266268,2461900
2003-03-03,27.4,28.450001,27.049999,28.25,21.22286,18391600
2003-03-04,28.26,28.26,27.15,27.370001,20.561766,7136200
2003-03-05,27.549999,27.950001,27.25,27.709999,20.817186,3621800
2003-03-06,27.719999,27.799999,26.92,26.92,20.2237,2931600
2003-03-07,27.049999,27.780001,26.0,27.48,20.644407,3534800
2003-03-10,27.35,28.1,26.84,27.040001,20.313854,3783800
2003-03-11,26.9,27.24,24.91,25.379999,19.066774,6684300
2003-03-12,25.389999,26.290001,25.33,26.27,19.735394,4413700
2003-03-13,27.629999,28.57,27.120001,28.299999,21.260424,4503000
2003-03-14,28.5,28.549999,27.549999,28.25,21.22286,4017800
2003-03-17,28.25,30.120001,27.6,29.959999,22.507505,4956400
2003-03-18,30.16,30.68,29.77,30.33,22.785473,3830200
2003-03-19,30.450001,31.639999,30.34,31.4,23.589312,5025500
2003-03-20,31.32,31.85,30.110001,31.18,23.424036,4071700
2003-03-21,31.75,32.810001,31.5,32.599998,24.490801,3954400
2003-03-24,31.309999,32.110001,30.82,31.26,23.484138,3190100
2003-03-25,31.02,31.99,31.0,31.48,23.649405,2067100
2003-03-26,31.530001,32.950001,31.530001,32.060001,24.08514,2738400
2003-03-27,32.07,32.07,30.76,31.41,23.59683,3331900
2003-03-28,31.110001,31.9,30.200001,31.18,23.424036,1545300
2003-03-31,30.139999,30.950001,29.77,30.01,22.545061,3177600
2003-04-01,30.1,31.52,30.049999,31.370001,23.566763,2822900
2003-04-02,31.700001,33.349998,31.700001,32.98,24.776289,3495800
2003-04-03,33.290001,33.900002,32.599998,33.23,24.964098,2419100
2003-04-04,33.23,34.02,33.130001,33.639999,25.272106,2058700
2003-04-07,34.950001,35.130001,33.669998,33.689999,25.309666,4502600
2003-04-08,33.689999,33.900002,33.0,33.310001,25.024202,2222000
2003-04-09,33.400002,33.849998,32.529999,32.540001,24.445744,2210700
2003-04-10,33.099998,34.5,33.060001,34.360001,25.813013,4173200
2003-04-11,34.900002,34.990002,33.91,34.110001,25.625204,2843800
2003-04-14,34.310001,35.200001,33.900002,35.16,26.414007,2419400
2003-04-15,35.25,37.75,35.200001,37.490002,28.164429,6372100
2003-04-16,37.439999,38.0,36.43,36.689999,27.563429,3558800
2003-04-17,36.689999,38.459999,36.689999,37.419998,28.111834,3376600
2003-04-21,37.580002,37.990002,37.110001,37.290001,28.014183,3570100
2003-04-22,35.880001,38.18,35.540001,38.18,28.682802,9033300
2003-04-23,39.16,39.580002,38.290001,39.07,29.351404,5084100
2003-04-24,39.07,39.639999,37.98,38.389999,28.840551,4538200
2003-04-25,37.950001,38.080002,37.299999,37.689999,28.314676,3104800
2003-04-28,37.849998,39.25,37.689999,38.869999,29.201162,2257200
2003-04-29,39.049999,40.25,39.049999,40.099998,30.125189,3345800
2003-04-30,40.5,42.57,39.869999,41.869999,31.454918,7558300
2003-05-01,41.869999,41.959999,40.299999,41.43,31.124367,3819900
2003-05-02,41.439999,42.900002,41.439999,42.799999,32.153568,3946800
2003-05-05,43.259998,44.790001,43.259998,44.419998,33.370609,6120100
2003-05-06,44.389999,46.860001,44.349998,46.599998,35.02964,9830600
2003-05-07,46.209999,47.200001,45.459999,46.560001,34.999569,6809800
2003-05-08,45.5,46.580002,44.549999,44.779999,33.661514,5593000
2003-05-09,45.27,45.400002,43.169998,44.91,33.759251,6793800
2003-05-12,45.73,46.880001,45.0,46.650002,35.067219,6993000
2003-05-13,45.950001,48.07,45.939999,47.0,35.330326,4502100
2003-05-14,47.099998,47.959999,45.220001,45.34,34.082485,8670400
2003-05-15,46.0,46.509998,44.779999,44.84,33.706631,6498000
2003-05-16,44.419998,45.200001,44.200001,44.84,33.706631,4802900
2003-05-19,44.259998,44.349998,42.400002,42.77,32.150578,4255300
2003-05-20,42.779999,43.790001,42.369999,42.830002,32.195686,3507200
2003-05-21,42.84,44.279999,42.209999,44.27,33.278145,4447900
2003-05-22,44.099998,45.009998,43.799999,44.720001,33.616421,4638200
2003-05-23,44.720001,45.09,44.299999,44.950001,33.78931,2875100
2003-05-27,44.950001,47.25,44.400002,46.93,35.277691,4787100
2003-05-28,46.93,49.220001,46.93,49.09,36.901398,5951900
2003-05-29,49.110001,49.549999,46.919998,47.380001,35.615963,5139600
2003-05-30,47.380001,48.259998,47.02,48.169998,36.209808,3059400
2003-06-02,49.0,51.810001,48.25,51.509998,38.720501,7891000
2003-06-03,51.02,52.07,49.549999,49.939999,37.540325,6921300
2003-06-04,50.049999,52.099998,49.759998,51.98,39.073833,4671100
2003-06-05,51.150002,53.43,51.150002,53.16,39.960838,4734900
2003-06-06,53.650002,54.990002,52.400002,52.650002,39.577469,4946800
2003-06-09,51.799999,52.09,49.68,50.049999,37.623028,4282400
2003-06-10,50.650002,51.25,49.5,50.68,38.096592,3934300
2003-06-11,50.5,53.23,50.32,53.18,39.975857,3442300
2003-06-12,53.349998,54.349998,52.099998,53.73,40.389317,4376700
2003-06-13,53.549999,53.560001,52.240002,52.93,39.787941,3382000
2003-06-16,53.099998,53.75,52.900002,53.490002,40.20892,2279200
2003-06-17,53.490002,53.490002,51.950001,52.400002,39.389538,3215400
2003-06-18,52.400002,52.43,51.099998,51.849998,38.976093,2625100
2003-06-19,51.950001,52.490002,50.419998,50.77,38.164257,2590000
2003-06-20,51.049999,51.470001,49.48,49.639999,37.314812,4394500
2003-06-23,49.639999,49.700001,48.18,48.57,36.510494,2960900
2003-06-24,48.73,49.860001,48.400002,49.5,37.209583,2889400
2003-06-25,49.150002,50.150002,48.299999,48.650002,36.570633,3252100
2003-06-26,48.700001,50.09,48.549999,49.950001,37.547855,2493500
2003-06-27,49.959999,50.299999,48.720001,48.880001,36.74353,2384400
2003-06-30,49.25,49.599998,48.799999,49.18,36.969032,1953100
2003-07-01,49.18,49.18,47.349998,48.970001,36.81118,3231100
2003-07-02,48.970001,49.919998,48.25,49.259998,37.02919,2959400
2003-07-03,49.259998,49.849998,48.41,49.25,37.021671,1358000
2003-07-07,50.049999,51.48,50.0,51.130001,38.434864,3040200
2003-07-08,51.150002,52.200001,51.150002,52.049999,39.12645,2607600
2003-07-09,52.0,52.25,51.330002,51.77,38.91597,1824700
2003-07-10,51.77,51.779999,50.25,50.720001,38.126675,2396000
2003-07-11,50.700001,51.849998,50.099998,51.75,38.900909,2280500
2003-07-14,52.849998,55.900002,52.75,55.029999,41.366543,5702000
2003-07-15,55.099998,55.389999,52.43,52.73,39.637608,4572900
2003-07-16,54.299999,55.599998,53.450001,55.32,41.584518,4801700
2003-07-17,50.5,51.099998,44.509998,48.220001,36.247395,21918800
2003-07-18,48.900002,49.52,47.389999,48.959999,36.803661,7739800
2003-07-21,49.099998,49.889999,48.939999,49.240002,37.014133,2595400
2003-07-22,49.560001,49.599998,47.700001,48.41,36.390236,3463300
2003-07-23,48.41,48.41,47.57,47.880001,35.991802,2840700
2003-07-24,48.099998,48.990002,47.790001,48.0,36.082012,2399000
2003-07-25,48.0,49.900002,48.0,49.810001,37.442623,2993700
2003-07-28,49.810001,49.849998,49.099998,49.299999,37.059223,2095300
2003-07-29,49.299999,49.419998,48.099998,48.330002,36.330093,2550200
2003-07-30,48.34,48.66,47.169998,47.619999,35.796364,2645200
2003-07-31,48.400002,49.119999,47.779999,47.91,36.014355,2529600
2003-08-01,47.41,48.18,47.119999,47.25,35.518246,2255600
2003-08-04,47.259998,47.75,45.549999,47.189999,35.473122,2934100
2003-08-05,47.0,47.5,45.810001,45.889999,34.495922,2645300
2003-08-06,46.279999,47.169998,45.68,46.529999,34.997593,3094200
2003-08-07,46.529999,46.880001,45.799999,46.799999,35.200695,2523500
2003-08-08,47.0,48.029999,47.0,47.810001,35.96035,1960300
2003-08-11,47.82,48.779999,47.82,48.09,36.170967,2502600
2003-08-12,50.700001,51.5,50.200001,50.490002,37.976128,8821600
2003-08-13,50.5,50.5,49.509998,49.82,37.472198,2315500
2003-08-14,49.540001,50.389999,49.43,49.880001,37.517296,1468100
2003-08-15,49.509998,49.84,48.830002,49.759998,37.42704,822900
2003-08-18,49.970001,50.490002,49.43,50.200001,37.757999,1962400
2003-08-19,50.580002,50.82,49.849998,50.700001,38.134068,1555600
2003-08-20,50.75,51.599998,50.380001,51.150002,38.472534,2252800
2003-08-21,51.299999,51.889999,50.849998,51.400002,38.660595,1933400
2003-08-22,52.200001,52.299999,51.509998,51.66,38.856125,2283700
2003-08-25,51.66,52.419998,51.200001,52.27,39.314938,2234900
2003-08-26,52.310001,52.900002,51.700001,52.740002,39.668468,2047600
2003-08-27,52.740002,53.080002,52.150002,52.360001,39.382633,1771900
2003-08-28,52.389999,53.0,51.439999,52.889999,39.781277,1473700
2003-08-29,52.650002,53.400002,52.560001,53.400002,40.164879,1131000
2003-09-02,53.099998,55.599998,53.080002,55.560001,41.789536,2807200
2003-09-03,55.560001,55.799999,53.900002,54.150002,40.728989,3560000
2003-09-04,54.150002,54.150002,53.279999,53.759998,40.435661,2849200
2003-09-05,53.759998,55.66,53.439999,53.919998,40.556007,2537300
2003-09-08,54.650002,55.459999,54.5,55.400002,41.66917,2159400
2003-09-09,55.220001,56.299999,54.380001,56.049999,42.158081,2904900
2003-09-10,57.77,60.209999,57.41,58.91,44.309235,9550200
2003-09-11,58.91,59.200001,58.029999,58.240002,43.80529,3224300
2003-09-12,58.0,58.799999,57.150002,58.669998,44.128704,2413600
2003-09-15,58.759998,59.439999,58.68,59.09,44.444626,2185300
2003-09-16,59.049999,60.099998,58.900002,60.0,45.129078,2557900
2003-09-17,59.98,62.02,59.810001,60.849998,45.768398,3051000
2003-09-18,60.599998,61.91,60.049999,61.549999,46.29491,3116400
2003-09-19,61.540001,61.900002,60.400002,61.599998,46.332527,2510800
2003-09-22,60.700001,61.369999,60.25,60.560001,45.550293,2344500
2003-09-23,60.400002,60.580002,59.900002,60.200001,45.279499,3105500
2003-09-24,59.950001,60.130001,58.290001,58.470001,43.978291,2921600
2003-09-25,58.48,58.970001,57.380001,57.459999,43.218613,2442200
2003-09-26,57.560001,57.700001,56.099998,56.259998,42.316029,2581200
2003-09-29,56.299999,57.799999,56.189999,57.759998,43.444252,2297100
2003-09-30,57.299999,57.970001,56.330002,57.040001,42.902714,2268800
2003-10-01,57.040001,58.650002,57.02,58.610001,44.083588,2046200
2003-10-02,58.490002,59.419998,58.029999,59.259998,44.572502,1917800
2003-10-03,60.200001,60.75,59.549999,59.700001,44.903446,2483400
2003-10-06,59.700001,60.529999,59.700001,60.360001,45.399853,1899200
2003-10-07,58.91,60.75,58.91,60.57,45.557816,2660100
2003-10-08,60.369999,61.5,60.150002,60.810001,45.738323,2484000
2003-10-09,60.810001,63.5,60.810001,63.279999,47.596153,3716600
2003-10-10,63.290001,63.290001,61.790001,61.98,46.618351,3501400
2003-10-13,61.990002,63.419998,61.990002,63.0,47.38554,1577900
2003-10-14,62.450001,62.48,61.75,62.349998,46.896622,2763200
2003-10-15,62.119999,62.25,60.939999,61.25,46.069283,2085400
2003-10-16,60.650002,61.509998,60.299999,61.189999,46.024147,2611000
2003-10-17,61.299999,62.0,60.299999,60.5,45.505154,1587900
2003-10-20,60.5,61.200001,60.349998,61.060001,45.926357,1692300
2003-10-21,61.060001,61.849998,60.950001,61.779999,46.467922,2310900
2003-10-22,61.779999,61.779999,60.09,60.099998,45.204285,2794600
2003-10-23,60.0,63.389999,60.0,62.48,46.994415,4731000
2003-10-24,62.48,62.48,61.43,61.959999,46.603294,2284500
2003-10-27,62.099998,62.849998,61.439999,61.740002,46.437828,1603400
2003-10-28,61.740002,64.25,61.740002,64.120003,48.227921,3272100
2003-10-29,64.120003,64.120003,63.130001,63.380001,47.671352,3052400
2003-10-30,61.0,61.900002,59.490002,59.68,44.88839,7707500
2003-10-31,59.84,61.41,59.669998,60.799999,45.730804,3769000
2003-11-03,60.799999,61.950001,60.459999,61.68,46.392696,3352100
2003-11-04,61.68,62.0,61.130001,61.700001,46.407749,2513500
2003-11-05,61.700001,61.700001,60.73,61.279999,46.112751,1791400
2003-11-06,61.279999,61.299999,60.060001,60.950001,45.864437,2113900
2003-11-07,61.099998,61.549999,59.990002,60.0,45.149563,1953900
2003-11-10,60.0,60.23,59.099998,59.279999,44.60778,2204200
2003-11-11,59.279999,60.18,59.279999,59.470001,44.750744,2091800
2003-11-12,59.549999,60.490002,59.5,60.419998,45.465618,1563700
2003-11-13,60.43,60.43,59.849998,60.07,45.202236,1863000
2003-11-14,60.07,60.450001,58.849998,58.849998,44.284191,1565100
2003-11-17,58.849998,58.849998,57.23,57.950001,43.606953,2558900
2003-11-18,58.450001,58.470001,57.52,57.650002,43.381207,1565000
2003-11-19,57.549999,58.110001,56.549999,58.040001,43.674686,1916200
2003-11-20,58.0,58.25,57.0,57.02,42.90715,1627600
2003-11-21,57.25,57.599998,56.48,56.5,42.515854,1893600
2003-11-24,56.82,58.75,56.799999,58.580002,44.081017,2325600
2003-11-25,58.75,59.849998,58.639999,58.689999,44.163792,1607100
2003-11-26,58.900002,59.73,58.52,59.73,44.946388,1581300
2003-11-28,59.599998,59.849998,59.130001,59.720001,44.938873,596600
2003-12-01,60.009998,60.349998,59.740002,60.200001,45.300072,1607600
2003-12-02,60.169998,60.200001,59.5,59.540001,44.803429,1639100
2003-12-03,59.700001,61.02,59.700001,60.349998,45.41293,1904400
2003-12-04,60.349998,60.490002,59.599998,60.099998,45.224815,1130100
2003-12-05,59.400002,59.48,58.919998,59.16,44.517464,1178200
2003-12-08,59.16,59.75,58.630001,59.080002,44.457275,1273100
2003-12-09,59.200001,59.200001,57.669998,57.68,43.40379,1887200
2003-12-10,57.18,57.34,55.150002,55.299999,41.612835,3703700
2003-12-11,55.549999,56.5,55.529999,55.990002,42.132069,2983100
2003-12-12,56.380001,56.400002,55.82,56.25,42.327721,1320700
2003-12-15,56.900002,57.25,55.299999,55.459999,41.733257,2482000
2003-12-16,55.459999,56.599998,55.459999,56.5,42.515854,2096700
2003-12-17,56.5,56.759998,56.040001,56.540001,42.545963,1231600
2003-12-18,57.849998,59.400002,57.259998,59.290001,44.615295,3434100
2003-12-19,59.290001,59.900002,58.860001,59.709999,44.931339,2530400
2003-12-22,59.709999,60.619999,59.709999,60.52,45.540863,2242900
2003-12-23,61.509998,61.509998,60.09,60.669998,45.653744,1062000
2003-12-24,60.349998,60.98,60.110001,60.650002,45.638683,397500
2003-12-26,60.68,60.810001,60.189999,60.43,45.473114,280300
2003-12-29,60.599998,61.709999,60.599998,61.5,46.27832,1327300
2003-12-30,61.389999,61.540001,60.849998,61.080002,45.962265,986900
2003-12-31,60.970001,61.5,60.720001,61.290001,46.120285,982700
2004-01-02,61.330002,61.599998,60.040001,60.23,45.322647,1343400
2004-01-05,61.599998,63.02,60.25,62.5,47.030792,2980400
2004-01-06,62.450001,63.860001,62.119999,63.709999,47.941299,3338100
2004-01-07,63.630001,63.950001,63.25,63.91,48.091824,2430200
2004-01-08,64.0,64.959999,63.68,64.830002,48.784103,3628000
2004-01-09,64.669998,64.669998,63.900002,64.019997,48.174587,2455900
2004-01-12,64.269997,64.730003,63.970001,64.209999,48.317558,2887400
2004-01-13,64.150002,64.660004,63.459999,64.25,48.34766,1968600
2004-01-14,64.32,64.839996,63.650002,64.790001,48.754002,1568800
2004-01-15,65.0,67.650002,64.980003,67.099998,50.492271,5768800
2004-01-16,67.099998,67.5,66.860001,67.269997,50.620186,3003500
2004-01-20,68.0,69.75,67.279999,67.900002,51.094269,5298600
2004-01-21,68.150002,70.050003,67.870003,69.849998,52.56163,4620600
2004-01-22,70.839996,74.199997,70.839996,74.150002,55.797333,6587700
2004-01-23,73.599998,74.300003,73.360001,74.059998,55.729607,3211400
2004-01-26,72.75,73.75,71.889999,73.650002,55.421097,4024500
2004-01-27,73.5,73.599998,72.629997,73.209999,55.089993,2381500
2004-01-28,73.019997,73.160004,69.900002,70.400002,52.975502,2710400
2004-01-29,70.300003,70.379997,69.089996,69.599998,52.373497,2639600
2004-01-30,70.400002,71.760002,70.019997,71.080002,53.487213,2271100
2004-02-02,70.949997,72.300003,70.75,71.480003,53.788193,1694700
2004-02-03,71.400002,71.949997,71.25,71.75,53.991348,1582200
2004-02-04,70.5,71.269997,70.269997,70.57,53.103413,1231200
2004-02-05,70.57,70.790001,69.080002,69.650002,52.411129,1819400
2004-02-06,69.449997,71.849998,69.360001,71.639999,53.930267,1358900
2004-02-09,73.0,73.75,72.25,72.330002,54.449692,1765900
2004-02-10,72.330002,72.519997,71.650002,72.080002,54.261513,1075300
2004-02-11,72.849998,74.489998,71.790001,74.199997,55.85743,2432500
2004-02-12,73.800003,74.199997,73.279999,73.5,55.330425,1360500
2004-02-13,73.480003,73.580002,72.330002,73.050003,54.991676,1265800
2004-02-17,73.5,73.5,71.150002,72.110001,54.284077,2672600
2004-02-18,71.970001,72.220001,71.400002,71.650002,53.937813,1002200
2004-02-19,72.099998,72.75,71.910004,72.25,54.389469,1495900
2004-02-20,72.25,72.290001,70.459999,71.120003,53.538803,2019900
2004-02-23,71.25,71.25,69.75,69.989998,52.688171,1869200
2004-02-24,69.849998,69.849998,68.029999,68.660004,51.686947,2615200
2004-02-25,68.800003,70.949997,68.68,70.769997,53.275326,2042900
2004-02-26,70.550003,71.620003,70.0,71.0,53.448498,1912400
2004-02-27,69.82,71.379997,69.82,70.720001,53.237682,1721600
2004-03-01,71.050003,71.400002,70.589996,71.220001,53.614101,1357000
2004-03-02,71.0,71.599998,70.779999,71.0,53.448498,1551500
2004-03-03,70.669998,71.400002,70.599998,71.300003,53.674328,1450100
2004-03-04,72.550003,73.480003,71.260002,73.400002,55.255207,2247800
2004-03-05,72.75,74.0,72.260002,73.779999,55.541225,2189900
2004-03-08,74.330002,75.0,72.800003,74.410004,56.015507,3104300
2004-03-09,74.419998,74.839996,72.5,72.809998,54.811039,2686100
2004-03-10,74.849998,75.120003,73.75,73.839996,55.586426,4619000
2004-03-11,73.75,73.760002,71.760002,71.860001,54.095905,2696100
2004-03-12,72.099998,73.660004,72.089996,73.5,55.330425,1752900
2004-03-15,73.5,73.5,72.510002,72.769997,54.780949,1989700
2004-03-16,73.25,73.300003,72.209999,72.730003,54.750809,2084100
2004-03-17,72.949997,73.720001,72.379997,73.339996,55.209991,1590900
2004-03-18,72.5,74.169998,72.480003,73.830002,55.578888,1744600
2004-03-19,73.400002,74.239998,72.199997,72.400002,54.502392,1850000
2004-03-22,72.349998,72.349998,70.699997,71.699997,53.975437,2212500
2004-03-23,72.0,72.440002,71.370003,71.75,54.013058,1593700
2004-03-24,71.5,71.849998,70.0,71.489998,53.817345,3133100
2004-03-25,72.019997,72.480003,71.400002,72.199997,54.351856,2103200
2004-03-26,72.160004,74.370003,71.93,73.650002,55.443386,1959000
2004-03-29,73.93,75.0,73.699997,74.690002,56.22628,1453700
2004-03-30,74.690002,76.709999,74.309998,75.779999,57.046829,3206700
2004-03-31,76.150002,76.300003,75.190002,75.43,56.783367,1937000
2004-04-01,77.010002,77.190002,75.050003,76.0,57.212452,1641500
2004-04-02,77.300003,77.32,74.25,74.989998,56.452126,2403900
2004-04-05,75.0,76.459999,74.599998,76.199997,57.36298,2523300
2004-04-06,75.800003,77.150002,75.5,76.82,57.829754,1556800
2004-04-07,76.800003,76.800003,75.110001,75.860001,57.107052,1344300
2004-04-08,75.860001,76.580002,74.959999,75.410004,56.768307,1231000
2004-04-12,76.349998,77.669998,76.32,77.519997,58.356705,2095800
2004-04-13,77.400002,77.410004,74.610001,75.099998,56.534931,2171800
2004-04-14,74.75,74.849998,72.440002,73.150002,55.066986,2363300
2004-04-15,73.25,73.290001,71.0,71.730003,53.99802,3590100
2004-04-16,72.050003,73.720001,71.209999,73.720001,55.496082,2855300
2004-04-19,73.720001,73.769997,72.699997,73.769997,55.533726,2025900
2004-04-20,73.769997,74.389999,71.940002,71.980003,54.186211,1940700
2004-04-21,71.980003,71.980003,69.330002,71.43,53.772205,3251600
2004-04-22,70.809998,71.650002,68.300003,70.650002,53.184978,7642000
2004-04-23,70.5,70.580002,68.699997,68.849998,51.829983,3162500
2004-04-26,69.0,69.099998,67.209999,67.68,50.949207,3481600
2004-04-27,67.900002,69.849998,67.900002,68.43,51.51379,2441100
2004-04-28,68.260002,68.269997,66.150002,66.400002,49.985615,2633300
2004-04-29,66.650002,67.75,65.629997,66.07,49.737206,2205400
2004-04-30,66.25,66.57,65.040001,65.529999,49.330669,1390600
2004-05-03,65.400002,66.129997,64.5,65.620003,49.398441,2217300
2004-05-04,65.68,67.449997,65.589996,66.809998,50.294247,2360600
2004-05-05,66.809998,67.870003,66.650002,66.970001,50.414711,1897900
2004-05-06,66.629997,66.760002,65.809998,66.480003,50.066788,2177700
2004-05-07,65.400002,66.050003,63.75,63.959999,48.168934,3846300
2004-05-10,63.599998,63.75,61.150002,61.639999,46.421715,4680400
2004-05-11,62.349998,63.630001,62.16,63.400002,47.747204,3083000
2004-05-12,64.099998,64.760002,63.540001,64.589996,48.643391,3404300
2004-05-13,64.5,66.150002,64.25,65.57,49.381443,3140000
2004-05-14,65.660004,66.400002,65.389999,65.839996,49.584785,1517100
2004-05-17,64.800003,65.099998,64.419998,64.660004,48.696125,1694400
2004-05-18,64.910004,65.800003,64.860001,65.709999,49.486893,1701100
2004-05-19,66.370003,67.709999,65.919998,66.0,49.705273,2313300
2004-05-20,66.080002,67.230003,66.010002,66.879997,50.368008,1718400
2004-05-21,67.099998,67.650002,66.940002,67.169998,50.586411,1307200
2004-05-24,67.599998,67.650002,66.620003,67.349998,50.721989,1456700
2004-05-25,67.309998,69.440002,66.779999,69.25,52.152905,2739700
2004-05-26,69.199997,69.739998,68.699997,69.019997,51.979675,1401300
2004-05-27,69.150002,70.330002,69.150002,69.989998,52.710205,2191800
2004-05-28,70.050003,70.449997,69.800003,70.059998,52.762897,978300
2004-06-01,69.800003,69.849998,68.540001,69.379997,52.25079,1638100
2004-06-02,69.800003,70.199997,68.779999,69.669998,52.469215,1110200
2004-06-03,69.07,69.269997,68.190002,68.309998,51.444969,1269000
2004-06-04,69.099998,70.150002,68.940002,69.860001,52.612286,1384800
2004-06-07,70.150002,71.949997,70.150002,71.860001,54.118534,1582300
2004-06-08,71.199997,71.839996,71.019997,71.440002,53.802193,1303900
2004-06-09,71.440002,71.830002,70.400002,70.809998,53.327747,1450100
2004-06-10,70.400002,70.769997,69.599998,70.160004,52.838215,1597100
2004-06-14,69.910004,70.699997,69.57,70.25,52.905991,1662900
2004-06-15,70.75,71.230003,70.470001,70.779999,53.30513,1866900
2004-06-16,70.769997,71.389999,70.730003,71.230003,53.644051,1083900
2004-06-17,71.0,72.120003,70.769997,71.980003,54.208874,1889400
2004-06-18,71.25,72.300003,71.150002,71.379997,53.757015,2160000
2004-06-21,71.459999,71.75,70.879997,70.879997,53.380463,946600
2004-06-22,70.400002,70.940002,69.419998,70.720001,53.259953,1873800
2004-06-23,70.730003,70.849998,69.620003,70.669998,53.222294,1897400
2004-06-24,70.519997,70.889999,69.919998,70.18,52.853264,1269000
2004-06-25,70.0,70.720001,69.809998,70.260002,52.913544,1365700
2004-06-28,70.300003,70.68,68.900002,69.029999,51.987206,2579100
2004-06-29,68.800003,68.809998,67.650002,68.129997,51.309414,1863000
2004-06-30,68.129997,68.769997,67.809998,68.379997,51.497707,1384000
2004-07-01,68.949997,69.230003,68.07,68.610001,51.670898,1360800
2004-07-02,68.610001,68.760002,67.889999,68.089996,51.279282,1017900
2004-07-06,68.089996,68.489998,67.370003,67.849998,51.098541,1018800
2004-07-07,67.980003,69.0,67.980003,68.470001,51.565475,1254900
2004-07-08,68.5,68.5,67.370003,67.550003,50.87262,1232300
2004-07-09,67.699997,67.800003,66.07,66.410004,50.014065,2008900
2004-07-12,66.410004,67.410004,66.269997,66.839996,50.337891,1322600
2004-07-13,66.739998,66.940002,66.199997,66.410004,50.014065,1052700
2004-07-14,66.0,67.089996,65.709999,66.18,49.840824,1123900
2004-07-15,66.18,66.610001,65.870003,66.120003,49.795654,963800
2004-07-16,66.43,66.919998,65.910004,66.019997,49.720341,1174900
2004-07-19,66.0,66.0,64.93,65.199997,49.102768,2634700
2004-07-20,65.349998,66.5,65.269997,66.309998,49.938744,1942000
2004-07-21,66.480003,67.120003,65.93,66.0,49.705273,2168000
2004-07-22,66.010002,69.540001,66.010002,69.300003,52.190556,4555900
2004-07-23,69.029999,69.459999,67.610001,67.970001,51.1889,1928200
2004-07-26,68.43,68.699997,67.779999,68.25,51.399792,1268800
2004-07-27,68.400002,68.720001,67.639999,68.540001,51.618153,1488500
2004-07-28,68.290001,69.309998,67.349998,67.800003,51.060898,1475500
2004-07-29,68.300003,69.43,68.029999,68.980003,51.949543,1149100
2004-07-30,69.040001,69.32,68.489998,69.32,52.205597,1031900
2004-08-02,68.620003,69.730003,68.339996,69.519997,52.356213,1124500
2004-08-03,69.360001,70.0,68.889999,68.919998,51.904343,1321500
2004-08-04,68.540001,69.089996,67.919998,68.5,51.588066,887500
2004-08-05,68.5,68.5,66.93,66.93,50.405666,1277300
2004-08-06,66.470001,66.910004,65.550003,65.949997,49.688404,2303000
2004-08-09,66.150002,66.330002,65.510002,65.730003,49.522652,1181500
2004-08-10,66.519997,68.25,66.309998,68.25,51.421307,1628600
2004-08-11,67.279999,67.449997,66.449997,67.349998,50.743217,2117900
2004-08-12,67.150002,67.360001,66.779999,67.190002,50.622654,1582500
2004-08-13,67.190002,68.199997,67.190002,68.019997,51.248009,1558400
2004-08-16,67.82,69.860001,67.82,69.519997,52.37812,1798700
2004-08-17,70.0,70.860001,69.389999,69.610001,52.445927,1742600
2004-08-18,69.599998,70.150002,69.169998,70.089996,52.807587,1332900
2004-08-19,70.0,70.449997,69.730003,69.949997,52.702103,1201900
2004-08-20,70.0,71.07,69.949997,70.849998,53.380211,1449200
2004-08-23,70.879997,71.169998,70.279999,70.290001,52.95829,881200
2004-08-24,70.730003,70.809998,69.910004,70.459999,53.086365,724800
2004-08-25,70.370003,70.489998,69.400002,70.489998,53.108967,1497000
2004-08-26,69.699997,69.889999,69.220001,69.580002,52.423367,1624100
2004-08-27,69.480003,69.559998,68.800003,68.919998,51.926067,1304200
2004-08-30,68.690002,68.900002,68.07,68.120003,51.323353,871800
2004-08-31,68.150002,68.5,67.510002,67.760002,51.052109,1382300
2004-09-01,67.800003,68.900002,67.290001,68.309998,51.466503,887000
2004-09-02,68.43,69.279999,68.059998,69.169998,52.114445,759400
2004-09-03,69.07,69.669998,68.519997,68.580002,51.669949,775400
2004-09-07,69.099998,70.720001,69.059998,70.279999,52.950737,1529100
2004-09-08,70.290001,70.599998,69.410004,69.459999,52.332935,1421700
2004-09-09,69.550003,69.779999,68.709999,69.610001,52.445927,1309600
2004-09-10,70.489998,72.589996,70.489998,72.550003,54.661045,3293300
2004-09-13,72.5,73.650002,72.209999,73.300003,55.226109,1689700
2004-09-14,72.75,73.550003,72.699997,73.519997,55.391842,1617300
2004-09-15,74.099998,74.290001,72.699997,72.779999,54.834309,1873100
2004-09-16,71.75,73.099998,71.75,72.620003,54.713768,1034900
2004-09-17,73.029999,73.5,72.800003,73.18,55.135662,1138800
2004-09-20,72.949997,73.150002,72.440002,72.75,54.81171,772200
2004-09-21,72.919998,74.120003,72.75,73.989998,55.745941,1457500
2004-09-22,73.25,73.709999,73.139999,73.440002,55.331562,1513800
2004-09-23,73.269997,73.370003,72.739998,72.760002,54.819241,1227300
2004-09-24,72.919998,73.849998,72.879997,73.599998,55.452118,782800
2004-09-27,73.300003,73.790001,72.889999,73.470001,55.354195,1147600
2004-09-28,73.860001,74.989998,73.470001,74.980003,56.491856,2004600
2004-09-29,74.980003,75.489998,74.440002,74.540001,56.160332,2135200
2004-09-30,74.459999,74.510002,73.5,73.900002,55.678135,1667200
2004-10-01,74.279999,74.849998,74.099998,74.559998,56.175388,1338100
2004-10-04,74.980003,75.489998,74.839996,74.889999,56.424042,885700
2004-10-05,74.889999,74.989998,74.150002,74.330002,56.002144,1186700
2004-10-06,74.489998,75.089996,74.349998,75.089996,56.574696,1224100
2004-10-07,74.550003,74.830002,73.870003,73.870003,55.655571,1294100
2004-10-08,73.550003,73.559998,72.699997,72.940002,54.954849,1224200
2004-10-11,73.07,73.300003,72.93,73.150002,55.113083,484600
2004-10-12,71.400002,72.269997,71.300003,72.040001,54.276783,1833400
2004-10-13,72.290001,72.489998,70.599998,70.639999,53.221989,1346400
2004-10-14,70.529999,70.540001,69.080002,69.220001,52.152115,2550800
2004-10-15,69.709999,69.919998,69.059998,69.910004,52.672001,1657400
2004-10-18,69.660004,70.0,69.260002,69.690002,52.506248,1245500
2004-10-19,69.860001,70.800003,69.129997,70.0,52.739769,1639300
2004-10-20,69.550003,69.980003,67.620003,69.050003,52.024044,2690100
2004-10-21,70.75,71.699997,69.910004,70.620003,53.206921,3869700
2004-10-22,70.82,70.879997,69.279999,69.800003,52.5891,1442400
2004-10-25,69.839996,70.57,69.300003,70.489998,53.108967,1473800
2004-10-26,70.489998,72.830002,70.459999,72.830002,54.871975,1999100
2004-10-27,72.75,73.889999,72.099998,73.720001,55.542534,1723500
2004-10-28,73.419998,73.82,73.160004,73.32,55.241161,1039400
2004-10-29,73.5,73.989998,73.150002,73.760002,55.572666,1409600
2004-11-01,73.949997,74.739998,73.830002,74.480003,56.115162,1605300
2004-11-02,74.790001,75.220001,74.260002,74.459999,56.100082,1758200
2004-11-03,75.279999,75.650002,74.410004,74.760002,56.326084,1541800
2004-11-04,74.980003,76.510002,74.620003,76.5,57.637062,1544500
2004-11-05,76.699997,77.5,76.389999,77.139999,58.11924,1493400
2004-11-08,76.769997,77.400002,76.519997,77.050003,58.051434,1240500
2004-11-09,75.800003,77.889999,75.800003,77.75,58.600143,1912700
2004-11-10,78.0,78.910004,77.970001,78.650002,59.278461,1789500
2004-11-11,78.650002,79.32,78.5,79.25,59.73069,1755500
2004-11-12,79.400002,79.82,78.900002,79.720001,60.08493,1367800
2004-11-15,79.349998,79.970001,79.150002,79.730003,60.092484,1359700
2004-11-16,79.699997,79.709999,78.300003,78.330002,59.037296,1296400
2004-11-17,78.449997,79.940002,78.339996,78.779999,59.376431,1563600
2004-11-18,78.779999,79.559998,78.760002,79.239998,59.723148,724000
2004-11-19,79.260002,79.510002,77.519997,77.669998,58.539833,1156500
2004-11-22,77.82,78.480003,76.940002,78.209999,58.946838,1062500
2004-11-23,78.220001,79.800003,78.18,79.470001,59.896496,1503200
2004-11-24,79.5,80.0,79.400002,79.989998,60.288414,1103300
2004-11-26,79.900002,79.989998,79.699997,79.980003,60.280907,377800
2004-11-29,79.599998,79.669998,78.279999,78.510002,59.172939,1308700
2004-11-30,78.519997,78.910004,78.110001,78.580002,59.225689,1130400
2004-12-01,78.650002,79.599998,78.650002,79.300003,59.768375,1205300
2004-12-02,79.230003,80.290001,78.970001,79.910004,60.228149,1782200
2004-12-03,79.650002,80.010002,78.800003,79.239998,59.723148,1182100
2004-12-06,78.150002,79.790001,78.150002,79.349998,59.806057,1297300
2004-12-07,79.360001,79.82,78.669998,78.690002,59.308605,1265800
2004-12-08,78.599998,78.800003,77.900002,78.599998,59.240761,1101500
2004-12-09,78.449997,79.199997,77.540001,79.190002,59.685452,1325300
2004-12-10,79.449997,82.25,79.449997,81.120003,61.140102,3081200
2004-12-13,81.480003,81.980003,80.599998,81.980003,61.788284,2157300
2004-12-14,81.900002,81.989998,81.209999,81.860001,61.697876,1098400
2004-12-15,81.5,82.610001,81.230003,82.449997,62.142544,1314400
2004-12-16,82.199997,82.43,81.510002,81.82,61.667667,1043100
2004-12-17,81.220001,82.18,81.220001,82.040001,61.8335,1483400
2004-12-20,82.239998,82.839996,81.93,81.93,61.750607,952300
2004-12-21,82.25,82.860001,82.139999,82.75,62.36861,1019900
2004-12-22,82.75,82.800003,82.529999,82.730003,62.353554,712800
2004-12-23,82.709999,82.790001,82.32,82.43,62.127434,470000
2004-12-27,82.199997,83.080002,82.010002,82.809998,62.413837,866200
2004-12-28,83.400002,84.150002,83.360001,83.949997,63.273064,1068300
2004-12-29,84.160004,84.370003,83.660004,84.160004,63.431358,736500
2004-12-30,84.120003,84.449997,83.790001,83.790001,63.152473,642200
2004-12-31,83.800003,84.449997,83.449997,84.209999,63.469032,764500
2005-01-03,84.050003,84.75,83.540001,83.800003,63.159981,1721800
2005-01-04,84.0,84.489998,82.25,82.25,61.991776,1561500
2005-01-05,82.260002,82.489998,81.360001,81.43,61.373741,1507200
2005-01-06,81.489998,82.790001,80.910004,82.449997,62.142544,1397900
2005-01-07,82.510002,83.07,81.790001,81.959999,61.773212,1500900
2005-01-10,81.699997,82.860001,81.660004,82.309998,62.037003,910000
2005-01-11,81.800003,82.599998,81.550003,82.089996,61.871201,1202200
2005-01-12,81.870003,82.470001,80.93,82.470001,62.157589,1063200
2005-01-13,82.470001,82.93,81.959999,82.040001,61.8335,1272500
2005-01-14,82.099998,82.379997,81.589996,82.120003,61.893776,899800
2005-01-18,81.629997,83.080002,81.610001,82.93,62.504303,1253300
2005-01-19,82.93,83.120003,81.790001,82.099998,61.878719,1623800
2005-01-20,78.75,79.730003,77.599998,78.660004,59.285984,7369400
2005-01-21,78.669998,79.739998,78.389999,78.389999,59.082497,2908000
2005-01-24,78.32,78.400002,76.669998,76.75,57.84642,2275100
2005-01-25,77.300003,77.75,76.75,77.059998,58.080063,1757300
2005-01-26,77.470001,78.989998,77.199997,78.75,59.353821,1700800
2005-01-27,78.620003,78.82,77.620003,77.620003,58.502155,1580100
2005-01-28,77.769997,77.940002,76.949997,77.620003,58.502155,1359900
2005-01-31,77.949997,78.650002,77.589996,78.279999,58.999596,1284500
2005-02-01,78.18,79.629997,78.0,79.459999,59.888977,1891600
2005-02-02,79.279999,79.279999,77.989998,78.470001,59.142799,1440400
2005-02-03,78.480003,79.120003,78.18,78.419998,59.105129,1176800
2005-02-04,78.279999,78.919998,78.099998,78.830002,59.414127,1370100
2005-02-07,78.550003,79.230003,78.370003,78.57,59.218132,711900
2005-02-08,77.779999,78.309998,77.199997,77.32,58.296089,1507300
2005-02-09,77.949997,78.230003,76.599998,76.830002,57.926643,2081800
2005-02-10,76.860001,77.510002,76.43,77.199997,58.205593,1808000
2005-02-11,77.400002,78.730003,76.650002,78.400002,59.110355,1237100
2005-02-14,78.410004,79.099998,78.260002,78.849998,59.449627,1064100
2005-02-15,78.5,78.980003,78.160004,78.5,59.185745,1704200
2005-02-16,78.25,78.900002,78.050003,78.629997,59.283764,803100
2005-02-17,78.400002,78.800003,77.550003,77.879997,58.718307,1276500
2005-02-18,77.800003,77.809998,76.559998,76.82,57.919094,1624700
2005-02-22,76.360001,77.099998,74.629997,75.0,56.546894,2423500
2005-02-23,75.0,76.449997,74.699997,75.419998,56.863529,2393300
2005-02-24,75.199997,76.050003,74.959999,76.0,57.300854,1281700
2005-02-25,75.690002,77.550003,75.599998,77.349998,58.318684,1350300
2005-02-28,77.25,77.300003,76.459999,76.68,57.813541,1795500
2005-03-01,77.120003,77.480003,76.309998,76.75,57.86631,1390600
2005-03-02,76.349998,77.300003,76.279999,76.540001,57.707958,1037000
2005-03-03,77.25,77.489998,76.260002,76.599998,57.753223,1688500
2005-03-04,77.0,78.459999,76.980003,78.080002,58.869102,2038000
2005-03-07,75.0,77.739998,75.0,76.0,57.300854,9542300
2005-03-08,76.599998,78.75,76.599998,78.75,59.374245,6974700
2005-03-09,78.75,80.050003,78.25,78.400002,59.110355,4473400
2005-03-10,78.449997,78.949997,77.82,78.709999,59.344063,2216800
2005-03-11,78.709999,79.309998,77.25,77.879997,58.718307,2456700
2005-03-14,78.25,79.129997,78.040001,79.010002,59.570236,2108300
2005-03-15,79.370003,79.370003,78.050003,78.199997,58.959534,2438500
2005-03-16,78.199997,78.199997,76.800003,77.0,58.054817,2709100
2005-03-17,77.25,77.459999,76.419998,76.93,58.002007,1865100
2005-03-18,77.099998,77.099998,75.900002,76.639999,57.78339,2821000
2005-03-21,76.639999,77.470001,76.379997,76.959999,58.024662,1910600
2005-03-22,76.900002,77.220001,75.43,75.639999,57.029423,2044600
2005-03-23,75.440002,76.07,74.800003,75.809998,57.157604,2614000
2005-03-24,75.860001,76.279999,74.839996,75.050003,56.584614,1929100
2005-03-28,75.449997,75.449997,73.82,74.160004,55.91357,2588300
2005-03-29,73.769997,74.379997,73.150002,73.760002,55.611988,2229500
2005-03-30,73.879997,74.709999,73.68,74.709999,56.328224,1654800
2005-03-31,74.75,75.0,74.199997,74.769997,56.373478,2110400
2005-04-01,76.0,77.0,74.300003,74.68,56.305611,2560400
2005-04-04,74.769997,75.5,73.699997,74.830002,56.418713,1839400
2005-04-05,75.010002,75.699997,74.849998,75.099998,56.622288,1125400
2005-04-06,75.080002,75.660004,75.010002,75.169998,56.675049,977600
2005-04-07,75.07,75.540001,74.550003,75.279999,56.757984,1312100
2005-04-08,75.290001,75.309998,73.860001,74.360001,56.06435,1296900
2005-04-11,74.279999,74.650002,73.559998,74.050003,55.830616,1350200
2005-04-12,73.75,75.470001,73.330002,74.900002,56.471497,2244100
2005-04-13,74.980003,75.480003,74.199997,74.529999,56.192535,2103200
2005-04-14,74.279999,74.779999,74.040001,74.230003,55.966339,2225600
2005-04-15,73.800003,74.43,72.550003,73.0,55.038967,2640000
2005-04-18,72.839996,73.599998,72.550003,72.839996,54.918335,2115900
2005-04-19,72.779999,73.739998,72.370003,73.449997,55.378246,1463500
2005-04-20,73.400002,74.279999,72.239998,72.239998,54.465969,2273100
2005-04-21,72.300003,72.32,69.089996,71.629997,54.006035,8626900
2005-04-22,71.349998,72.419998,70.230003,70.650002,53.267181,2972400
2005-04-25,70.82,72.459999,70.599998,71.790001,54.126682,2030900
2005-04-26,71.800003,72.129997,70.989998,70.989998,53.523502,1420400
2005-04-27,71.050003,72.010002,70.5,71.610001,53.990967,1854000
2005-04-28,71.300003,72.099998,70.699997,70.949997,53.493362,1698600
2005-04-29,71.269997,71.349998,69.360001,70.889999,53.448135,3128600
2005-05-02,71.07,71.889999,71.059998,71.720001,54.073902,1573800
2005-05-03,71.5,72.510002,71.290001,71.57,53.9608,1741800
2005-05-04,71.699997,73.239998,71.589996,72.5,54.661987,2731000
2005-05-05,72.650002,73.239998,71.510002,72.0,54.285019,2235800
2005-05-06,72.5,72.75,71.559998,71.559998,53.973526,1835700
2005-05-09,71.519997,72.290001,70.860001,71.709999,54.086628,1827100
2005-05-10,71.18,71.599998,71.059998,71.080002,53.611481,1981800
2005-05-11,71.550003,72.370003,71.050003,71.959999,54.275211,1886700
2005-05-12,71.959999,72.769997,71.080002,71.220001,53.717064,2037300
2005-05-13,71.059998,71.870003,70.519997,71.019997,53.566212,1946500
2005-05-16,71.150002,72.760002,71.150002,72.690002,54.825813,2401700
2005-05-17,72.5,73.339996,71.769997,73.260002,55.255707,1803700
2005-05-18,73.199997,74.669998,73.199997,74.199997,55.96471,2880500
2005-05-19,74.550003,75.010002,74.07,74.510002,56.198528,1931600
2005-05-20,74.349998,74.459999,73.889999,74.339996,56.070293,1189300
2005-05-23,74.339996,74.589996,74.0,74.120003,55.904373,2045900
2005-05-24,73.949997,74.290001,73.389999,74.199997,55.96471,1335800
2005-05-25,74.580002,74.580002,73.650002,73.989998,55.806324,1654000
2005-05-26,73.989998,74.790001,73.550003,74.370003,56.092926,2171300
2005-05-27,74.68,74.949997,74.510002,74.870003,56.470039,1845300
2005-05-31,74.900002,75.400002,72.919998,75.400002,56.869804,4862000
2005-06-01,75.059998,75.959999,74.870003,75.529999,56.96785,1946300
2005-06-02,75.900002,75.900002,75.080002,75.459999,56.915051,941100
2005-06-03,75.459999,75.599998,74.120003,74.93,56.515316,1438800
2005-06-06,74.5,74.849998,74.150002,74.75,56.379524,1511000
2005-06-07,75.120003,75.910004,74.860001,75.0,56.568104,1960600
2005-06-08,75.699997,75.699997,74.760002,74.879997,56.4776,1191300
2005-06-09,74.889999,75.699997,74.5,75.32,56.809456,1030700
2005-06-10,75.150002,75.150002,74.339996,74.540001,56.221157,1115700
2005-06-13,74.260002,75.040001,74.040001,74.650002,56.304096,1139600
2005-06-14,74.400002,74.690002,73.919998,74.400002,56.115543,1176900
2005-06-15,74.949997,75.120003,74.300003,75.080002,56.628433,1561600
2005-06-16,75.080002,75.169998,74.339996,74.900002,56.492661,1420300
2005-06-17,75.309998,75.32,74.709999,74.980003,56.553043,2219400
2005-06-20,74.639999,75.279999,74.580002,74.980003,56.553043,1295200
2005-06-21,74.830002,75.190002,74.389999,74.790001,56.409695,1217100
2005-06-22,75.160004,75.330002,74.139999,74.440002,56.145733,1196300
2005-06-23,74.199997,74.470001,72.599998,73.099998,55.135017,2004500
2005-06-24,73.110001,73.800003,73.110001,73.360001,55.331131,1904700
2005-06-27,73.110001,73.699997,72.949997,73.620003,55.527248,1270400
2005-06-28,73.800003,74.459999,73.43,74.349998,56.077847,1345900
2005-06-29,74.360001,74.540001,73.690002,73.889999,55.730904,2084300
2005-06-30,79.0,80.519997,78.349998,80.010002,60.346832,13553100
2005-07-01,80.010002,80.510002,78.519997,78.800003,59.43425,3677600
2005-07-05,78.75,79.279999,78.709999,79.0,59.585087,2138100
2005-07-06,78.849998,80.279999,78.839996,79.620003,60.052708,2785300
2005-07-07,79.199997,81.519997,78.540001,81.459999,61.440468,3163700
2005-07-08,81.220001,81.900002,80.57,81.849998,61.734623,1867600
2005-07-11,81.900002,83.330002,81.75,82.379997,62.134403,2617100
2005-07-12,82.580002,83.169998,82.209999,82.82,62.466255,1683300
2005-07-13,82.599998,83.080002,82.510002,82.970001,62.579418,1433000
2005-07-14,83.449997,83.449997,81.599998,82.389999,62.141956,2056800
2005-07-15,82.650002,82.650002,81.839996,82.169998,61.976032,994500
2005-07-18,82.050003,82.050003,81.580002,81.599998,61.546108,1035700
2005-07-19,82.150002,82.25,81.25,81.260002,61.289642,1100300
2005-07-20,81.269997,81.739998,80.830002,81.050003,61.131271,1640300
2005-07-21,83.0,84.849998,82.889999,84.169998,63.484489,3839500
2005-07-22,83.860001,85.050003,83.610001,84.900002,64.035095,2381200
2005-07-25,84.0,84.279999,83.639999,83.739998,63.160149,2204000
2005-07-26,83.830002,83.889999,83.169998,83.660004,63.099808,1086000
2005-07-27,83.650002,83.779999,82.980003,83.080002,62.662373,1713500
2005-07-28,82.75,83.650002,82.349998,83.589996,63.046997,1263400
2005-07-29,83.400002,83.43,82.360001,82.5,62.224911,922100
2005-08-01,82.75,83.419998,82.75,83.349998,62.866013,1213900
2005-08-02,83.349998,83.830002,83.220001,83.459999,62.949009,724100
2005-08-03,83.5,83.5,82.75,83.139999,62.707642,882600
2005-08-04,83.139999,84.089996,82.940002,83.949997,63.318573,1992000
2005-08-05,83.75,84.43,83.089996,84.349998,63.620239,1894500
2005-08-08,84.389999,85.129997,83.599998,83.949997,63.338825,2175200
2005-08-09,84.089996,85.25,84.050003,84.540001,63.783974,2212600
2005-08-10,84.650002,84.650002,82.699997,82.720001,62.410805,1936700
2005-08-11,82.720001,83.400002,82.019997,83.379997,62.908798,1415900
2005-08-12,83.0,83.660004,82.900002,83.330002,62.871025,860500
2005-08-15,83.089996,83.769997,82.809998,83.480003,62.984245,780100
2005-08-16,83.75,84.779999,83.629997,83.709999,63.157749,2357600
2005-08-17,83.800003,85.449997,83.800003,85.220001,64.297035,2384000
2005-08-18,85.220001,85.279999,84.410004,84.800003,63.980179,965700
2005-08-19,85.0,85.099998,84.519997,84.800003,63.980179,1106900
2005-08-22,85.0,85.489998,84.419998,85.440002,64.463028,1459900
2005-08-23,85.5,85.970001,83.989998,84.120003,63.467121,1459500
2005-08-24,84.139999,84.139999,82.800003,82.839996,62.501362,1387300
2005-08-25,83.040001,83.089996,82.370003,82.849998,62.508911,1260400
2005-08-26,82.699997,82.709999,81.099998,81.139999,61.21875,2125100
2005-08-29,81.139999,82.099998,80.309998,81.699997,61.64127,1738000
2005-08-30,81.550003,81.760002,80.550003,81.360001,61.384716,1777400
2005-08-31,81.360001,82.239998,80.010002,82.239998,62.048649,8900500
2005-09-01,81.989998,82.019997,78.900002,80.129997,60.456696,6408800
2005-09-02,80.139999,82.110001,80.059998,82.040001,61.89777,4885000
2005-09-06,82.07,82.290001,80.110001,80.5,60.735847,3424600
2005-09-07,81.519997,82.0,79.160004,79.449997,59.943657,8041400
2005-09-08,79.029999,79.779999,78.699997,78.980003,59.589066,3427600
2005-09-09,78.989998,79.459999,78.93,79.300003,59.830513,2081800
2005-09-12,79.349998,80.730003,79.349998,80.709999,60.894329,3386400
2005-09-13,80.849998,81.089996,80.25,80.550003,60.773605,3075000
2005-09-14,80.550003,80.800003,80.080002,80.480003,60.720772,2346600
2005-09-15,80.730003,80.800003,80.029999,80.279999,60.569885,2803000
2005-09-16,80.650002,82.0,80.519997,82.0,61.867626,3984600
2005-09-19,82.059998,82.07,80.660004,81.949997,61.829876,2121400
2005-09-20,82.269997,82.650002,81.349998,81.940002,61.822323,2446600
2005-09-21,81.300003,81.32,79.309998,79.410004,59.913486,2580900
2005-09-22,79.410004,79.669998,77.879997,79.349998,59.868206,2883600
2005-09-23,79.599998,80.110001,78.519997,79.860001,60.252983,1730900
2005-09-26,80.720001,80.800003,79.919998,80.57,60.7887,2309600
2005-09-27,80.879997,80.93,79.610001,80.160004,60.479336,2110900
2005-09-28,80.529999,80.790001,79.739998,80.0,60.358643,3391100
2005-09-29,79.800003,80.489998,79.620003,80.400002,60.660439,3122400
2005-09-30,79.760002,79.849998,78.839996,79.519997,59.996471,2917300
2005-10-03,79.400002,80.330002,79.300003,80.099998,60.434082,2080400
2005-10-04,80.099998,80.199997,78.580002,78.709999,59.385345,3096100
2005-10-05,78.5,78.5,77.080002,77.129997,58.193253,3567400
2005-10-06,77.349998,77.370003,75.339996,76.07,57.393501,3645200
2005-10-07,76.099998,76.419998,75.330002,75.540001,56.993626,2413100
2005-10-10,75.540001,75.589996,74.18,74.800003,56.435318,4168600
2005-10-11,74.699997,75.0,73.239998,73.459999,55.424313,5038500
2005-10-12,72.0,73.800003,71.830002,72.730003,54.873535,4950300
2005-10-13,72.400002,73.199997,71.940002,72.010002,54.330315,4206100
2005-10-14,73.370003,73.800003,72.029999,72.970001,55.054615,2596500
2005-10-17,73.699997,74.400002,72.5,72.650002,54.813187,2814100
2005-10-18,72.650002,73.68,72.129997,72.129997,54.420853,2185200
2005-10-19,72.139999,73.550003,71.150002,73.550003,55.492214,2678400
2005-10-20,73.540001,74.5,71.599998,72.599998,54.775444,2856700
2005-10-21,72.690002,75.760002,72.260002,74.449997,56.171246,5043900
2005-10-24,74.449997,76.019997,74.410004,75.910004,57.272785,2238200
2005-10-25,75.220001,76.5,74.169998,74.779999,56.420261,3120200
2005-10-26,74.550003,75.489998,74.199997,75.019997,56.601307,1971200
2005-10-27,74.82,75.089996,74.010002,74.160004,55.952438,1780500
2005-10-28,74.169998,75.419998,74.0,75.260002,56.782375,1743400
2005-10-31,75.260002,76.589996,75.230003,76.349998,57.604763,2088700
2005-11-01,76.150002,76.580002,75.470001,75.790001,57.182243,3137000
2005-11-02,75.5,76.5,75.050003,75.75,57.152081,1864600
2005-11-03,76.0,76.540001,74.739998,75.540001,56.993626,2985200
2005-11-04,76.150002,76.5,75.830002,76.260002,57.536861,1543800
2005-11-07,76.360001,77.709999,76.360001,77.300003,58.321541,1569200
2005-11-08,77.099998,77.099998,74.900002,75.199997,56.756924,3409700
2005-11-09,75.5,78.290001,75.5,78.059998,58.915539,3998200
2005-11-10,78.300003,81.080002,78.099998,80.580002,60.817459,4944100
2005-11-11,82.010002,82.400002,80.589996,80.82,60.998627,4368600
2005-11-14,80.830002,81.099998,80.050003,80.910004,61.066566,3510600
2005-11-15,81.0,81.720001,80.709999,81.25,61.323154,2640700
2005-11-16,81.25,82.040001,80.690002,81.739998,61.692974,5350700
2005-11-17,82.419998,82.75,82.0,82.699997,62.417553,2406700
2005-11-18,84.25,84.400002,83.0,84.339996,63.655327,2924800
2005-11-21,84.220001,84.279999,83.18,84.18,63.534554,1609600
2005-11-22,83.870003,84.699997,83.0,84.379997,63.685474,1451000
2005-11-23,84.389999,84.940002,84.080002,84.529999,63.79874,1714400
2005-11-25,84.529999,85.110001,84.489998,84.940002,64.108162,646200
2005-11-28,84.790001,85.419998,83.519997,83.550003,63.059059,2596200
2005-11-29,84.0,84.68,83.720001,83.809998,63.255299,2004000
2005-11-30,83.959999,84.419998,82.870003,83.059998,62.689243,2071500
2005-12-01,83.190002,84.589996,83.190002,84.25,63.587418,1562300
2005-12-02,84.25,84.760002,83.849998,84.529999,63.79874,605000
2005-12-05,84.099998,84.410004,83.029999,83.970001,63.376049,1132200
2005-12-06,83.970001,85.449997,83.949997,84.75,63.964767,1619600
2005-12-07,84.519997,84.709999,83.339996,83.599998,63.09679,1242000
2005-12-08,83.599998,83.650002,82.360001,82.790001,62.485466,1726600
2005-12-09,82.809998,84.900002,82.809998,84.470001,63.753441,1605700
2005-12-12,84.970001,85.25,83.419998,83.82,63.262833,1889700
2005-12-13,83.32,83.769997,82.720001,83.25,62.832657,1834700
2005-12-14,83.169998,84.900002,83.169998,84.809998,64.010048,1689000
2005-12-15,84.919998,85.830002,84.400002,85.730003,64.704399,2163200
2005-12-16,85.879997,86.0,84.900002,85.739998,64.711967,3395800
2005-12-19,85.25,86.269997,84.809998,86.0,64.908195,2515800
2005-12-20,86.0,88.559998,85.989998,87.849998,66.304512,3780800
2005-12-21,87.699997,88.339996,87.269997,87.709999,66.198784,2140900
2005-12-22,87.720001,87.870003,87.339996,87.779999,66.251656,689800
2005-12-23,88.080002,88.370003,87.800003,88.010002,66.425255,535500
2005-12-27,87.900002,88.43,86.739998,86.989998,65.655396,686200
2005-12-28,86.940002,87.25,86.110001,86.57,65.338409,987200
2005-12-29,86.690002,87.25,86.5,86.709999,65.444084,1179300
2005-12-30,86.690002,86.690002,85.910004,86.400002,65.210106,632500
2006-01-03,86.400002,86.980003,84.349998,86.980003,65.647858,1934000
2006-01-04,86.980003,87.18,85.589996,86.419998,65.225182,1751500
2006-01-05,86.550003,86.949997,86.0,86.440002,65.240295,1365100
2006-01-06,86.800003,86.849998,85.690002,86.440002,65.240295,904000
2006-01-09,86.550003,88.629997,86.540001,88.120003,66.508247,1598400
2006-01-10,87.050003,87.870003,87.010002,87.720001,66.206375,1359200
2006-01-11,88.190002,89.139999,87.540001,88.0,66.417679,1923600
2006-01-12,87.949997,88.349998,86.629997,86.699997,65.436531,1372000
2006-01-13,87.099998,87.110001,86.540001,86.639999,65.391228,1616800
2006-01-17,86.050003,86.470001,85.519997,86.0,64.908195,1257400
2006-01-18,85.699997,86.300003,85.699997,86.0,64.908195,1248500
2006-01-19,86.379997,86.760002,85.150002,85.519997,64.545906,1580100
2006-01-20,86.0,87.269997,85.010002,85.169998,64.281792,3761800
2006-01-23,85.800003,86.300003,84.400002,84.5,63.776089,1973500
2006-01-24,84.550003,85.440002,84.199997,84.379997,63.685474,1853800
2006-01-25,84.629997,84.68,83.290001,83.5,63.021328,1752200
2006-01-26,84.949997,85.0,84.239998,84.800003,64.002525,1929600
2006-01-27,84.809998,85.029999,84.220001,84.739998,63.957172,1426200
2006-01-30,84.949997,85.150002,84.279999,84.279999,63.610039,1013700
2006-01-31,84.290001,84.339996,83.0,83.300003,62.87035,2208600
2006-02-01,83.389999,83.589996,82.690002,83.269997,62.847748,1949000
2006-02-02,83.260002,83.269997,82.410004,82.699997,62.417553,1347000
2006-02-03,82.599998,83.580002,82.419998,83.269997,62.847748,1358300
2006-02-06,83.25,83.57,83.010002,83.300003,62.87035,1293300
2006-02-07,82.68,83.129997,81.57,81.75,61.700535,1521300
2006-02-08,81.699997,83.519997,81.220001,83.459999,63.011959,1439800
2006-02-09,83.889999,84.690002,83.830002,84.129997,63.517776,1909900
2006-02-10,84.279999,85.25,83.699997,85.169998,64.303017,1528700
2006-02-13,84.300003,86.099998,84.300003,85.989998,64.922089,1796900
2006-02-14,86.010002,87.120003,85.419998,86.830002,65.55629,1947800
2006-02-15,87.809998,88.830002,87.699997,88.559998,66.862427,3199900
2006-02-16,88.290001,88.769997,87.269997,87.900002,66.364105,1487700
2006-02-17,88.0,88.099998,87.160004,87.260002,65.88092,1222900
2006-02-21,87.260002,87.959999,87.150002,87.209999,65.843185,788400
2006-02-22,87.209999,89.849998,87.209999,89.68,67.708015,2258900
2006-02-23,89.800003,89.800003,88.400002,88.790001,67.036087,1117900
2006-02-24,87.800003,88.940002,87.410004,88.849998,67.081367,1896100
2006-02-27,89.629997,89.660004,88.68,88.779999,67.028534,1545900
2006-02-28,88.82,88.879997,87.150002,87.599998,66.137634,1430800
2006-03-01,87.900002,88.43,87.580002,88.290001,66.658585,1570700
2006-03-02,88.300003,89.300003,88.300003,89.160004,67.31543,1726200
2006-03-03,89.0,89.5,88.110001,88.349998,66.703865,989400
2006-03-06,88.349998,88.690002,87.18,87.480003,66.047012,887700
2006-03-07,87.349998,87.470001,86.459999,86.800003,65.533653,964500
2006-03-08,86.949997,87.0,85.309998,86.029999,64.952278,1275000
2006-03-09,86.970001,87.629997,85.720001,85.900002,64.854156,1829800
2006-03-10,87.620003,90.040001,87.400002,89.919998,67.889229,2840000
2006-03-13,84.900002,85.300003,82.709999,83.099998,62.740143,16867900
2006-03-14,82.519997,82.699997,81.739998,82.349998,62.173912,8764700
2006-03-15,82.349998,83.529999,81.849998,83.040001,62.694866,5976500
2006-03-16,83.150002,84.080002,83.0,84.0,63.419643,5874400
2006-03-17,84.0,84.099998,81.669998,81.900002,61.834118,5895500
2006-03-20,81.650002,81.959999,80.160004,81.0,61.154682,6089800
2006-03-21,81.099998,81.440002,80.699997,80.93,61.101841,2354600
2006-03-22,81.199997,82.190002,81.099998,82.059998,61.954971,3968300
2006-03-23,82.0,82.260002,81.660004,81.919998,61.849224,2761800
2006-03-24,81.919998,82.599998,81.57,82.099998,61.985157,2434000
2006-03-27,82.150002,82.760002,81.769997,82.480003,62.272068,2112100
2006-03-28,82.480003,82.760002,81.300003,81.300003,61.381168,2551700
2006-03-29,81.5,82.300003,81.290001,81.760002,61.72847,2290500
2006-03-30,81.760002,81.790001,80.360001,80.900002,61.079163,2335000
2006-03-31,80.089996,80.959999,80.089996,80.519997,60.792271,2929600
2006-04-03,80.800003,81.580002,80.410004,81.099998,61.230148,2282400
2006-04-04,81.269997,82.449997,80.919998,82.18,62.045582,2181400
2006-04-05,82.779999,83.0,82.139999,82.389999,62.204102,1677000
2006-04-06,83.75,83.769997,82.230003,82.580002,62.347569,2253100
2006-04-07,83.349998,83.440002,82.290001,83.089996,62.732613,2262200
2006-04-10,83.349998,83.839996,83.25,83.510002,63.049728,1876100
2006-04-11,83.519997,83.660004,82.669998,82.849998,62.551437,1539500
2006-04-12,83.150002,83.379997,82.699997,83.25,62.853401,1528100
2006-04-13,83.510002,84.300003,83.43,83.900002,63.34412,2950400
2006-04-17,82.5,83.5,82.400002,83.410004,62.974171,3582400
2006-04-18,83.5,84.239998,83.489998,84.010002,63.427204,2925800
2006-04-19,84.0,84.099998,83.300003,83.830002,63.291271,2142000
2006-04-20,83.949997,83.949997,83.330002,83.57,63.094971,2128700
2006-04-21,85.5,86.330002,84.669998,86.089996,64.997589,6070500
2006-04-24,86.059998,86.059998,84.690002,85.559998,64.59742,2608600
2006-04-25,85.050003,85.669998,84.620003,84.830002,64.046295,2097700
2006-04-26,85.080002,85.639999,84.75,85.199997,64.325615,2641800
2006-04-27,85.099998,86.150002,84.43,85.660004,64.672943,3184300
2006-04-28,85.660004,87.019997,85.410004,86.639999,65.412834,2961600
2006-05-01,87.129997,87.160004,85.410004,85.5,64.552147,2069800
2006-05-02,85.349998,85.790001,84.529999,85.370003,64.454002,3110200
2006-05-03,85.510002,85.75,84.980003,85.57,64.605003,1369100
2006-05-04,86.379997,86.379997,84.970001,85.150002,64.287895,1840400
2006-05-05,85.599998,86.349998,85.489998,85.82,64.793724,1481100
2006-05-08,85.800003,86.309998,85.690002,86.279999,65.16156,1226700
2006-05-09,86.360001,87.120003,86.349998,86.889999,65.622231,1940200
2006-05-10,86.879997,87.330002,86.669998,87.230003,65.878998,1926500
2006-05-11,87.440002,87.5,86.349998,86.779999,65.539162,2479400
2006-05-12,86.949997,87.099998,85.900002,86.0,64.950081,1909300
2006-05-15,86.0,86.519997,85.830002,86.519997,65.342804,1528400
2006-05-16,86.519997,86.519997,85.589996,85.82,64.814117,1021300
2006-05-17,85.5,85.510002,83.910004,84.139999,63.54533,2633100
2006-05-18,83.470001,85.040001,83.470001,83.870003,63.341442,2179100
2006-05-19,84.050003,84.550003,83.190002,83.730003,63.235695,1732600
2006-05-22,82.900002,83.349998,81.690002,81.919998,61.868687,2890600
2006-05-23,82.410004,83.290001,82.18,82.43,62.253872,1511000
2006-05-24,82.300003,82.459999,81.050003,81.910004,61.861214,1729600
2006-05-25,82.400002,83.32,81.690002,83.269997,62.888294,2160000
2006-05-26,83.199997,83.860001,83.059998,83.550003,63.099754,1179900
2006-05-30,83.300003,83.339996,82.25,82.519997,62.32185,1338500
2006-05-31,82.699997,83.029999,82.199997,82.769997,62.510685,1482600
2006-06-01,82.360001,83.610001,82.260002,83.529999,63.08466,1697400
2006-06-02,83.980003,84.349998,83.120003,83.709999,63.22057,1384000
2006-06-05,83.300003,83.360001,81.730003,82.0,61.929169,1353700
2006-06-06,82.150002,82.68,81.870003,82.68,62.442703,2020400
2006-06-07,82.82,83.739998,82.769997,83.18,62.82032,2751600
2006-06-08,82.849998,83.5,82.040001,83.379997,62.971378,1715200
2006-06-09,83.080002,84.099998,82.75,83.209999,62.842957,1196000
2006-06-12,83.879997,83.980003,83.019997,83.089996,62.752354,1388800
2006-06-13,83.25,84.18,82.0,82.5,62.306728,2517000
2006-06-14,82.300003,83.059998,81.800003,82.559998,62.352097,2432900
2006-06-15,82.870003,83.93,82.25,83.730003,63.235695,2113800
2006-06-16,83.599998,84.0,83.18,83.82,63.303638,1650200
2006-06-19,84.25,84.93,83.949997,84.139999,63.54533,2116800
2006-06-20,83.769997,84.760002,83.75,84.0,63.439602,1344400
2006-06-21,84.160004,85.540001,84.160004,85.129997,64.293037,2006700
2006-06-22,85.360001,85.660004,84.809998,84.959999,64.164604,1764700
2006-06-23,85.099998,85.940002,84.43,85.389999,64.489395,1923600
2006-06-26,85.949997,86.059998,85.650002,85.900002,64.874573,2045700
2006-06-27,85.900002,86.199997,84.309998,84.400002,63.74168,1372300
2006-06-28,84.5,85.0,84.050003,84.889999,64.11174,1244700
2006-06-29,85.349998,87.0,85.120003,86.839996,65.584457,2593000
2006-06-30,86.830002,87.110001,85.449997,85.449997,64.534676,2156800
2006-07-03,85.68,86.519997,85.360001,86.120003,65.04068,1016900
2006-07-05,86.120003,86.120003,84.059998,84.279999,63.651077,2163600
2006-07-06,84.480003,84.660004,83.75,84.239998,63.620846,1717900
2006-07-07,84.239998,85.089996,83.769997,84.720001,63.983356,2040400
2006-07-10,84.730003,85.129997,84.449997,84.980003,64.179741,2219100
2006-07-11,85.5,85.5,84.419998,85.050003,64.232605,2145200
2006-07-12,85.349998,85.809998,84.629997,84.760002,64.013596,1360800
2006-07-13,84.760002,84.760002,83.519997,83.629997,63.160168,2436900
2006-07-14,83.639999,83.669998,82.480003,83.18,62.82032,1226500
2006-07-17,83.099998,83.370003,82.650002,83.07,62.737217,946800
2006-07-18,83.25,84.040001,82.720001,82.900002,62.608837,2589900
2006-07-19,83.25,86.120003,83.25,85.870003,64.851875,4134600
2006-07-20,85.949997,87.190002,85.599998,86.169998,65.078484,4499200
2006-07-21,80.949997,81.059998,76.699997,77.699997,58.681637,14128700
2006-07-24,77.699997,78.010002,76.25,77.720001,58.696789,4452400
2006-07-25,77.300003,78.519997,77.300003,78.330002,59.157452,2546700
2006-07-26,78.5,79.120003,77.690002,78.690002,59.429314,2188400
2006-07-27,78.800003,79.239998,75.309998,75.660004,57.140972,3155800
2006-07-28,74.860001,78.150002,74.860001,77.690002,58.67408,2635000
2006-07-31,77.690002,77.980003,77.230003,77.349998,58.417313,1648200
2006-08-01,78.919998,79.0,77.110001,78.699997,59.436844,2186800
2006-08-02,79.150002,79.650002,78.839996,79.480003,60.025974,2209300
2006-08-03,79.480003,80.760002,78.949997,80.75,60.985096,3061200
2006-08-04,81.5,82.25,78.93,79.150002,59.776737,2908700
2006-08-07,78.550003,78.93,77.550003,78.440002,59.240536,1997800
2006-08-08,78.330002,78.550003,76.82,77.290001,58.392059,2514000
2006-08-09,77.43,77.870003,74.610001,74.660004,56.405155,2970400
2006-08-10,74.660004,74.660004,73.330002,73.400002,55.45322,3850300
2006-08-11,73.599998,73.900002,71.769997,71.82,54.259544,5039000
2006-08-14,72.209999,73.309998,72.0,72.879997,55.060375,3859400
2006-08-15,73.5,74.199997,73.379997,73.900002,55.830975,2292300
2006-08-16,74.699997,74.980003,73.660004,74.43,56.231403,2215800
2006-08-17,74.43,75.190002,74.32,75.010002,56.669575,2100700
2006-08-18,75.199997,75.199997,73.949997,74.290001,56.125618,1587300
2006-08-21,74.040001,74.290001,73.07,73.07,55.203911,1521700
2006-08-22,73.0,73.169998,71.989998,72.099998,54.471092,2439000
2006-08-23,72.199997,72.989998,71.669998,71.940002,54.350178,1991800
2006-08-24,71.849998,72.260002,70.849998,71.0,53.640041,1789700
2006-08-25,70.849998,70.900002,69.300003,69.879997,52.793861,3409000
2006-08-28,70.150002,71.129997,69.5,70.980003,53.624928,3158000
2006-08-29,70.730003,72.199997,70.610001,72.010002,54.403091,3159600
2006-08-30,72.199997,73.989998,72.019997,73.379997,55.438114,3569600
2006-08-31,73.370003,73.650002,72.720001,73.099998,55.226555,1990800
2006-09-01,74.0,74.029999,73.080002,73.459999,55.498554,1841600
2006-09-05,73.75,74.43,73.309998,74.400002,56.208714,1734900
2006-09-06,74.339996,74.370003,72.639999,72.82,55.015041,1966000
2006-09-07,72.800003,73.279999,72.07,72.349998,54.65992,1776000
2006-09-08,72.150002,72.540001,71.900002,72.459999,54.743065,2044900
2006-09-11,72.099998,72.739998,71.610001,71.870003,54.297337,1810300
2006-09-12,72.400002,75.949997,72.360001,75.949997,57.379738,3856900
2006-09-13,75.93,76.18,75.25,75.720001,57.20594,2996300
2006-09-14,75.879997,75.93,74.019997,74.470001,56.261597,2641600
2006-09-15,74.650002,76.25,74.650002,76.089996,57.485516,3424000
2006-09-18,76.599998,76.900002,75.599998,75.809998,57.273949,1931600
2006-09-19,75.400002,75.410004,74.559998,75.089996,56.730011,2209800
2006-09-20,75.150002,77.169998,75.150002,76.919998,58.112568,2329500
2006-09-21,77.25,77.830002,76.150002,76.540001,57.825466,3855200
2006-09-22,77.0,77.43,76.5,76.949997,58.13522,1715600
2006-09-25,77.050003,77.790001,76.550003,77.589996,58.618744,2259100
2006-09-26,77.650002,78.07,77.25,77.669998,58.679176,3451100
2006-09-27,77.900002,78.720001,77.440002,78.370003,59.208023,1811900
2006-09-28,78.309998,80.099998,78.309998,80.099998,60.51503,3517100
2006-09-29,80.68,80.68,78.550003,78.660004,59.427143,2059700
2006-10-02,79.0,79.050003,77.129997,77.309998,58.407211,2190500
2006-10-03,77.599998,78.870003,77.529999,78.290001,59.147591,1620600
2006-10-04,78.290001,79.300003,77.809998,79.290001,59.90308,1103900
2006-10-05,79.290001,79.599998,78.129997,79.059998,59.729313,1590300
2006-10-06,78.550003,78.769997,77.559998,78.610001,59.389336,1491000
2006-10-09,78.620003,79.470001,78.43,79.339996,59.940842,1130300
2006-10-10,79.699997,80.599998,79.650002,80.300003,60.666142,2898900
2006-10-11,79.300003,79.830002,77.800003,79.459999,60.031509,3165800
2006-10-12,79.989998,81.25,79.800003,81.230003,61.36874,2617100
2006-10-13,81.739998,81.919998,81.440002,81.620003,61.663368,1650800
2006-10-16,81.589996,81.620003,80.910004,81.559998,61.618034,1393000
2006-10-17,81.050003,81.400002,80.019997,80.660004,60.93811,1705000
2006-10-18,81.599998,81.599998,79.029999,80.110001,60.522575,3640300
2006-10-19,81.0,82.830002,79.510002,81.900002,61.874916,4278200
2006-10-20,82.150002,82.300003,80.690002,81.239998,61.376251,2640700
2006-10-23,81.099998,82.110001,80.720001,80.919998,61.134506,1515400
2006-10-24,81.480003,81.480003,80.529999,80.650002,60.930569,1652500
2006-10-25,80.32,82.519997,80.300003,82.419998,62.267765,2400000
2006-10-26,82.5,83.0,81.599998,82.720001,62.494419,1881700
2006-10-27,82.150002,82.519997,81.529999,81.660004,61.693569,2346700
2006-10-30,81.720001,81.739998,80.5,81.209999,61.35363,1944600
2006-10-31,81.25,81.25,78.849998,79.330002,59.933319,4801400
2006-11-01,79.949997,79.959999,76.400002,76.860001,58.067211,5051700
2006-11-02,76.860001,77.190002,75.800003,76.660004,57.916111,2293900
2006-11-03,77.5,78.029999,76.349998,76.559998,57.84058,2204600
2006-11-06,77.050003,78.769997,76.889999,78.68,59.442223,2418200
2006-11-07,78.5,78.800003,77.459999,77.57,58.603607,1950000
2006-11-08,77.25,77.559998,76.720001,77.5,58.57111,1271400
2006-11-09,77.75,77.830002,76.220001,76.419998,57.75491,2830000
2006-11-10,76.669998,77.639999,76.650002,77.519997,58.586258,1739400
2006-11-13,77.5,78.269997,77.300003,77.5,58.57111,1182700
2006-11-14,77.5,77.769997,76.330002,77.050003,58.231026,2334500
2006-11-15,77.0,77.25,76.510002,77.089996,58.261272,2313700
2006-11-16,77.190002,77.519997,75.220001,75.599998,57.135166,4028000
2006-11-17,75.199997,76.059998,74.0,75.5,57.059612,3219000
2006-11-20,75.5,76.150002,74.889999,74.970001,56.659054,1883900
2006-11-21,75.099998,75.650002,74.760002,74.980003,56.666637,1673200
2006-11-22,75.449997,75.620003,75.010002,75.620003,57.150337,1618700
2006-11-24,75.050003,75.550003,74.870003,75.400002,56.984051,561100
2006-11-27,75.650002,75.650002,74.400002,75.18,56.817768,3269100
2006-11-28,74.519997,75.5,74.239998,75.410004,56.991615,3241000
2006-11-29,76.980003,78.0,76.470001,77.32,58.435089,5028000
2006-11-30,77.800003,78.0,76.910004,77.879997,58.858307,7468100
2006-12-01,77.879997,78.120003,77.0,77.639999,58.676903,2782200
2006-12-04,78.0,78.739998,77.949997,78.160004,59.06992,3467100
2006-12-05,78.010002,78.160004,77.110001,77.919998,58.888561,5530700
2006-12-06,77.760002,77.889999,76.559998,77.580002,58.631573,4167800
2006-12-07,77.559998,78.349998,76.5,76.559998,57.860722,4124000
2006-12-08,76.5,76.580002,75.75,76.18,57.573524,2923900
2006-12-11,76.190002,76.849998,76.050003,76.519997,57.830498,3231700
2006-12-12,76.099998,77.160004,76.050003,76.43,57.762508,2777400
2006-12-13,77.300003,77.57,76.709999,77.080002,58.253712,2003000
2006-12-14,76.849998,77.849998,76.68,77.25,58.382191,2479600
2006-12-15,77.5,77.75,76.540001,76.610001,57.898521,2583700
2006-12-18,76.510002,77.339996,76.5,77.019997,58.208363,2471300
2006-12-19,77.0,77.690002,76.5,76.730003,57.989178,2377400
2006-12-20,76.519997,77.400002,76.510002,77.360001,58.465313,1717900
2006-12-21,77.360001,77.940002,77.160004,77.519997,58.586258,2387500
2006-12-22,77.529999,77.529999,76.660004,77.400002,58.495529,1372900
2006-12-26,77.150002,78.300003,77.0,78.019997,58.964123,1882100
2006-12-27,78.029999,78.339996,77.379997,78.230003,59.122814,1797900
2006-12-28,78.0,78.25,77.769997,78.080002,59.009476,1967300
2006-12-29,78.07,78.199997,76.82,76.82,58.05722,1859400
2007-01-03,77.07,77.75,76.620003,77.25,58.382191,3047000
2007-01-04,77.470001,77.720001,76.629997,77.160004,58.314182,1461400
2007-01-05,77.160004,77.5,76.5,77.160004,58.314182,2163900
2007-01-08,77.239998,77.470001,76.489998,77.43,58.518219,2018900
2007-01-09,77.68,77.699997,76.300003,76.629997,57.91362,2089600
2007-01-10,76.489998,76.529999,75.300003,75.699997,57.210766,2839500
2007-01-11,75.699997,76.099998,75.449997,75.989998,57.429939,3194800
2007-01-12,75.989998,77.220001,75.970001,77.019997,58.208363,2819600
2007-01-16,77.029999,77.040001,75.949997,76.190002,57.581078,3647000
2007-01-17,76.160004,77.139999,75.889999,76.529999,57.838055,2884900
2007-01-18,77.300003,77.550003,75.57,75.82,57.301441,3288100
2007-01-19,77.5,79.0,76.889999,78.879997,59.614098,7297000
2007-01-22,78.779999,79.709999,78.379997,78.989998,59.697224,3975900
2007-01-23,79.370003,80.089996,79.089996,80.050003,60.49831,3825400
2007-01-24,80.0,80.279999,79.529999,80.239998,60.641884,2667600
2007-01-25,80.239998,80.400002,78.309998,78.68,59.462929,3352500
2007-01-26,79.5,79.800003,78.849998,79.470001,60.059998,2715700
2007-01-29,79.300003,79.489998,78.230003,78.75,59.515827,2081100
2007-01-30,78.769997,80.400002,78.25,80.150002,60.573875,3381400
2007-01-31,79.800003,80.730003,78.970001,80.400002,60.762829,2996300
2007-02-01,80.400002,80.43,79.449997,79.720001,60.248901,2799700
2007-02-02,79.970001,81.25,79.669998,80.809998,61.072697,5207700
2007-02-05,80.57,81.860001,80.269997,81.639999,61.699966,3509200
2007-02-06,81.599998,82.849998,81.410004,82.690002,62.493523,4148500
2007-02-07,82.699997,83.839996,81.779999,83.610001,63.188801,3162900
2007-02-08,83.040001,83.18,81.010002,82.779999,62.581745,3464300
2007-02-09,82.699997,83.120003,81.300003,82.010002,61.999619,2697600
2007-02-12,81.589996,82.169998,80.779999,81.5,61.614082,2661000
2007-02-13,81.599998,82.419998,81.5,81.779999,61.825752,2207800
2007-02-14,82.099998,82.629997,81.68,81.870003,61.893795,2669200
2007-02-15,81.989998,82.5,81.25,82.349998,62.256649,3127200
2007-02-16,82.099998,82.43,81.699997,82.07,62.044979,3397300
2007-02-20,81.82,82.389999,81.589996,82.139999,62.097904,2601100
2007-02-21,81.5,82.400002,81.230003,82.290001,62.211273,3546500
2007-02-22,82.440002,82.449997,81.870003,82.309998,62.226418,2611200
2007-02-23,82.43,82.43,79.910004,80.480003,60.842945,3420200
2007-02-26,80.510002,81.139999,79.519997,80.32,60.721973,3242300
2007-02-27,79.5,79.889999,76.309998,77.129997,58.310333,4783200
2007-02-28,77.129997,78.269997,75.779999,77.029999,58.234745,4257500
2007-03-01,75.349998,77.459999,75.0,77.150002,58.325474,3539100
2007-03-02,76.599998,77.43,76.150002,76.779999,58.045731,3236000
2007-03-05,76.0,77.239998,74.25,74.370003,56.223774,4761400
2007-03-06,76.0,76.300003,74.690002,75.860001,57.350216,2702100
2007-03-07,75.610001,75.849998,74.790001,74.809998,56.556385,2733600
2007-03-08,75.610001,77.349998,75.5,76.650002,57.947449,3825700
2007-03-09,77.25,77.529999,76.199997,77.0,58.212063,3454400
2007-03-12,76.900002,76.900002,76.099998,76.18,57.592125,2015600
2007-03-13,75.5,75.989998,74.550003,74.75,56.511047,4442100
2007-03-14,74.760002,75.5,73.43,75.209999,56.858822,4652200
2007-03-15,75.209999,76.650002,75.0,75.949997,57.418262,2711300
2007-03-16,76.370003,76.519997,74.599998,74.949997,56.662243,3596900
2007-03-19,75.160004,75.879997,74.620003,75.639999,57.183876,3801500
2007-03-20,75.629997,76.290001,75.25,76.209999,57.614784,2491100
2007-03-21,76.129997,78.860001,75.919998,78.07,59.021011,3537800
2007-03-22,77.900002,78.849998,77.07,77.760002,58.786613,2218100
2007-03-23,77.760002,78.169998,77.470001,77.889999,58.884895,2656000
2007-03-26,77.93,78.239998,76.629997,77.440002,58.544678,3043600
2007-03-27,76.940002,77.25,76.540001,76.639999,57.939903,3120000
2007-03-28,76.220001,76.220001,75.019997,75.489998,57.070484,3561700
2007-03-29,76.080002,76.309998,75.199997,75.650002,57.191448,1759800
2007-03-30,75.370003,76.019997,75.07,75.459999,57.047798,2074100
2007-04-02,75.220001,75.230003,73.419998,73.57,55.618977,25366200
2007-04-03,73.970001,75.150002,73.75,74.360001,56.216217,4172800
2007-04-04,74.470001,74.529999,73.080002,73.279999,55.399693,4471400
2007-04-05,73.260002,73.480003,72.470001,73.360001,55.460217,4520200
2007-04-09,73.410004,73.690002,73.059998,73.43,55.513115,2081900
2007-04-10,73.440002,74.169998,73.129997,74.010002,55.951622,2453900
2007-04-11,73.839996,74.440002,73.669998,73.919998,55.883583,3270200
2007-04-12,73.510002,73.980003,73.25,73.830002,55.815533,2461200
2007-04-13,73.900002,75.099998,73.879997,75.059998,56.745407,3785700
2007-04-16,75.370003,76.900002,75.25,76.309998,57.690392,3016200
2007-04-17,76.800003,77.400002,76.129997,77.120003,58.302769,3653700
2007-04-18,77.120003,78.18,76.5,77.68,58.726135,3588200
2007-04-19,77.0,78.150002,76.610001,77.339996,58.469074,4136800
2007-04-20,73.540001,74.389999,71.57,72.800003,55.036846,15549900
2007-04-23,72.449997,72.449997,70.239998,70.260002,53.116608,9344700
2007-04-24,70.779999,71.989998,70.540001,71.970001,54.409355,6313900
2007-04-25,72.75,74.110001,72.279999,73.949997,55.906254,5933300
2007-04-26,73.540001,75.93,73.510002,75.489998,57.070484,6188000
2007-04-27,74.739998,75.379997,73.870003,74.910004,56.632019,4156700
2007-04-30,74.989998,75.669998,74.209999,74.260002,56.140591,3557900
2007-05-01,74.269997,74.449997,73.199997,73.739998,55.747509,3905100
2007-05-02,73.940002,74.370003,73.550003,74.150002,56.057442,3491300
2007-05-03,74.150002,74.739998,73.93,74.5,56.322048,2065100
2007-05-04,74.900002,74.980003,74.129997,74.43,56.269161,2497900
2007-05-07,74.5,75.330002,74.330002,75.309998,56.934391,2960100
2007-05-08,74.800003,75.550003,74.269997,75.389999,57.015335,2424500
2007-05-09,75.199997,75.82,74.879997,75.309998,56.954815,1946200
2007-05-10,75.699997,77.25,74.839996,76.150002,57.590111,5180200
2007-05-11,76.75,77.300003,76.449997,77.199997,58.38419,2916100
2007-05-14,77.0,77.300003,76.330002,77.080002,58.29343,2772900
2007-05-15,77.080002,77.82,76.639999,76.790001,58.074097,3241500
2007-05-16,77.470001,77.470001,76.720001,76.980003,58.217819,2882600
2007-05-17,76.980003,77.279999,76.709999,76.879997,58.142178,3035400
2007-05-18,76.870003,77.599998,76.870003,77.440002,58.565681,2465000
2007-05-21,77.209999,78.110001,77.059998,77.919998,58.928703,2151700
2007-05-22,78.32,78.980003,77.550003,78.620003,59.458084,1956500
2007-05-23,78.660004,80.150002,78.660004,79.769997,60.327801,4359300
2007-05-24,80.150002,80.25,78.449997,78.559998,59.412693,3334500
2007-05-25,78.599998,78.879997,77.910004,78.779999,59.579102,1780600
2007-05-29,78.790001,79.949997,78.529999,79.769997,60.327801,2508600
2007-05-30,78.900002,80.080002,78.339996,80.0,60.501736,2329800
2007-05-31,79.809998,80.480003,79.349998,79.779999,60.335361,2903400
2007-06-01,79.889999,80.470001,79.639999,80.150002,60.615177,3383000
2007-06-04,79.900002,80.400002,79.75,79.900002,60.426121,2123100
2007-06-05,79.5,80.199997,79.110001,79.879997,60.410984,2703800
2007-06-06,79.440002,79.940002,79.050003,79.610001,60.206795,3739400
2007-06-07,79.489998,80.129997,79.290001,79.589996,60.1917,5055000
2007-06-08,79.559998,79.989998,78.970001,79.989998,60.494202,2969800
2007-06-11,80.0,80.839996,79.610001,80.57,60.932831,2928900
2007-06-12,79.720001,80.459999,79.589996,79.699997,60.274857,3391600
2007-06-13,79.809998,80.639999,79.169998,80.639999,60.98576,2677300
2007-06-14,80.550003,81.120003,80.309998,80.419998,60.819393,2579000
2007-06-15,80.889999,81.629997,80.720001,80.75,61.068954,3985100
2007-06-18,80.900002,82.050003,80.650002,81.849998,61.900829,2863900
2007-06-19,81.849998,82.25,81.110001,81.639999,61.74202,2580100
2007-06-20,81.0,82.099998,80.459999,80.470001,60.857201,2756800
2007-06-21,80.019997,81.419998,79.589996,80.900002,61.182392,3223600
2007-06-22,80.620003,81.18,79.830002,80.029999,60.524433,3596100
2007-06-25,80.43,80.629997,79.300003,79.400002,60.047981,3052300
2007-06-26,79.599998,79.650002,78.029999,78.809998,59.601841,5084700
2007-06-27,78.400002,78.860001,77.400002,78.800003,59.594227,4163200
2007-06-28,80.790001,80.970001,79.32,79.669998,60.252159,4181000
2007-06-29,80.849998,80.900002,77.949997,78.440002,59.321995,3929500
2007-07-02,79.260002,79.260002,78.029999,78.75,59.556408,2080800
2007-07-03,78.830002,79.440002,78.830002,78.940002,59.700096,1088300
2007-07-05,78.470001,78.68,77.800003,78.029999,59.011883,2256700
2007-07-06,78.029999,78.900002,77.839996,78.610001,59.450523,1940400
2007-07-09,78.279999,79.230003,78.160004,78.849998,59.632011,2083900
2007-07-10,78.0,78.169998,75.43,75.68,57.234646,5568600
2007-07-11,76.25,76.389999,74.110001,74.629997,56.440578,8227700
2007-07-12,75.18,76.199997,74.629997,75.709999,57.257339,4357200
2007-07-13,75.459999,75.919998,75.029999,75.349998,56.985046,2636600
2007-07-16,75.059998,77.129997,75.059998,76.199997,57.627884,3152700
2007-07-17,76.209999,77.279999,75.809998,76.389999,57.771603,3206400
2007-07-18,76.0,76.68,75.32,76.379997,57.764053,4922700
2007-07-19,78.080002,78.080002,74.690002,75.510002,57.106079,6622500
2007-07-20,77.489998,78.800003,76.510002,77.660004,58.732067,7751100
2007-07-23,78.050003,78.629997,77.660004,78.050003,59.027016,2692300
2007-07-24,76.529999,76.720001,75.080002,75.360001,56.992638,4799800
2007-07-25,76.099998,76.650002,73.879997,75.120003,56.811142,5110800
2007-07-26,73.870003,74.279999,72.209999,73.830002,55.835529,6287400
2007-07-27,72.959999,74.82,72.860001,73.019997,55.222965,4478600
2007-07-30,73.019997,74.330002,72.110001,73.489998,55.578403,4314300
2007-07-31,74.470001,75.169998,70.589996,70.760002,53.513802,8796400
2007-08-01,70.5,71.900002,68.129997,69.959999,52.908783,11011300
2007-08-02,70.25,72.43,70.089996,71.199997,53.84655,4941900
2007-08-03,70.970001,71.150002,66.519997,67.339996,50.927345,9831600
2007-08-06,67.629997,70.25,65.410004,70.25,53.128094,7574400
2007-08-07,69.169998,71.540001,68.489998,70.610001,53.400352,5236700
2007-08-08,70.610001,73.790001,70.230003,71.589996,54.162205,6241200
2007-08-09,69.0,71.440002,67.809998,68.0,51.446152,7182100
2007-08-10,67.089996,69.330002,66.300003,69.099998,52.278374,5143800
2007-08-13,70.110001,70.790001,68.099998,68.470001,51.801727,3552400
2007-08-14,68.800003,68.870003,65.239998,66.0,49.933018,6112000
2007-08-15,66.18,66.959999,62.41,63.029999,47.686039,9946500
2007-08-16,62.07,65.879997,59.490002,64.860001,49.070553,11866300
2007-08-17,68.0,69.610001,65.010002,68.75,52.013584,8484900
2007-08-20,68.75,69.480003,65.410004,66.720001,50.47776,5529800
2007-08-21,67.330002,69.650002,66.169998,68.470001,51.801727,8120200
2007-08-22,69.800003,69.800003,66.190002,66.940002,50.644211,6051800
2007-08-23,67.300003,67.730003,65.849998,66.849998,50.576122,4055400
2007-08-24,66.370003,66.589996,65.580002,66.32,50.175125,2957100
2007-08-27,65.900002,66.239998,65.099998,65.900002,49.85738,2099500
2007-08-28,65.099998,65.290001,63.43,63.75,48.230755,6423400
2007-08-29,64.190002,65.339996,62.77,65.040001,49.20673,4788900
2007-08-30,64.330002,65.099998,63.990002,64.25,48.609058,3986500
2007-08-31,65.550003,66.0,64.230003,64.660004,48.91925,3042800
2007-09-04,64.639999,65.300003,64.349998,64.730003,48.97221,3361600
2007-09-05,63.799999,63.889999,62.599998,63.139999,47.769268,3992400
2007-09-06,62.900002,64.239998,62.900002,64.120003,48.510693,3018300
2007-09-07,63.009998,63.59,62.18,62.700001,47.436386,5402600
2007-09-10,63.0,63.52,62.200001,62.790001,47.504478,3984000
2007-09-11,63.099998,64.419998,63.0,64.080002,48.480446,3399900
2007-09-12,63.779999,65.669998,63.119999,65.07,49.229408,3680300
2007-09-13,65.129997,66.599998,65.129997,66.410004,50.243217,3404600
2007-09-14,65.739998,66.349998,64.790001,66.110001,50.016254,2854400
2007-09-17,65.07,65.889999,64.269997,65.239998,49.358047,3371000
2007-09-18,66.029999,70.150002,65.279999,69.730003,52.755005,6068600
2007-09-19,70.0,72.43,69.760002,70.980003,53.700695,4830400
2007-09-20,70.800003,70.949997,69.339996,69.389999,52.497791,3688900
2007-09-21,69.529999,69.660004,68.169998,69.019997,52.217842,5617100
2007-09-24,68.790001,69.040001,66.730003,66.769997,50.515579,4541300
2007-09-25,66.400002,66.400002,64.57,65.860001,49.827114,4781900
2007-09-26,66.0,66.580002,65.209999,66.099998,50.008678,2753400
2007-09-27,67.0,67.730003,66.5,66.800003,50.538284,2165600
2007-09-28,66.779999,66.980003,66.050003,66.43,50.258347,2466700
2007-10-01,65.989998,68.690002,65.790001,68.32,51.688251,2746300
2007-10-02,68.480003,70.75,68.470001,69.32,52.444809,2808600
2007-10-03,69.440002,70.529999,68.419998,70.300003,53.186245,5393200
2007-10-04,70.360001,71.949997,70.309998,71.050003,53.753677,3331900
2007-10-05,72.0,73.550003,71.5,72.940002,55.183556,3241100
2007-10-08,72.029999,72.279999,71.050003,71.25,53.904984,2491300
2007-10-09,71.300003,72.040001,70.5,72.010002,54.479965,2644600
2007-10-10,71.589996,71.959999,70.279999,70.830002,53.587208,2259500
2007-10-11,71.120003,73.389999,71.120003,71.889999,54.38916,4359000
2007-10-12,71.809998,71.889999,70.620003,70.879997,53.625053,2730400
2007-10-15,70.629997,70.93,67.690002,68.519997,51.839577,3972100
2007-10-16,68.160004,68.800003,66.639999,66.989998,50.682022,2961400
2007-10-17,67.760002,67.839996,65.300003,66.900002,50.613949,3376200
2007-10-18,65.93,66.410004,64.449997,66.0,49.933018,5416500
2007-10-19,65.120003,65.589996,62.41,62.68,47.421246,6925300
2007-10-22,61.150002,64.089996,61.0,62.93,47.61039,5115300
2007-10-23,63.970001,65.0,61.119999,62.060001,46.952187,5372000
2007-10-24,61.709999,63.91,60.91,63.73,48.215641,6617500
2007-10-25,63.52,64.330002,60.869999,61.959999,46.876526,7309200
2007-10-26,63.549999,64.620003,61.880001,64.400002,48.722542,4567800
2007-10-29,64.879997,67.690002,64.400002,65.889999,49.849827,5504000
2007-10-30,65.599998,65.75,64.639999,65.230003,49.350487,2714700
2007-10-31,66.480003,67.790001,63.830002,65.589996,49.622841,4227500
2007-11-01,64.199997,64.339996,61.860001,62.290001,47.126186,7126300
2007-11-02,62.5,62.790001,60.099998,61.169998,46.278847,7743400
2007-11-05,60.0,61.330002,59.0,60.529999,45.794636,4433400
2007-11-06,60.77,61.970001,58.049999,59.470001,44.99268,9332900
2007-11-07,56.099998,58.099998,50.049999,50.209999,38.004173,18796100
2007-11-08,50.880001,54.130001,50.439999,52.900002,40.04026,15338900
2007-11-09,51.25,55.759998,50.349998,54.259998,41.069656,11440400
2007-11-12,53.200001,55.98,52.5,54.27,41.077209,7052500
2007-11-13,54.84,57.049999,54.599998,56.93,43.090591,5765900
2007-11-14,57.93,59.290001,54.48,55.299999,41.856827,6212500
2007-11-15,54.970001,54.970001,52.5,52.790001,39.957001,7111300
2007-11-16,53.16,53.970001,52.060001,53.049999,40.153793,5002800
2007-11-19,52.610001,52.919998,50.349998,51.5,38.980602,6015600
2007-11-20,51.5,51.799999,49.220001,50.740002,38.405338,8472900
2007-11-21,50.220001,51.34,48.830002,49.810001,37.701427,6507900
2007-11-23,50.040001,52.419998,50.040001,52.07,39.412014,2542400
2007-11-26,52.07,52.099998,49.09,49.200001,37.239716,5145900
2007-11-27,49.549999,50.080002,47.91,49.169998,37.217014,6035600
2007-11-28,50.299999,53.669998,50.25,53.610001,40.577656,6707000
2007-11-29,53.330002,53.330002,51.27,51.919998,39.298496,4188700
2007-11-30,54.099998,56.950001,52.869999,53.310001,40.350578,9474700
2007-12-03,54.009998,54.240002,50.299999,50.889999,38.518879,6546800
2007-12-04,50.490002,50.970001,49.169998,49.900002,37.769554,3476100
2007-12-05,50.459999,50.970001,49.439999,49.93,37.792252,6940200
2007-12-06,49.779999,52.5,49.389999,52.43,39.684517,5134400
2007-12-07,50.110001,50.84,49.16,49.799999,37.693851,8762800
2007-12-10,49.84,52.139999,49.84,52.07,39.412014,6777100
2007-12-11,52.200001,53.509998,49.490002,49.93,37.792252,7587700
2007-12-12,51.060001,51.52,47.080002,48.27,36.535789,10687300
2007-12-13,47.400002,48.790001,45.939999,48.610001,36.793125,8435000
2007-12-14,47.66,48.360001,47.150002,47.200001,35.725918,6219900
2007-12-17,45.540001,47.650002,44.400002,45.66,34.560272,7440400
2007-12-18,45.970001,46.990002,45.209999,46.5,35.196072,7655400
2007-12-19,46.599998,47.32,45.689999,46.0,34.817616,3492800
2007-12-20,46.259998,46.77,44.880001,45.91,34.749489,4674400
2007-12-21,46.389999,47.830002,46.009998,47.68,36.089211,5538800
2007-12-24,47.52,48.650002,47.52,48.209999,36.490387,1881200
2007-12-26,47.619999,48.110001,47.16,47.84,36.21032,2119600
2007-12-27,47.349998,47.639999,46.650002,46.689999,35.339886,3273900
2007-12-28,46.700001,47.380001,46.16,46.57,35.249069,3195900
2007-12-31,46.25,47.990002,45.099998,47.259998,35.771328,3998600
2008-01-02,47.759998,48.77,46.16,47.349998,35.839447,5649100
2008-01-03,47.740002,47.98,46.259998,46.669998,35.324745,3512700
2008-01-04,45.759998,46.23,44.720001,45.970001,34.794903,5576500
2008-01-07,46.16,48.02,45.200001,46.849998,35.460991,6275300
2008-01-08,47.18,47.75,42.599998,43.189999,32.690704,10128800
2008-01-09,43.02,43.869999,41.23,43.349998,32.811813,10746800
2008-01-10,40.419998,44.25,38.849998,42.919998,32.486347,26990700
2008-01-11,40.790001,43.41,40.610001,42.59,32.236565,13290600
2008-01-14,42.860001,43.509998,40.799999,43.07,32.599884,7565000
2008-01-15,41.32,42.380001,41.099998,42.0,31.789997,12994700
2008-01-16,41.82,44.380001,41.110001,43.540001,32.955624,12623300
2008-01-17,43.169998,44.0,40.560001,41.060001,31.078506,12809700
2008-01-18,41.43,42.75,39.18,39.68,30.033989,12430800
2008-01-22,37.41,41.369999,37.41,39.810001,30.13238,12649700
2008-01-23,38.77,44.720001,37.59,44.200001,33.455193,16648600
2008-01-24,47.0,49.75,44.23,47.75,36.142212,18819700
2008-01-25,48.380001,49.290001,45.5,46.509998,35.203636,13268000
2008-01-28,46.48,50.040001,44.82,49.889999,37.761974,10838700
2008-01-29,50.299999,52.299999,49.400002,51.689999,39.124397,9780300
2008-01-30,51.43,54.130001,50.09,51.599998,39.056286,13013900
2008-01-31,50.689999,55.889999,49.23,54.619999,41.342136,15817800
2008-02-01,55.43,57.68,55.040001,56.970001,43.120872,13049400
2008-02-04,55.549999,55.560001,52.169998,52.650002,39.851036,9757900
2008-02-05,50.73,52.27,49.959999,50.200001,37.996605,8224800
2008-02-06,50.650002,52.759998,49.369999,49.560001,37.512203,8537200
2008-02-07,48.700001,50.77,47.389999,50.099998,38.210041,15323900
2008-02-08,49.43,50.970001,47.360001,48.98,37.35585,9589800
2008-02-11,49.049999,49.27,46.139999,46.82,35.708485,10655900
2008-02-12,47.490002,49.27,46.59,47.450001,36.18895,10730800
2008-02-13,48.310001,49.25,47.18,49.080002,37.432121,5804900
2008-02-14,48.490002,49.470001,47.209999,47.59,36.295742,5759700
2008-02-15,47.32,47.799999,46.5,47.66,36.349106,6338800
2008-02-19,48.490002,48.849998,47.099998,48.060001,36.654182,5476400
2008-02-20,47.549999,49.84,47.5,49.330002,37.622795,7123000
2008-02-21,49.900002,50.439999,47.450001,47.68,36.364368,5073500
2008-02-22,47.869999,48.220001,45.990002,47.919998,36.547405,7704700
2008-02-25,47.849998,48.959999,46.279999,48.540001,37.020256,5528000
2008-02-26,48.209999,50.77,47.27,49.939999,38.08802,8869300
2008-02-27,49.0,50.889999,48.650002,49.830002,38.004139,5001100
2008-02-28,49.57,49.75,48.189999,48.419998,36.928753,4363300
2008-02-29,47.98,48.299999,45.740002,46.029999,35.105949,6728500
2008-03-03,45.889999,46.700001,44.75,44.970001,34.29752,9534700
2008-03-04,44.630001,45.93,43.150002,45.419998,34.640724,11576700
2008-03-05,45.810001,46.630001,43.990002,44.32,33.801781,7357600
2008-03-06,43.700001,44.049999,42.34,42.5,32.413719,8029100
2008-03-07,42.080002,44.419998,41.700001,43.360001,33.069611,9851700
2008-03-10,43.490002,43.700001,40.75,41.259998,31.467985,8659400
2008-03-11,44.849998,46.75,42.59,46.720001,35.632202,14215400
2008-03-12,46.369999,50.759998,46.369999,47.650002,36.341488,17725000
2008-03-13,46.5,50.16,45.709999,49.540001,37.782951,17230600
2008-03-14,50.029999,51.23,46.900002,47.860001,36.501663,11271400
2008-03-17,44.18,48.470001,44.099998,47.459999,36.196579,12196000
2008-03-18,49.209999,51.580002,48.330002,51.490002,39.270161,14024100
2008-03-19,51.650002,54.459999,49.009998,49.459999,37.721935,12191400
2008-03-20,49.419998,53.950001,49.419998,53.25,40.612473,13507300
2008-03-24,54.310001,57.439999,53.110001,54.349998,41.451424,10606000
2008-03-25,52.810001,54.009998,51.009998,53.049999,40.459942,10332100
2008-03-26,51.93,52.48,51.0,51.25,39.087112,8886600
2008-03-27,51.810001,52.48,49.830002,50.470001,38.492241,8240200
2008-03-28,50.91,51.369999,48.599998,48.990002,37.363476,6591300
2008-03-31,48.77,50.189999,48.0,49.220001,37.538887,5314600
2008-04-01,50.509998,53.57,50.509998,53.48,40.787891,8193200
2008-04-02,53.669998,55.0,52.509998,53.18,40.559082,7141300
2008-04-03,51.450001,53.189999,51.080002,52.990002,40.414173,7644900
2008-04-04,52.509998,53.25,50.919998,51.27,39.102371,7923600
2008-04-07,52.0,54.98,51.700001,53.060001,40.467556,8707700
2008-04-08,52.299999,54.0,51.75,53.509998,40.810768,6380600
2008-04-09,53.419998,53.5,50.110001,50.630001,38.614262,9997500
2008-04-10,49.700001,50.700001,48.709999,49.619999,37.843956,9770000
2008-04-11,48.119999,50.049999,47.880001,48.299999,36.837231,8958300
2008-04-14,47.759998,48.0,46.540001,47.119999,35.937275,7866600
2008-04-15,47.349998,48.799999,45.889999,45.970001,35.060188,9710800
2008-04-16,47.240002,47.380001,45.900002,46.25,35.273735,11007500
2008-04-17,45.91,49.400002,45.439999,48.740002,37.172794,11697800
2008-04-18,49.959999,51.0,46.82,47.209999,36.005917,15399200
2008-04-21,46.860001,48.389999,46.799999,47.860001,36.501663,8545200
2008-04-22,47.549999,47.849998,45.959999,46.380001,35.372894,6828400
2008-04-23,46.66,46.799999,45.02,45.919998,35.022049,7197000
2008-04-24,45.889999,48.700001,45.869999,48.450001,36.951637,6532600
2008-04-25,49.310001,51.099998,48.73,50.91,38.82782,6524500
2008-04-28,51.200001,54.580002,50.290001,53.82,41.047218,12518800
2008-04-29,53.700001,54.759998,52.900002,53.610001,40.887035,6300300
2008-04-30,53.830002,54.150002,52.549999,53.0,40.421803,13566600
2008-05-01,53.029999,55.900002,52.509998,55.82,42.572559,6527500
2008-05-02,56.799999,57.68,54.669998,55.23,42.122574,9957500
2008-05-05,54.529999,56.75,54.5,55.400002,42.25222,5162200
2008-05-06,54.360001,56.990002,53.799999,55.959999,42.679329,6971600
2008-05-07,56.099998,56.5,53.959999,54.200001,41.337009,8635200
2008-05-08,54.290001,54.380001,52.68,53.759998,41.287083,6369700
2008-05-09,53.27,54.380001,52.580002,52.91,40.6343,5821600
2008-05-12,53.119999,54.349998,52.459999,53.919998,41.409985,5506200
2008-05-13,53.310001,53.740002,51.509998,51.75,39.743446,8201000
2008-05-14,52.09,52.5,51.07,51.25,39.359436,5831300
2008-05-15,51.169998,52.880001,51.009998,52.700001,40.473034,7547500
2008-05-16,52.689999,52.73,50.91,51.650002,39.666641,6029400
2008-05-19,51.77,53.77,51.419998,51.709999,39.712704,5923800
2008-05-20,50.849998,50.849998,49.200001,49.759998,38.215134,10791200
2008-05-21,49.75,50.360001,47.779999,47.98,36.84811,8522900
2008-05-22,47.950001,49.419998,47.349998,48.919998,37.570042,5868700
2008-05-23,48.419998,48.48,47.23,47.470001,36.45644,6041900
2008-05-27,47.48,49.040001,47.48,48.59,37.316601,6126700
2008-05-28,48.889999,49.119999,47.389999,48.52,37.262825,7415000
2008-05-29,48.509998,49.099998,47.740002,48.580002,37.308918,6598500
2008-05-30,48.389999,48.91,47.630001,48.119999,36.955639,7484600
2008-06-02,47.84,47.84,46.18,46.560001,35.757568,8340800
2008-06-03,47.130001,47.779999,45.970001,46.880001,36.003349,8808600
2008-06-04,46.529999,48.82,46.450001,47.18,36.233734,8503600
2008-06-05,47.549999,49.900002,47.23,49.619999,38.107624,10446700
2008-06-06,48.299999,48.299999,45.93,46.150002,35.442711,11130800
2008-06-09,46.189999,47.689999,43.919998,44.439999,34.12944,12652700
2008-06-10,43.91,45.099998,43.509998,44.080002,33.852966,9181300
2008-06-11,44.330002,44.389999,42.34,42.52,32.6549,8369900
2008-06-12,42.950001,45.029999,42.880001,43.560001,33.453609,7672500
2008-06-13,44.369999,44.900002,42.869999,44.619999,34.267689,7984700
2008-06-16,44.32,46.669998,43.740002,45.639999,35.051025,9289900
2008-06-17,46.169998,46.330002,43.860001,43.869999,33.691692,9399300
2008-06-18,43.07,43.23,40.900002,42.360001,32.532024,16341200
2008-06-19,42.25,42.700001,40.5,41.880001,32.163387,11167000
2008-06-20,41.029999,42.299999,40.560001,40.900002,31.410761,11315400
2008-06-23,41.0,41.349998,38.959999,39.52,30.350945,11735100
2008-06-24,39.299999,41.91,39.040001,40.98,31.472198,9842100
2008-06-25,41.139999,43.5,40.299999,41.130001,31.587393,12908400
2008-06-26,39.509998,39.66,38.5,38.650002,29.682787,14619800
2008-06-27,38.529999,39.009998,37.310001,38.310001,29.421669,12116700
2008-06-30,39.759998,39.889999,37.91,38.009998,29.191267,10901700
2008-07-01,37.700001,40.360001,37.470001,40.139999,30.827085,16140000
2008-07-02,40.18,41.16,38.799999,38.889999,29.867096,10081000
2008-07-03,39.299999,39.880001,38.009998,38.439999,29.521502,4573800
2008-07-07,39.099998,39.790001,36.07,37.330002,28.669035,12895700
2008-07-08,36.900002,41.259998,36.529999,41.060001,31.53363,15835500
2008-07-09,41.360001,41.889999,39.32,39.400002,30.258776,12091100
2008-07-10,39.099998,41.18,38.529999,40.349998,30.988361,12193200
2008-07-11,39.279999,40.900002,37.610001,38.560001,29.613665,14979400
2008-07-14,39.43,39.490002,35.52,35.700001,27.417212,14821300
2008-07-15,34.630001,35.860001,30.82,33.75,25.919638,30868700
2008-07-16,34.52,37.59,33.299999,37.279999,28.630634,18836200
2008-07-17,38.799999,44.240002,38.799999,42.799999,32.86993,34397500
2008-07-18,42.040001,42.950001,40.580002,42.869999,32.923695,17201300
2008-07-21,42.66,44.650002,41.75,42.080002,32.316982,14390400
2008-07-22,39.68,42.310001,38.200001,42.200001,32.409142,21694700
2008-07-23,42.0,46.18,40.689999,43.25,33.215519,17306800
2008-07-24,43.439999,43.75,39.200001,39.669998,30.466125,13920200
2008-07-25,40.139999,40.490002,38.0,39.27,30.158932,11940900
2008-07-28,39.0,39.990002,36.91,37.080002,28.477032,8346400
2008-07-29,37.200001,41.009998,36.889999,40.990002,31.479872,10205200
2008-07-30,42.220001,44.32,40.560001,42.330002,32.508972,17890300
2008-07-31,40.869999,43.040001,40.43,41.860001,32.148037,9846000
2008-08-01,42.279999,42.43,40.400002,41.509998,31.879229,8972000
2008-08-04,41.189999,41.630001,39.41,40.549999,31.14196,7233400
2008-08-05,40.91,45.66,40.799999,45.23,34.73616,13882600
2008-08-06,44.099998,45.93,43.029999,45.009998,34.567196,13334600
2008-08-07,43.369999,45.169998,41.060001,42.0,32.526531,18691300
2008-08-08,41.400002,44.02,40.57,43.389999,33.603016,16868500
2008-08-11,43.130001,47.080002,42.860001,46.0,35.624302,13790500
2008-08-12,45.389999,45.950001,42.720001,43.16,33.424892,11151600
2008-08-13,42.459999,42.5,40.5,40.790001,31.589478,10675800
2008-08-14,40.279999,42.32,40.110001,41.779999,32.356163,7234000
2008-08-15,42.080002,43.990002,42.080002,43.950001,34.03669,8796900
2008-08-18,43.619999,43.959999,41.560001,41.790001,32.363918,8004500
2008-08-19,40.990002,41.060001,39.560001,40.349998,31.248711,8301600
2008-08-20,40.549999,41.43,39.209999,41.290001,31.97669,7822100
2008-08-21,40.0,41.48,39.75,41.220001,31.922474,6538400
2008-08-22,42.689999,42.799999,40.740002,42.349998,32.797588,6137900
2008-08-25,41.619999,42.41,41.34,41.669998,32.270981,5878700
2008-08-26,41.529999,42.150002,40.77,41.830002,32.394871,6879900
2008-08-27,41.77,42.740002,41.110001,42.59,32.983459,4017700
2008-08-28,43.02,44.360001,42.52,44.139999,34.183846,7741200
2008-08-29,43.75,44.970001,43.43,44.139999,34.183846,5973300
2008-09-02,45.470001,45.860001,43.799999,44.919998,34.78791,7912200
2008-09-03,44.939999,45.889999,44.419998,45.66,35.360996,8823900
2008-09-04,44.400002,45.040001,43.209999,43.330002,33.556561,12457400
2008-09-05,42.099998,44.889999,42.02,44.709999,34.625271,10750100
2008-09-08,47.84,48.73,45.310001,48.73,37.738529,21244900
2008-09-09,47.990002,49.080002,45.360001,45.5,35.237083,22166800
2008-09-10,46.029999,46.98,45.200001,45.580002,35.299042,14315000
2008-09-11,43.950001,47.09,43.709999,46.34,35.887623,17254700
2008-09-12,45.400002,46.939999,44.619999,45.939999,35.57785,15831500
2008-09-15,44.290001,47.049999,44.25,44.700001,34.617527,21655800
2008-09-16,43.419998,49.09,42.470001,49.040001,37.978603,27845100
2008-09-17,47.599998,48.18,44.049999,46.34,35.887623,22822200
2008-09-18,46.970001,55.5,45.07,54.0,41.819832,39320100
2008-09-19,60.799999,61.459999,54.669998,56.049999,43.40744,29237700
2008-09-22,57.619999,63.5,53.790001,54.450001,42.168339,16204500
2008-09-23,53.009998,55.02,52.040001,53.720001,41.602997,7918600
2008-09-24,53.869999,54.0,51.0,52.490002,40.650433,7974500
2008-09-25,49.0,52.009998,48.099998,49.799999,38.567196,20519500
2008-09-26,48.25,55.0,47.599998,54.549999,42.245781,8210200
2008-09-29,53.470001,53.470001,44.0,44.0,34.075432,7794300
2008-09-30,47.490002,53.0,45.900002,51.0,39.496513,6780800
2008-10-01,49.259998,51.740002,48.66,51.419998,39.821774,5897900
2008-10-02,51.400002,51.639999,45.91,46.779999,36.228363,5401700
2008-10-03,47.66,49.5,44.0,44.900002,34.772415,7627400
2008-10-06,43.0,44.900002,40.0,41.689999,32.286453,8823500
2008-10-07,42.830002,42.830002,37.560001,37.560001,29.08802,6954200
2008-10-08,36.049999,40.57,35.790001,35.790001,27.717255,5681500
2008-10-09,37.400002,38.330002,30.879999,33.41,25.874098,12993300
2008-10-10,31.700001,37.849998,31.48,35.540001,27.523649,22145700
2008-10-13,38.669998,39.740002,35.880001,39.740002,30.776304,8189600
2008-10-14,43.470001,46.290001,41.970001,44.470001,34.439404,17072500
2008-10-15,42.599998,43.080002,37.099998,37.759998,29.242895,12223300
2008-10-16,37.619999,39.77,34.799999,38.700001,29.970888,12655400
2008-10-17,38.950001,42.32,35.419998,39.919998,30.915697,13834700
2008-10-20,40.5,40.529999,37.360001,40.279999,31.194496,6840800
2008-10-21,39.740002,40.880001,38.169998,38.880001,30.110287,7020200
2008-10-22,37.119999,38.939999,35.0,36.400002,28.189665,7165200
2008-10-23,35.93,37.169998,32.950001,35.709999,27.655293,10028100
2008-10-24,32.049999,37.040001,31.16,35.299999,27.337782,9395000
2008-10-27,35.900002,37.77,34.290001,34.400002,26.640791,8435200
2008-10-28,35.049999,40.040001,34.380001,39.900002,30.900209,11711300
2008-10-29,39.009998,40.470001,37.02,37.849998,29.312597,10110800
2008-10-30,39.0,39.650002,37.599998,38.119999,29.521706,6723400
2008-10-31,37.07,40.150002,37.040001,39.119999,30.296139,8133000
2008-11-03,39.200001,39.849998,38.57,39.619999,30.683367,4428200
2008-11-04,40.009998,42.990002,40.009998,42.82,33.161579,6637500
2008-11-05,41.560001,42.650002,38.0,38.23,29.606897,7948000
2008-11-06,37.450001,38.5,34.189999,34.799999,27.217545,12139900
2008-11-07,35.389999,35.91,33.509998,34.560001,27.029829,8173000
2008-11-10,35.720001,35.720001,31.85,32.560001,25.465607,6774000
2008-11-11,31.65,33.59,30.34,32.049999,25.066727,8514400
2008-11-12,30.450001,32.0,29.52,30.040001,23.494684,9614800
2008-11-13,30.200001,34.650002,28.98,33.560001,26.247723,19028100
2008-11-14,32.540001,34.98,31.110001,31.190001,24.394112,9574400
2008-11-17,30.02,31.27,29.27,29.870001,23.361723,8859400
2008-11-18,30.07,31.02,26.870001,29.25,22.876812,11656900
2008-11-19,28.68,29.0,26.200001,26.5,20.726006,11354200
2008-11-20,25.66,28.950001,24.85,25.190001,19.701439,13772800
2008-11-21,26.35,27.200001,23.280001,26.83,20.9841,13934600
2008-11-24,27.700001,32.490002,26.23,31.75,24.832096,12006800
2008-11-25,33.57,35.25,33.0,33.700001,26.357214,16225600
2008-11-26,32.66,34.849998,31.870001,34.619999,27.076759,7798400
2008-11-28,33.509998,36.299999,33.509998,34.41,26.912516,3512100
2008-12-01,32.959999,33.130001,26.6,27.129999,21.218727,9953500
2008-12-02,27.200001,29.450001,25.99,29.290001,22.908104,11450600
2008-12-03,28.07,31.700001,28.07,31.59,24.706955,8683100
2008-12-04,30.75,33.02,30.26,30.99,24.23768,6871900
2008-12-05,29.620001,32.790001,29.18,32.720001,25.590744,8768100
2008-12-08,34.0,34.5,32.099998,34.330002,26.849945,6923400
2008-12-09,33.48,34.759998,32.610001,32.880001,25.715881,6697300
2008-12-10,33.0,33.349998,30.98,32.080002,25.090191,6015000
2008-12-11,31.32,31.790001,27.66,27.85,21.781847,11452000
2008-12-12,26.34,28.780001,26.25,28.120001,21.993027,8376100
2008-12-15,27.82,28.200001,25.780001,26.110001,20.420971,9638300
2008-12-16,26.780001,29.639999,26.219999,29.459999,23.04105,8650700
2008-12-17,28.85,29.879999,28.1,29.469999,23.048878,7529800
2008-12-18,29.719999,30.41,29.190001,29.76,23.27569,7224000
2008-12-19,30.120001,31.4,28.809999,30.969999,24.222052,10084700
2008-12-22,30.93,31.33,29.67,29.940001,23.41647,6597100
2008-12-23,30.49,30.49,28.75,29.0,22.68129,3420900
2008-12-24,29.379999,29.530001,28.75,29.4,22.994116,1073000
2008-12-26,29.959999,29.99,28.99,29.48,23.056704,1518500
2008-12-29,29.309999,29.780001,28.879999,29.309999,22.92374,2795600
2008-12-30,29.77,30.99,29.129999,30.860001,24.136015,3036800
2008-12-31,30.780001,32.34,30.74,31.889999,24.941591,4358700
2009-01-02,31.799999,33.540001,31.450001,33.310001,26.052183,4359700
2009-01-05,32.389999,33.75,32.009998,33.040001,25.841021,6639300
2009-01-06,34.0,34.669998,32.48,34.139999,26.701344,5983400
2009-01-07,33.009998,33.490002,31.48,31.68,24.777344,4532900
2009-01-08,31.07,31.99,30.450001,30.93,24.190762,5389900
2009-01-09,31.030001,31.030001,29.129999,29.33,22.939381,5482200
2009-01-12,29.15,29.42,26.860001,27.139999,21.226553,7094800
2009-01-13,26.84,28.549999,26.59,27.940001,21.852255,7191100
2009-01-14,26.93,27.200001,25.299999,25.58,20.006449,10791800
2009-01-15,25.58,26.67,24.4,25.469999,19.920422,14075900
2009-01-16,26.25,26.790001,23.889999,24.1,18.848927,18113500
2009-01-20,23.02,24.76,22.629999,22.92,17.926039,19329200
2009-01-21,24.01,24.42,20.15,22.959999,17.957317,28947400
2009-01-22,21.879999,23.25,20.98,21.940001,17.159569,13076500
2009-01-23,18.77,19.85,16.91,19.32,15.110431,30046300
2009-01-26,19.18,19.91,18.25,18.57,14.523848,12117600
2009-01-27,18.83,18.969999,17.290001,17.9,13.999827,13235300
2009-01-28,19.27,20.799999,18.530001,20.299999,15.876894,18829100
2009-01-29,19.43,19.799999,16.76,16.870001,13.194252,15785400
2009-01-30,17.24,17.4,15.51,15.84,12.388672,14733100
2009-02-02,15.67,17.0,15.2,16.83,13.162966,16915700
2009-02-03,16.870001,17.1,14.82,14.99,11.723878,26009100
2009-02-04,15.49,15.78,14.34,14.53,11.364105,13988000
2009-02-05,14.36,15.11,13.76,14.21,11.113831,17876200
2009-02-06,14.25,15.46,14.14,14.5,11.648031,17770300
2009-02-09,14.49,15.67,14.12,14.95,12.009521,12107100
2009-02-10,14.75,14.96,12.63,12.85,10.322565,20049100
2009-02-11,13.1,13.6,12.83,13.51,10.852751,10727800
2009-02-12,12.77,13.25,11.45,12.28,9.864677,20011000
2009-02-13,12.23,12.65,11.55,12.11,9.728118,16114600
2009-02-17,11.55,11.82,9.69,10.13,8.137557,27058400
2009-02-18,10.47,11.09,9.57,10.95,8.796274,24198300
2009-02-19,11.22,11.53,8.92,9.04,7.261945,25585400
2009-02-20,8.78,10.35,8.5,10.01,8.04116,29469300
2009-02-23,10.45,10.55,9.08,9.13,7.334246,16768900
2009-02-24,8.7,11.58,8.68,11.31,9.085464,27077300
2009-02-25,11.09,12.99,10.06,12.27,9.856647,40993300
2009-02-26,13.36,15.1,12.51,12.98,10.426994,36311500
2009-02-27,12.06,13.25,11.91,12.05,9.679916,22174800
2009-03-02,11.5,11.93,10.01,10.1,8.113459,22516800
2009-03-03,10.63,10.81,9.87,10.2,8.193787,17105900
2009-03-04,10.79,12.0,9.12,10.45,8.394613,17706000
2009-03-05,9.8,10.44,8.68,8.99,7.22178,17894200
2009-03-06,9.24,9.34,7.98,8.31,6.675526,21657500
2009-03-09,7.95,9.67,7.8,8.73,7.012918,20643100
2009-03-10,9.98,10.2,8.95,10.05,8.07329,25095300
2009-03-11,10.0,11.11,9.4,10.82,8.691841,23709600
2009-03-12,10.77,13.73,10.47,13.31,10.692084,26981800
2009-03-13,13.41,13.42,11.5,12.56,10.089606,23168100
2009-03-16,13.21,14.02,12.52,12.57,10.09764,26875100
2009-03-17,12.48,13.37,12.07,13.37,10.74029,13709500
2009-03-18,12.8,14.42,11.93,14.23,11.431137,27416500
2009-03-19,14.25,14.97,12.21,12.3,9.880747,17908600
2009-03-20,12.25,12.35,10.83,11.34,9.109565,19772400
2009-03-23,11.99,13.62,11.99,13.62,10.941113,20253600
2009-03-24,13.06,14.45,12.71,13.31,10.692084,16669200
2009-03-25,13.94,14.61,13.21,14.46,11.615896,19244100
2009-03-26,14.75,15.16,13.73,14.81,11.897058,18111400
2009-03-27,14.23,15.0,14.12,14.23,11.431137,10129300
2009-03-30,13.69,13.69,11.14,11.35,9.117599,20236900
2009-03-31,11.74,12.6,11.28,12.24,9.832546,17466400
2009-04-01,11.56,13.18,11.56,12.97,10.418967,14565700
2009-04-02,13.99,14.12,12.42,13.14,10.555529,17845500
2009-04-03,12.67,13.95,12.25,13.82,11.10178,16393900
2009-04-06,13.25,13.61,12.56,12.82,10.298466,13546500
2009-04-07,12.33,13.56,12.28,12.81,10.290437,11027300
2009-04-08,12.96,13.99,12.86,13.81,11.093744,12024800
2009-04-09,15.2,18.209999,15.06,17.459999,14.025837,29625900
2009-04-13,16.719999,19.49,16.719999,19.209999,15.431628,24932000
2009-04-14,18.530001,19.870001,16.870001,17.07,13.712543,20231700
2009-04-15,16.040001,17.48,15.29,17.32,13.913372,27658500
2009-04-16,16.780001,18.6,16.209999,17.860001,14.347157,20124700
2009-04-17,17.41,18.5,17.15,17.85,14.339128,17166600
2009-04-20,16.48,16.5,13.28,13.38,10.748322,24064100
2009-04-21,12.56,15.34,12.51,15.05,12.089852,26754500
2009-04-22,13.92,16.200001,13.65,14.38,11.551636,34334900
2009-04-23,14.58,17.27,14.5,16.93,13.60008,32774000
2009-04-24,17.059999,19.49,16.18,19.02,15.279007,32552900
2009-04-27,18.299999,18.75,16.5,16.74,13.447452,22668000
2009-04-28,16.25,16.93,15.71,16.18,12.997595,20151200
2009-04-29,16.629999,17.620001,16.370001,17.48,14.041904,14961600
2009-04-30,17.74,18.82,16.74,16.74,13.447452,19037800
2009-05-01,16.719999,17.85,16.57,17.34,13.929439,15695000
2009-05-04,17.690001,20.52,17.690001,20.309999,16.315273,20682500
2009-05-05,19.809999,20.639999,19.23,19.469999,15.640499,18535000
2009-05-06,20.879999,23.76,20.82,22.389999,17.986166,26594300
2009-05-07,26.41,27.57,25.629999,26.450001,21.295166,60155400
2009-05-08,26.190001,31.799999,25.959999,31.34,25.232159,49881700
2009-05-11,27.74,29.09,27.1,27.1,21.818487,114574400
2009-05-12,27.459999,27.799999,24.049999,25.49,20.522263,39033700
2009-05-13,24.219999,24.879999,23.1,23.959999,19.290445,26250700
2009-05-14,23.65,24.940001,22.92,24.58,19.789616,19749000
2009-05-15,25.290001,26.799999,24.16,24.540001,19.757412,23328900
2009-05-18,25.309999,26.280001,24.74,26.059999,20.981173,17648500
2009-05-19,25.68,26.379999,24.76,24.9,20.047251,13486200
2009-05-20,25.26,25.389999,22.23,23.110001,18.606115,29794200
2009-05-21,22.93,23.879999,22.17,22.93,18.461184,17919200
2009-05-22,22.75,23.24,21.790001,21.92,17.64802,12461200
2009-05-26,21.709999,22.879999,21.65,22.639999,18.227697,14112700
2009-05-27,22.74,24.0,22.26,22.290001,17.945908,13213100
2009-05-28,22.629999,23.389999,21.77,23.27,18.734911,13409400
2009-05-29,23.120001,24.559999,22.75,24.440001,19.676899,14987800
2009-06-01,24.690001,25.68,24.110001,24.84,19.998945,13760500
2009-06-02,24.639999,24.940001,23.48,24.450001,19.68495,12672400
2009-06-03,24.049999,24.83,23.620001,23.91,19.250189,9195700
2009-06-04,24.16,25.23,23.549999,25.0,20.127758,10206200
2009-06-05,25.540001,25.799999,24.030001,24.110001,19.411209,9195100
2009-06-08,23.93,24.08,23.0,23.440001,18.871786,13062300
2009-06-09,23.91,24.610001,23.85,24.049999,19.362909,11142000
2009-06-10,24.280001,24.83,23.879999,24.23,19.50782,9133100
2009-06-11,24.49,24.950001,24.25,24.59,19.797663,10513000
2009-06-12,24.5,24.5,23.719999,23.940001,19.274347,8249200
2009-06-15,23.540001,23.85,23.200001,23.4,18.839584,7963600
2009-06-16,23.549999,23.940001,23.139999,23.15,18.638306,10736300
2009-06-17,22.790001,23.49,21.23,22.48,18.098885,19129400
2009-06-18,22.790001,23.219999,21.790001,22.290001,17.945908,12274200
2009-06-19,22.59,22.59,21.59,22.33,17.978119,13618500
2009-06-22,21.68,22.07,20.42,20.450001,16.464506,12042800
2009-06-23,20.559999,21.58,20.24,21.16,17.036142,9779100
2009-06-24,21.42,22.049999,20.98,21.24,17.100544,8300100
2009-06-25,21.120001,22.18,21.0,22.16,17.841244,7720100
2009-06-26,22.059999,22.15,21.5,21.940001,17.664122,7677100
2009-06-29,22.059999,22.66,21.639999,22.379999,18.018373,6542100
2009-06-30,22.35,22.440001,21.65,21.879999,17.615816,6454800
2009-07-01,22.01,22.469999,21.74,21.870001,17.607765,4547000
2009-07-02,21.459999,21.700001,20.790001,20.790001,16.738243,6637400
2009-07-06,20.73,21.51,20.530001,20.98,16.891211,7478300
2009-07-07,20.799999,21.110001,20.43,20.469999,16.480606,7572700
2009-07-08,20.620001,20.92,19.73,20.57,16.561121,13502700
2009-07-09,20.879999,21.559999,20.690001,21.200001,17.068344,8300800
2009-07-10,20.76,20.98,20.32,20.629999,16.609423,7040800
2009-07-13,21.02,21.969999,20.73,21.860001,17.59971,9225100
2009-07-14,21.9,23.280001,21.290001,23.110001,18.606115,15312100
2009-07-15,24.049999,26.360001,24.0,25.84,20.804054,20749900
2009-07-16,25.35,27.129999,25.209999,26.92,21.673573,15153600
2009-07-17,26.540001,27.059999,26.27,26.5,21.335419,8895400
2009-07-20,26.65,27.35,26.41,26.709999,21.504499,8321500
2009-07-21,27.040001,27.200001,25.959999,26.309999,21.182459,7023600
2009-07-22,25.790001,26.74,25.700001,26.469999,21.311268,7321100
2009-07-23,26.559999,28.18,26.4,27.83,22.406221,10027900
2009-07-24,26.559999,30.59,26.4,30.07,24.209667,24139100
2009-07-27,29.9,30.799999,29.559999,29.82,24.008402,11929900
2009-07-28,29.58,30.33,29.32,29.68,23.895679,9303100
2009-07-29,29.43,30.24,29.209999,29.709999,23.919832,7216200
2009-07-30,30.389999,31.629999,30.1,30.41,24.483406,10344800
2009-07-31,30.299999,31.27,30.15,30.700001,24.71689,6986500
2009-08-03,31.290001,31.940001,30.709999,31.389999,25.272415,8212900
2009-08-04,31.0,31.85,30.610001,31.5,25.360987,7953500
2009-08-05,31.41,31.68,29.98,31.450001,25.320723,13231100
2009-08-06,31.91,33.209999,30.969999,32.169998,25.900402,14440700
2009-08-07,32.900002,34.580002,32.599998,34.119999,27.513119,13575700
2009-08-10,33.84,35.049999,33.669998,33.880001,27.319595,11878800
2009-08-11,33.650002,33.91,32.27,32.759998,26.416475,10592100
2009-08-12,32.880001,33.880001,32.57,33.790001,27.247034,8808600
2009-08-13,34.689999,35.330002,34.049999,35.299999,28.46464,10570200
2009-08-14,35.009998,35.450001,34.110001,35.080002,28.287237,8222500
2009-08-17,33.98,35.299999,33.599998,34.060001,27.46475,14634300
2009-08-18,34.389999,35.360001,34.080002,35.25,28.424316,8012900
2009-08-19,34.630001,34.959999,34.099998,34.459999,27.787289,9710300
2009-08-20,34.439999,35.119999,34.130001,35.040001,28.254982,7548600
2009-08-21,35.68,36.580002,32.419998,36.48,29.416151,8891200
2009-08-24,37.59,37.950001,36.369999,36.450001,29.391958,9467600
2009-08-25,36.860001,36.91,36.07,36.369999,29.327444,7776800
2009-08-26,36.099998,36.790001,35.650002,36.490002,29.424208,6568300
2009-08-27,36.400002,36.740002,36.02,36.630001,29.5371,4743300
2009-08-28,37.139999,37.139999,36.220001,36.73,29.617725,4755800
2009-08-31,36.099998,37.419998,35.959999,37.290001,30.069302,6776100
2009-09-01,37.009998,37.490002,34.939999,35.049999,28.263052,9878100
2009-09-02,35.169998,35.400002,34.259998,34.34,27.690533,9354900
2009-09-03,34.790001,35.279999,34.310001,34.860001,28.109838,5992100
2009-09-04,34.93,35.470001,34.669998,35.23,28.408192,4447700
2009-09-08,35.77,36.099998,34.75,35.439999,28.577528,5244800
2009-09-09,36.450001,37.77,35.66,37.470001,30.214443,9195300
2009-09-10,37.52,38.25,36.599998,38.169998,30.778906,7246600
2009-09-11,38.25,38.540001,37.5,37.98,30.625687,4920500
2009-09-14,37.5,38.360001,36.599998,38.32,30.899868,6636400
2009-09-15,38.139999,38.139999,36.41,37.419998,30.174129,12039800
2009-09-16,37.860001,39.25,37.130001,39.0,31.448195,11678800
2009-09-17,38.66,39.700001,37.939999,38.049999,30.68214,8177700
2009-09-18,38.310001,38.41,37.240002,37.5,30.238646,8807700
2009-09-21,37.049999,37.34,34.73,36.290001,29.262939,7174600
2009-09-22,36.75,37.650002,36.52,37.23,30.020935,6509600
2009-09-23,37.360001,37.48,36.18,36.299999,29.271004,5251500
2009-09-24,36.509998,36.650002,35.25,35.810001,28.875898,5388500
2009-09-25,35.619999,36.0,34.639999,35.139999,28.335627,7278300
2009-09-28,35.290001,36.709999,34.66,36.700001,29.593544,6041300
2009-09-29,36.779999,36.880001,35.200001,35.290001,28.456583,6670200
2009-09-30,35.48,36.189999,34.810001,35.73,28.811382,7391000
2009-10-01,35.41,35.59,33.560001,33.639999,27.126064,8440400
2009-10-02,32.740002,33.93,32.560001,33.189999,26.763212,8698300
2009-10-05,34.599998,36.080002,34.5,35.93,28.972654,10739600
2009-10-06,35.610001,36.75,34.73,35.959999,28.996843,7088600
2009-10-07,35.759998,37.049999,35.66,36.939999,29.787067,7823500
2009-10-08,37.34,37.779999,36.959999,37.470001,30.214443,6971800
2009-10-09,37.470001,37.880001,36.91,37.610001,30.327339,4690700
2009-10-12,37.950001,38.700001,37.610001,38.310001,30.891808,5264500
2009-10-13,38.009998,38.43,37.459999,38.189999,30.795034,6964500
2009-10-14,38.459999,39.439999,37.669998,39.349998,31.730404,9174000
2009-10-15,37.43,38.540001,36.700001,38.119999,30.738594,14092200
2009-10-16,37.459999,37.75,36.310001,36.349998,29.311325,8372000
2009-10-19,36.799999,37.779999,36.349998,37.279999,30.061251,7073200
2009-10-20,37.32,37.93,36.66,36.900002,29.754818,5198000
2009-10-21,36.709999,38.220001,36.439999,36.630001,29.5371,5950400
2009-10-22,36.82,38.599998,36.41,38.330002,30.907925,9707000
2009-10-23,41.889999,42.900002,40.209999,40.950001,33.020603,20673300
2009-10-26,41.27,41.720001,39.169998,39.48,31.835243,10435700
2009-10-27,39.549999,40.560001,39.220001,39.66,31.980385,7728200
2009-10-28,39.360001,39.73,37.349998,37.389999,30.149935,8232000
2009-10-29,38.009998,39.009998,37.43,39.0,31.448195,5946500
2009-10-30,38.740002,38.740002,35.970001,36.599998,29.512907,9131700
2009-11-02,36.84,38.330002,36.759998,38.27,30.859549,9301100
2009-11-03,37.459999,37.790001,36.200001,37.43,30.182194,8394400
2009-11-04,37.970001,38.619999,36.970001,37.189999,29.988667,7692900
2009-11-05,37.540001,38.560001,36.950001,38.459999,31.012751,6480500
2009-11-06,37.889999,38.130001,36.900002,37.669998,30.415262,6316000
2009-11-09,38.200001,39.889999,37.860001,39.779999,32.118893,5782600
2009-11-10,39.439999,40.029999,38.759998,39.689999,32.046253,6539200
2009-11-11,39.959999,40.650002,39.279999,39.639999,32.005863,4725400
2009-11-12,39.490002,39.779999,38.209999,38.369999,30.980455,4947900
2009-11-13,38.41,39.09,38.09,38.799999,31.327633,5126000
2009-11-16,39.34,40.59,39.080002,39.889999,32.207726,8241200
2009-11-17,39.75,40.59,39.59,40.5,32.700241,4643600
2009-11-18,40.240002,40.619999,39.889999,40.450001,32.659878,4700800
2009-11-19,40.099998,40.18,38.220001,38.34,30.956228,7250400
2009-11-20,38.009998,38.619999,37.580002,37.700001,30.439474,7332800
2009-11-23,38.369999,39.0,37.720001,38.02,30.697851,4880700
2009-11-24,37.82,38.130001,37.400002,38.049999,30.722073,4399700
2009-11-25,38.25,38.990002,38.110001,38.759998,31.295353,4181600
2009-11-27,37.389999,38.07,37.009998,37.240002,30.06809,2667200
2009-11-30,37.5,38.459999,37.110001,38.360001,30.972378,4954200
2009-12-01,38.709999,38.939999,37.43,38.09,30.754375,6517100
2009-12-02,37.970001,38.77,37.619999,38.349998,30.96431,5262600
2009-12-03,38.630001,39.0,36.639999,36.919998,29.8097,9544600
2009-12-04,37.880001,38.279999,37.049999,37.919998,30.617115,11964300
2009-12-07,38.48,38.630001,37.18,37.470001,30.253773,6072400
2009-12-08,37.009998,37.73,36.98,37.599998,30.358732,5558700
2009-12-09,37.599998,38.779999,37.490002,38.610001,31.174236,6277800
2009-12-10,38.689999,39.369999,38.43,38.720001,31.263052,5014200
2009-12-11,38.900002,40.48,38.84,40.400002,32.619511,6688000
2009-12-14,40.560001,41.209999,40.150002,41.049999,33.144318,4888300
2009-12-15,40.48,41.0,39.84,40.09,32.36919,5892600
2009-12-16,40.349998,40.779999,40.049999,40.200001,32.458031,4677500
2009-12-17,39.900002,40.099998,38.459999,38.549999,31.125782,6825000
2009-12-18,38.790001,39.509998,38.59,39.5,31.892822,9309700
2009-12-21,39.799999,39.959999,39.139999,39.16,31.618307,4021600
2009-12-22,39.119999,39.23,38.5,38.57,31.14193,3350500
2009-12-23,38.630001,38.849998,37.959999,38.23,30.867418,3078800
2009-12-24,38.25,39.189999,38.119999,38.889999,31.400299,1615800
2009-12-28,39.119999,39.23,38.380001,38.540001,31.117714,1893500
2009-12-29,38.720001,39.049999,38.459999,38.509998,31.093508,2160700
2009-12-30,38.259998,38.389999,37.91,38.25,30.883562,1780500
2009-12-31,38.360001,38.869999,38.32,38.34,30.956228,2714300
2010-01-04,38.66,39.139999,38.549999,39.049999,31.529488,4447400
2010-01-05,39.630001,40.630001,39.619999,40.59,32.772915,8029400
2010-01-06,40.349998,40.970001,40.200001,40.810001,32.950539,5819000
2010-01-07,40.689999,43.110001,40.59,42.830002,34.581516,7885800
2010-01-08,42.43,43.189999,42.009998,42.459999,34.282776,6929600
2010-01-11,42.810001,42.990002,41.68,41.700001,33.669151,5299100
2010-01-12,41.48,42.200001,41.32,41.860001,33.798325,6491900
2010-01-13,41.52,42.240002,40.720001,42.119999,34.008247,6079100
2010-01-14,41.810001,42.099998,41.290001,41.669998,33.644917,4302700
2010-01-15,41.32,42.110001,40.900002,41.130001,33.208916,7222400
2010-01-19,40.970001,43.09,40.810001,43.009998,34.726856,7769600
2010-01-20,42.709999,43.599998,42.32,43.02,34.734932,7280300
2010-01-21,42.860001,43.540001,41.450001,42.700001,34.476551,11787800
2010-01-22,40.790001,40.880001,37.310001,37.529999,30.302223,22018900
2010-01-25,38.32,38.349998,35.650002,36.110001,29.155701,17531700
2010-01-26,35.959999,36.700001,35.150002,35.209999,28.429026,13500900
2010-01-27,35.310001,36.860001,34.650002,36.549999,29.510952,11448100
2010-01-28,36.509998,37.23,35.759998,36.740002,29.664364,10454200
2010-01-29,37.75,37.900002,36.700001,36.860001,29.761263,8555700
2010-02-01,36.849998,37.360001,36.470001,36.779999,29.696667,8417200
2010-02-02,37.470001,38.439999,36.919998,37.43,30.221479,9958800
2010-02-03,37.150002,37.34,36.380001,36.549999,29.510952,5430300
2010-02-04,36.18,36.34,34.849998,34.950001,28.219091,9094100
2010-02-05,35.110001,35.540001,34.029999,35.360001,28.55014,8869700
2010-02-08,35.41,35.759998,34.599998,34.630001,27.960733,4895000
2010-02-09,35.169998,36.110001,34.860001,35.330002,28.525927,5409000
2010-02-10,35.23,36.009998,34.970001,35.560001,28.752314,4672500
2010-02-11,35.5,35.869999,34.830002,35.639999,28.816992,4801100
2010-02-12,35.099998,35.380001,34.68,35.139999,28.41272,7013900
2010-02-16,36.189999,36.91,35.950001,36.740002,29.706411,8239700
2010-02-17,36.98,37.290001,36.450001,36.849998,29.795355,6431600
2010-02-18,36.610001,37.540001,36.610001,37.330002,30.183456,5329000
2010-02-19,37.27,37.849998,36.860001,37.790001,30.555389,6076100
2010-02-22,37.900002,38.529999,37.68,38.279999,30.951584,6873200
2010-02-23,38.099998,38.369999,36.830002,37.029999,29.940884,7199000
2010-02-24,37.200001,37.689999,36.91,37.639999,30.434113,4333100
2010-02-25,37.029999,37.43,36.400002,37.369999,30.215811,5267200
2010-02-26,37.349998,37.919998,37.040001,37.75,30.523064,3824400
2010-03-01,37.939999,38.060001,37.23,37.380001,30.223883,4418400
2010-03-02,37.52,38.330002,37.470001,37.98,30.709017,3617600
2010-03-03,38.040001,38.759998,37.459999,37.759998,30.531132,5416800
2010-03-04,37.48,37.549999,36.580002,36.84,29.78727,9498300
2010-03-05,36.5,38.049999,36.150002,37.939999,30.676674,10041300
2010-03-08,38.060001,38.259998,37.560001,37.849998,30.603909,4008100
2010-03-09,37.68,39.130001,37.5,38.66,31.258839,6799200
2010-03-10,38.93,39.66,38.740002,39.09,31.606512,5789000
2010-03-11,38.990002,39.849998,38.75,39.810001,32.188671,4837100
2010-03-12,39.880001,40.75,39.459999,39.889999,32.253361,6531300
2010-03-15,39.900002,40.43,38.950001,39.98,32.326141,7799500
2010-03-16,40.259998,40.419998,39.27,40.389999,32.657642,7872500
2010-03-17,40.610001,40.91,39.959999,40.25,32.544445,5605800
2010-03-18,40.200001,40.919998,40.029999,40.84,33.021492,5476600
2010-03-19,39.77,41.23,39.75,39.77,32.156345,7784600
2010-03-22,39.369999,40.689999,39.330002,40.610001,32.835529,6350100
2010-03-23,40.59,41.119999,40.299999,40.91,33.078098,4431200
2010-03-24,40.790001,41.630001,40.66,41.259998,33.36108,5131100
2010-03-25,41.560001,42.790001,41.560001,42.049999,33.999851,6346700
2010-03-26,42.290001,42.830002,41.630001,41.919998,33.894741,4469800
2010-03-29,42.34,42.75,41.790001,42.650002,34.484985,4870100
2010-03-30,42.650002,43.0,41.880001,41.919998,33.894741,4641700
2010-03-31,41.540001,41.830002,41.139999,41.41,33.482376,5263600
2010-04-01,41.779999,41.860001,41.189999,41.57,33.611744,3969600
2010-04-05,41.860001,43.209999,41.619999,43.150002,34.889271,5690200
2010-04-06,42.93,43.380001,42.700001,43.259998,34.978207,5765000
2010-04-07,43.02,43.68,42.740002,43.150002,34.889271,6164700
2010-04-08,42.77,44.150002,42.77,43.990002,35.568474,5279600
2010-04-09,44.09,44.419998,43.439999,43.860001,35.463337,3445300
2010-04-12,43.91,45.349998,43.91,45.18,36.530632,7029300
2010-04-13,45.139999,45.200001,44.509998,44.950001,36.344669,4524600
2010-04-14,45.610001,46.400002,44.27,46.060001,37.242165,9193800
2010-04-15,46.259998,46.310001,45.029999,45.150002,36.506382,8515100
2010-04-16,45.07,45.470001,42.82,43.490002,35.164185,11226500
2010-04-19,43.099998,43.82,42.700001,43.810001,35.422909,5967800
2010-04-20,44.139999,44.599998,43.709999,44.580002,36.045509,4244500
2010-04-21,44.580002,45.060001,44.099998,44.740002,36.17487,5103100
2010-04-22,44.110001,45.849998,44.02,45.549999,36.829781,6261000
2010-04-23,47.73,47.73,45.200001,46.73,37.783909,10853300
2010-04-26,46.57,46.84,45.139999,45.240002,36.57914,7297000
2010-04-27,44.93,45.52,43.110001,43.290001,35.00246,9433300
2010-04-28,43.810001,44.5,43.5,43.869999,35.471436,5385000
2010-04-29,44.369999,45.32,44.189999,44.869999,36.279987,5672400
2010-04-30,44.709999,45.110001,43.299999,43.41,35.099503,5548900
2010-05-03,43.73,46.360001,43.73,46.130001,37.298779,7934900
2010-05-04,45.369999,46.0,44.400002,44.889999,36.296158,7506300
2010-05-05,44.139999,45.599998,43.669998,44.240002,35.770599,7756600
2010-05-06,43.93,45.599998,40.5,43.119999,34.865009,12246700
2010-05-07,43.049999,43.740002,40.970001,42.139999,34.112175,11128800
2010-05-10,44.110001,45.380001,43.450001,44.200001,35.779724,7256800
2010-05-11,43.41,45.779999,43.279999,44.779999,36.249245,8386400
2010-05-12,45.349998,46.779999,44.580002,46.610001,37.730614,7920700
2010-05-13,46.0,46.119999,44.900002,44.91,36.354473,6457100
2010-05-14,43.18,43.459999,42.110001,42.759998,34.614075,12583000
2010-05-17,43.310001,43.790001,40.860001,42.610001,34.492638,11841200
2010-05-18,43.209999,43.209999,40.630001,41.57,33.650761,12251600
2010-05-19,41.290001,43.220001,41.18,42.380001,34.306458,12229400
2010-05-20,41.630001,43.740002,41.290001,41.330002,33.45649,15338500
2010-05-21,40.439999,42.040001,40.259998,41.810001,33.845047,12224200
2010-05-24,41.950001,42.439999,40.860001,40.919998,33.124588,5806800
2010-05-25,39.880001,40.77,39.080002,40.650002,32.906021,8865700
2010-05-26,41.299999,41.77,40.009998,40.310001,32.630802,6128100
2010-05-27,41.290001,42.279999,41.07,42.209999,34.168842,4279700
2010-05-28,42.040001,42.369999,40.900002,41.299999,33.432205,4296500
2010-06-01,40.700001,41.599998,40.450001,40.48,32.768406,4489400
2010-06-02,40.849998,41.810001,40.200001,41.75,33.796471,5016200
2010-06-03,41.740002,41.93,40.77,41.189999,33.343147,5143500
2010-06-04,40.119999,40.68,39.029999,39.310001,31.821314,7139100
2010-06-07,39.650002,40.209999,38.360001,38.5,31.165621,5730100
2010-06-08,38.790001,39.099998,37.709999,39.009998,31.578453,7268300
2010-06-09,39.330002,39.540001,37.830002,38.02,30.77705,7365000
2010-06-10,38.869999,40.16,38.57,40.07,32.436523,6751300
2010-06-11,39.369999,40.400002,39.32,40.259998,32.590321,6717300
2010-06-14,40.75,40.950001,40.07,40.459999,32.752216,5784900
2010-06-15,40.709999,42.619999,40.669998,42.529999,34.427879,8835500
2010-06-16,42.110001,42.84,41.869999,42.5,34.403606,6302100
2010-06-17,42.59,42.599998,41.869999,42.369999,34.298351,5387200
2010-06-18,42.490002,42.740002,42.110001,42.639999,34.516926,4783100
2010-06-21,43.209999,44.189999,43.130001,43.330002,35.075466,6816800
2010-06-22,43.380001,44.779999,43.02,43.650002,35.33453,7245400
2010-06-23,43.450001,43.919998,42.779999,43.240002,35.002617,5154800
2010-06-24,42.889999,43.669998,42.549999,42.77,34.622143,6763400
2010-06-25,43.099998,43.59,42.16,43.439999,35.16452,6294300
2010-06-28,43.549999,43.599998,42.650002,42.93,34.751686,3794100
2010-06-29,42.23,42.470001,40.52,40.82,33.043644,7043400
2010-06-30,40.82,41.529999,40.150002,40.299999,32.622696,5451800
2010-07-01,40.25,40.779999,38.66,39.580002,32.039879,7863600
2010-07-02,40.02,40.119999,38.599998,39.43,31.918455,4247100
2010-07-06,39.919998,40.950001,39.040001,39.57,32.031769,4988900
2010-07-07,39.889999,42.18,39.889999,42.09,34.071693,6920000
2010-07-08,42.650002,43.200001,41.889999,42.779999,34.630257,4933200
2010-07-09,42.740002,43.810001,42.52,43.68,35.358807,4075800
2010-07-12,43.34,43.77,43.049999,43.68,35.358807,2860600
2010-07-13,44.259998,45.200001,43.93,45.0,36.427334,5787000
2010-07-14,44.610001,44.619999,43.84,44.529999,36.046875,4540300
2010-07-15,44.490002,44.5,42.27,43.259998,35.018799,9129500
2010-07-16,42.639999,42.720001,41.279999,41.459999,33.561714,7639100
2010-07-19,41.610001,41.799999,40.580002,40.990002,33.181255,4799000
2010-07-20,40.189999,41.5,40.02,41.459999,33.561714,7504100
2010-07-21,41.939999,41.98,39.970001,40.09,32.452705,5058800
2010-07-22,40.98,42.599998,40.959999,42.080002,34.063606,6835300
2010-07-23,40.849998,40.98,39.599998,40.84,33.05983,10399600
2010-07-26,40.720001,41.700001,40.59,41.450001,33.553612,4338900
2010-07-27,41.709999,42.189999,40.990002,41.549999,33.634571,6534000
2010-07-28,41.43,42.0,41.16,41.77,33.812656,4991900
2010-07-29,41.68,42.759998,41.68,42.419998,34.338825,6660500
2010-07-30,41.939999,42.509998,41.669998,42.330002,34.26598,4535800
2010-08-02,43.09,43.360001,42.419998,42.779999,34.630257,5763000
2010-08-03,42.389999,42.540001,41.650002,41.93,33.942188,4761000
2010-08-04,42.18,42.220001,41.23,41.639999,33.70742,4278200
2010-08-05,41.209999,41.700001,41.060001,41.169998,33.326962,3820700
2010-08-06,40.66,40.919998,39.98,40.919998,33.124588,4626800
2010-08-09,41.040001,41.41,40.560001,41.27,33.448792,2575800
2010-08-10,40.68,42.040001,40.459999,41.48,33.61898,4811600
2010-08-11,40.700001,40.959999,39.84,39.860001,32.306007,4647900
2010-08-12,39.41,39.59,38.5,38.610001,31.292889,8205900
2010-08-13,38.59,39.380001,38.529999,38.82,31.463097,4497600
2010-08-16,38.619999,39.5,38.529999,38.93,31.552235,4182400
2010-08-17,39.290001,39.869999,39.0,39.119999,31.706224,4545200
2010-08-18,39.220001,39.32,38.59,39.060001,31.657621,3997900
2010-08-19,38.830002,38.889999,37.439999,37.610001,30.482409,6318500
2010-08-20,37.41,38.0,37.299999,37.779999,30.620169,4155700
2010-08-23,37.970001,38.43,37.810001,37.880001,30.701237,4011100
2010-08-24,37.259998,37.650002,36.950001,37.330002,30.255463,4863600
2010-08-25,37.029999,37.369999,36.689999,37.119999,30.085272,5042800
2010-08-26,37.650002,38.0,37.099998,37.209999,30.158199,4361000
2010-08-27,37.5,38.450001,36.91,38.209999,30.968687,5424600
2010-08-30,38.049999,38.630001,37.619999,37.639999,30.50671,4818000
2010-08-31,37.630001,38.419998,37.41,37.869999,30.693138,3733200
2010-09-01,38.25,39.049999,38.169998,39.029999,31.633307,4939000
2010-09-02,39.150002,39.529999,38.91,39.52,32.030434,3483800
2010-09-03,39.98,40.77,39.959999,40.689999,32.978699,4110900
2010-09-07,40.279999,40.380001,38.810001,38.849998,31.48741,4752500
2010-09-08,39.009998,39.93,38.959999,39.080002,31.67382,6960400
2010-09-09,39.889999,40.060001,38.970001,39.400002,31.933172,3867200
2010-09-10,39.5,39.610001,38.52,38.889999,31.519823,3900500
2010-09-13,39.599998,40.16,39.200001,39.450001,31.973703,4755000
2010-09-14,39.189999,39.360001,38.48,38.599998,31.284784,4452900
2010-09-15,38.25,39.240002,38.049999,39.09,31.681919,4263400
2010-09-16,38.880001,39.73,38.869999,39.509998,32.022324,4489600
2010-09-17,39.66,39.73,38.639999,38.669998,31.341513,7636300
2010-09-20,38.900002,39.48,38.799999,39.330002,31.876455,4588400
2010-09-21,39.299999,39.419998,38.259998,38.330002,31.065947,4835600
2010-09-22,38.369999,38.720001,37.599998,37.889999,30.709349,6654100
2010-09-23,37.549999,38.41,37.400002,37.669998,30.531021,5994600
2010-09-24,38.349998,39.400002,38.07,39.349998,31.892647,5365300
2010-09-27,39.380001,39.380001,38.73,38.77,31.422571,3660600
2010-09-28,38.860001,39.209999,38.400002,39.150002,31.730555,3547400
2010-09-29,38.889999,39.23,38.689999,38.93,31.552235,2860300
2010-09-30,39.209999,39.91,38.799999,39.549999,32.054745,5612100
2010-10-01,39.93,40.029999,38.720001,39.299999,31.852133,4673700
2010-10-04,39.23,39.470001,38.43,38.57,31.260462,4842900
2010-10-05,38.939999,40.610001,38.740002,40.389999,32.735558,6730800
2010-10-06,40.299999,40.630001,39.950001,40.16,32.549152,3750800
2010-10-07,40.459999,40.630001,39.23,39.27,31.827805,5375500
2010-10-08,39.41,39.799999,39.209999,39.360001,31.900763,3405100
2010-10-11,39.470001,39.860001,39.259998,39.68,32.160114,2491400
2010-10-12,39.560001,40.689999,39.48,40.57,32.881443,3960700
2010-10-13,40.860001,41.150002,39.91,40.43,32.767979,6419700
2010-10-14,40.18,40.41,39.200001,39.889999,32.330318,7168400
2010-10-15,40.240002,40.25,36.5,36.860001,29.874546,18952900
2010-10-18,36.860001,37.240002,36.099998,37.23,30.174421,10499300
2010-10-19,38.25,40.150002,37.709999,38.759998,31.414457,17154400
2010-10-20,38.790001,38.889999,37.209999,38.75,31.406357,11237900
2010-10-21,38.889999,39.759998,38.75,39.299999,31.852133,7073800
2010-10-22,39.240002,39.560001,38.889999,39.119999,31.706224,2711400
2010-10-25,39.450001,39.84,38.130001,38.240002,30.993008,5967300
2010-10-26,38.139999,38.41,37.619999,37.77,30.61207,5813400
2010-10-27,37.5,38.43,37.419998,37.91,30.72555,5150700
2010-10-28,38.209999,38.43,37.549999,37.919998,30.73366,3128000
2010-10-29,37.66,37.790001,37.080002,37.27,30.206837,5145000
2010-11-01,37.41,38.0,36.880001,37.310001,30.239258,5018100
2010-11-02,37.66,37.799999,37.110001,37.369999,30.287878,3822700
2010-11-03,37.470001,37.810001,37.16,37.759998,30.603973,4328200
2010-11-04,38.299999,39.439999,37.919998,39.299999,31.852133,6998400
2010-11-05,39.439999,41.0,39.099998,40.360001,32.71125,7910900
2010-11-08,40.099998,40.619999,39.779999,40.080002,32.484306,4271500
2010-11-09,40.259998,40.259998,38.490002,38.73,31.42935,4980800
2010-11-10,38.900002,39.700001,38.57,39.66,32.184048,4972400
2010-11-11,39.189999,39.639999,38.93,39.509998,32.062328,3375300
2010-11-12,39.23,39.57,38.700001,39.27,31.867559,4467200
2010-11-15,39.43,40.52,39.380001,39.689999,32.208397,4852500
2010-11-16,39.380001,39.57,38.66,38.82,31.502392,5674000
2010-11-17,38.779999,38.98,38.130001,38.27,31.056074,3965600
2010-11-18,38.720001,38.900002,37.98,38.060001,30.885656,5124600
2010-11-19,37.849998,38.119999,37.5,37.82,30.690884,4860700
2010-11-22,37.689999,37.75,37.0,37.119999,30.122845,5174100
2010-11-23,36.810001,37.18,36.439999,36.549999,29.660288,4925200
2010-11-24,36.810001,37.84,36.650002,37.700001,30.593523,4737500
2010-11-26,37.290001,37.57,37.0,37.0,30.025469,1482000
2010-11-29,36.799999,37.880001,36.540001,37.73,30.617849,5004500
2010-11-30,37.360001,37.669998,37.07,37.23,30.212111,4649300
2010-12-01,37.790001,38.25,37.52,38.130001,30.942459,4689300
2010-12-02,38.110001,39.060001,37.799999,38.950001,31.607885,4658100
2010-12-03,38.66,38.84,38.16,38.759998,31.453697,4196100
2010-12-06,38.669998,38.790001,38.330002,38.52,31.258936,2362500
2010-12-07,38.93,39.360001,38.369999,38.57,31.299507,3937400
2010-12-08,38.57,40.580002,38.459999,40.529999,32.890041,6391700
2010-12-09,40.799999,41.400002,40.639999,41.27,33.49057,5956200
2010-12-10,41.759998,42.400002,41.66,42.209999,34.253376,5281300
2010-12-13,42.610001,42.689999,41.93,42.220001,34.261482,3949500
2010-12-14,42.200001,42.759998,42.0,42.099998,34.164116,3064600
2010-12-15,41.82,41.900002,41.290001,41.52,33.693443,4354200
2010-12-16,41.470001,41.849998,40.799999,40.900002,33.190315,7306300
2010-12-17,40.849998,41.0,40.080002,40.490002,32.857594,5937000
2010-12-20,40.799999,41.23,40.549999,41.049999,33.312027,3809300
2010-12-21,41.32,42.419998,41.150002,42.18,34.229023,4063300
2010-12-22,42.259998,42.91,42.119999,42.540001,34.521175,2631900
2010-12-23,42.209999,42.790001,42.130001,42.360001,34.375099,1779200
2010-12-27,42.080002,42.830002,42.009998,42.59,34.561737,1332100
2010-12-28,42.389999,42.950001,42.32,42.779999,34.715927,1412000
2010-12-29,42.790001,42.900002,42.450001,42.599998,34.569866,1600800
2010-12-30,42.470001,42.580002,42.060001,42.470001,34.464363,2165000
2010-12-31,42.450001,42.700001,42.259998,42.560001,34.537399,1781800
2011-01-03,43.009998,44.099998,43.009998,43.689999,35.454399,3847800
2011-01-04,43.77,44.099998,43.209999,43.68,35.446274,3340000
2011-01-05,43.669998,45.52,43.419998,45.52,36.939445,6710900
2011-01-06,45.689999,45.849998,45.169998,45.400002,36.842056,5195400
2011-01-07,45.59,45.68,44.259998,45.41,36.850185,5620300
2011-01-10,44.990002,46.110001,44.880001,45.57,36.980019,3647000
2011-01-11,45.869999,46.619999,45.75,46.200001,37.491257,3374400
2011-01-12,46.700001,47.380001,46.580002,47.169998,38.278416,5554000
2011-01-13,47.060001,47.200001,46.23,46.689999,37.888893,4077800
2011-01-14,46.66,48.619999,46.66,48.380001,39.260326,5038000
2011-01-18,49.060001,49.060001,47.459999,48.009998,38.960072,4903800
2011-01-19,47.59,47.900002,47.049999,47.32,38.400131,4960100
2011-01-20,47.200001,47.48,46.25,47.25,38.343334,5483200
2011-01-21,47.84,49.689999,47.599998,49.169998,39.901409,8087100
2011-01-24,49.060001,49.290001,48.279999,48.470001,39.333366,4018900
2011-01-25,47.73,48.400002,47.540001,48.209999,39.122372,3958700
2011-01-26,48.470001,49.139999,48.240002,48.279999,39.179188,2959200
2011-01-27,48.540001,48.889999,47.709999,48.400002,39.276554,3692000
2011-01-28,48.669998,49.049999,47.98,48.240002,39.146721,5726300
2011-01-31,48.5,48.599998,47.970001,48.16,39.081795,4013400
2011-02-01,48.540001,50.0,48.310001,49.860001,40.461349,5156100
2011-02-02,48.970001,49.919998,48.970001,49.459999,40.136742,3822200
2011-02-03,49.389999,49.459999,48.540001,49.049999,39.804039,2695900
2011-02-04,49.189999,49.189999,48.439999,48.759998,39.568695,3043300
2011-02-07,48.990002,49.950001,48.82,49.529999,40.193546,2648700
2011-02-08,49.619999,51.709999,49.450001,51.580002,41.857105,7630700
2011-02-09,51.259998,51.630001,50.439999,51.029999,41.450974,4817200
2011-02-10,50.779999,51.790001,50.77,51.700001,41.995201,3821000
2011-02-11,51.549999,52.400002,51.52,52.060001,42.287624,4225500
2011-02-14,51.959999,52.919998,51.959999,52.759998,42.856228,3811600
2011-02-15,52.689999,52.900002,51.830002,52.110001,42.328259,4099500
2011-02-16,52.389999,52.400002,51.740002,52.110001,42.328259,3722300
2011-02-17,51.990002,52.400002,51.77,52.130001,42.344486,2667400
2011-02-18,52.299999,52.98,51.669998,52.689999,42.799381,3793500
2011-02-22,51.91,52.389999,50.450001,50.73,41.207287,6293500
2011-02-23,50.799999,51.110001,49.389999,50.34,40.890499,4699400
2011-02-24,50.360001,51.290001,49.939999,50.630001,41.126068,4408900
2011-02-25,50.860001,51.029999,49.98,49.990002,40.606201,4677600
2011-02-28,50.25,50.5,49.57,49.77,40.427517,4721900
2011-03-01,49.880001,49.880001,48.189999,48.259998,39.200951,6300500
2011-03-02,48.130001,49.0,47.790001,47.91,38.916641,3917900
2011-03-03,48.369999,49.139999,48.139999,48.970001,39.777672,5016000
2011-03-04,49.73,49.990002,48.0,48.529999,39.420269,5940400
2011-03-07,48.639999,48.759998,48.099998,48.299999,39.233437,5145400
2011-03-08,48.529999,49.529999,48.470001,49.279999,40.029465,5094600
2011-03-09,48.959999,49.68,48.93,49.330002,40.070107,2758100
2011-03-10,48.610001,48.630001,47.779999,48.27,39.209068,3334200
2011-03-11,48.029999,49.880001,48.0,49.57,40.265049,3880400
2011-03-14,49.110001,49.52,48.130001,49.459999,40.17569,3889800
2011-03-15,47.93,51.450001,47.93,51.099998,41.507828,8398700
2011-03-16,51.080002,51.450001,50.130001,50.200001,40.776772,7098700
2011-03-17,51.119999,51.34,50.27,50.779999,41.247906,4101800
2011-03-18,51.549999,52.279999,50.790001,51.049999,41.467216,6328500
2011-03-21,51.759998,51.860001,50.599998,51.240002,41.621559,3713500
2011-03-22,51.23,51.360001,50.549999,50.560001,41.069218,3525200
2011-03-23,50.57,51.619999,50.299999,51.41,41.759659,3559100
2011-03-24,50.610001,52.150002,49.759998,51.860001,42.125183,6808500
2011-03-25,51.970001,52.490002,51.700001,52.23,42.425716,3164000
2011-03-28,52.459999,52.459999,51.57,51.580002,41.897728,2494400
2011-03-29,51.630001,52.119999,51.16,52.009998,42.247013,2359300
2011-03-30,52.299999,52.869999,51.849998,52.110001,42.328259,3433800
2011-03-31,51.889999,52.380001,51.360001,51.959999,42.206398,3044300
2011-04-01,52.529999,52.689999,51.77,52.09,42.312,3127100
2011-04-04,52.09,52.16,51.599998,51.82,42.092682,2183900
2011-04-05,51.709999,52.040001,51.240002,51.669998,41.97084,2928600
2011-04-06,51.84,52.240002,51.529999,52.150002,42.360737,2507200
2011-04-07,52.099998,52.459999,51.709999,51.950001,42.198269,2694900
2011-04-08,52.049999,52.110001,51.59,51.650002,41.954594,2499400
2011-04-11,51.689999,52.029999,51.349998,51.5,41.832748,2644900
2011-04-12,51.23,51.810001,50.860001,51.619999,41.930233,3049700
2011-04-13,51.990002,52.029999,51.060001,51.529999,41.857101,3734900
2011-04-14,51.240002,51.290001,50.23,50.25,40.817387,3366100
2011-04-15,50.310001,50.799999,49.32,50.029999,40.638676,4421900
2011-04-18,49.439999,49.669998,48.830002,49.439999,40.159443,3014400
2011-04-19,49.48,50.470001,49.439999,50.220001,40.793022,3454000
2011-04-20,50.82,50.880001,50.189999,50.529999,41.044838,3171800
2011-04-21,51.43,53.830002,51.419998,53.259998,43.26236,8834700
2011-04-25,53.400002,54.490002,53.029999,54.450001,44.229004,5002500
2011-04-26,54.790001,54.790001,53.799999,54.610001,44.358978,4000000
2011-04-27,54.799999,55.639999,54.580002,55.439999,45.033157,4887500
2011-04-28,55.330002,55.639999,55.110001,55.200001,44.838223,2927900
2011-04-29,55.23,55.439999,54.59,54.73,44.45644,3100000
2011-05-02,55.130001,55.290001,54.720001,54.779999,44.497047,3570700
2011-05-03,54.73,54.950001,54.040001,54.040001,43.895954,4456000
2011-05-04,54.130001,54.240002,52.790001,53.169998,43.18927,4831900
2011-05-05,53.07,53.68,52.57,53.139999,43.164902,3969100
2011-05-06,53.93,54.630001,53.450001,53.790001,43.692886,4088700
2011-05-09,53.529999,53.849998,53.16,53.369999,43.351715,2311500
2011-05-10,53.650002,54.060001,53.369999,53.950001,43.822861,2126400
2011-05-11,53.68,53.869999,52.919998,53.029999,43.07555,2854800
2011-05-12,53.02,53.16,52.09,52.950001,43.010555,3623700
2011-05-13,52.950001,53.119999,52.150002,52.34,42.515057,3383400
2011-05-16,52.139999,54.02,51.869999,53.48,43.441078,4690600
2011-05-17,53.16,54.869999,53.0,54.869999,44.57016,4803400
2011-05-18,54.98,55.400002,54.279999,55.369999,44.976303,3851100
2011-05-19,55.68,56.259998,55.369999,56.209999,45.699902,3605100
2011-05-20,56.02,56.169998,54.98,55.07,44.773048,4594900
2011-05-23,54.349998,54.650002,54.040001,54.09,43.976288,2551000
2011-05-24,54.240002,54.25,52.82,53.029999,43.114475,4020200
2011-05-25,52.91,52.939999,52.049999,52.41,42.61042,4219100
2011-05-26,52.220001,53.240002,51.830002,52.869999,42.984402,3353900
2011-05-27,53.16,54.32,53.110001,54.040001,43.935627,3487400
2011-05-31,54.459999,54.810001,53.950001,54.34,44.179543,2776800
2011-06-01,54.029999,54.029999,52.669998,52.75,42.886829,3792800
2011-06-02,52.75,53.290001,52.0,52.52,42.699837,3741900
2011-06-03,51.849998,52.310001,51.5,51.549999,41.911213,3271300
2011-06-06,51.43,51.610001,50.330002,50.73,41.244537,4322300
2011-06-07,51.0,51.0,49.970001,50.16,40.78112,3652700
2011-06-08,50.049999,50.919998,49.52,49.700001,40.407127,3852200
2011-06-09,49.98,50.709999,49.939999,50.150002,40.772976,2508600
2011-06-10,49.970001,50.07,48.849998,49.540001,40.277042,4201000
2011-06-13,49.810001,50.310001,49.689999,50.060001,40.69981,3415400
2011-06-14,50.52,50.630001,48.25,48.43,39.374577,10303900
2011-06-15,48.09,48.830002,47.330002,47.869999,38.919304,6700700
2011-06-16,47.849998,49.91,47.77,49.0,39.838009,9108200
2011-06-17,49.310001,49.810001,48.240002,48.84,39.70792,6082100
2011-06-20,48.720001,50.709999,48.57,49.59,40.317692,5877600
2011-06-21,50.009998,50.950001,49.82,50.66,41.187618,4582000
2011-06-22,50.369999,51.25,50.220001,50.360001,40.94371,3401300
2011-06-23,49.720001,50.66,49.639999,50.360001,40.94371,4248300
2011-06-24,50.330002,50.5,49.220001,49.509998,40.252666,4427100
2011-06-27,49.59,50.889999,49.290001,50.759998,41.268929,3622800
2011-06-28,50.919998,51.580002,50.439999,51.419998,41.805511,3590400
2011-06-29,51.759998,52.349998,51.0,52.259998,42.488453,5180500
2011-06-30,52.380001,52.599998,51.279999,51.669998,42.008762,5428200
2011-07-01,51.740002,52.830002,51.529999,52.650002,42.805538,3102800
2011-07-05,52.560001,53.169998,51.889999,53.060001,43.138878,3837200
2011-07-06,52.77,53.18,52.040001,53.130001,43.195789,3610100
2011-07-07,54.060001,54.970001,53.869999,54.310001,44.155148,4879700
2011-07-08,53.5,54.259998,53.470001,53.709999,43.667336,3319700
2011-07-11,52.84,53.369999,51.889999,52.07,42.333965,3991100
2011-07-12,52.049999,52.950001,51.990002,52.240002,42.472198,2838100
2011-07-13,51.720001,52.110001,50.669998,50.869999,41.358356,10159300
2011-07-14,50.52,50.700001,48.630001,48.75,39.634758,40184200
2011-07-15,49.0,49.040001,47.950001,48.5,39.431492,12884800
2011-07-18,48.389999,48.900002,47.549999,48.349998,39.309547,7534400
2011-07-19,48.52,49.200001,47.849998,48.560001,39.480297,6713700
2011-07-20,48.82,49.330002,48.389999,48.950001,39.797356,5740400
2011-07-21,49.259998,50.400002,49.16,50.0,40.651028,8036800
2011-07-22,49.91,50.049999,49.48,49.639999,40.358345,3931300
2011-07-25,49.27,49.57,48.759998,48.880001,39.740459,4246800
2011-07-26,48.849998,49.259998,48.220001,48.84,39.70792,4955500
2011-07-27,48.580002,48.689999,47.549999,47.610001,38.707916,5000300
2011-07-28,47.720001,48.549999,47.529999,47.630001,38.724178,3461700
2011-07-29,47.279999,48.040001,46.580002,47.799999,38.862392,5414200
2011-08-01,48.139999,48.360001,46.919998,47.119999,38.309536,5145900
2011-08-02,46.880001,47.080002,45.07,45.080002,36.65097,7687700
2011-08-03,45.27,46.150002,44.34,45.959999,37.366417,6162600
2011-08-04,45.290001,45.310001,43.099998,43.099998,35.04118,8424100
2011-08-05,43.560001,43.970001,41.0,42.799999,34.797272,12729800
2011-08-08,41.950001,42.560001,35.939999,37.630001,30.593975,18289900
2011-08-09,39.16,40.880001,37.18,40.82,33.187508,13167100
2011-08-10,41.400002,43.57,39.990002,41.049999,33.415432,20050700
2011-08-11,41.880001,44.66,41.77,44.139999,35.93074,12856500
2011-08-12,44.700001,46.119999,43.360001,43.779999,35.637688,10165500
2011-08-15,44.279999,46.150002,44.110001,45.400002,36.956398,7130100
2011-08-16,44.84,45.18,44.200001,44.549999,36.264481,5674500
2011-08-17,44.939999,45.369999,43.900002,44.470001,36.199375,4862600
2011-08-18,42.759998,42.950001,41.400002,41.93,34.131763,8980000
2011-08-19,41.470001,42.959999,41.23,41.299999,33.618931,5495000
2011-08-22,42.380001,42.709999,40.82,41.130001,33.480549,5031900
2011-08-23,41.509998,42.799999,40.830002,42.799999,34.839947,6310900
2011-08-24,42.759998,44.68,42.48,43.779999,35.637688,6142800
2011-08-25,44.509998,45.560001,43.130001,43.380001,35.312077,6645600
2011-08-26,43.09,44.540001,42.34,44.23,36.00399,4954000
2011-08-29,44.950001,45.389999,44.700001,45.389999,36.948265,4343800
2011-08-30,45.029999,45.84,44.389999,45.369999,36.931976,5131500
2011-08-31,45.529999,46.459999,45.400002,46.049999,37.485512,4860400
2011-09-01,45.900002,46.279999,45.25,45.299999,36.874992,6901800
2011-09-02,43.939999,44.040001,41.900002,42.279999,34.416664,8151200
2011-09-06,40.82,41.830002,40.32,41.73,33.968956,6005300
2011-09-07,42.830002,44.27,42.639999,44.049999,35.857487,6961200
2011-09-08,43.73,44.279999,43.029999,43.099998,35.084156,5106000
2011-09-09,42.389999,43.029999,41.549999,41.779999,34.009647,6051800
2011-09-12,40.82,42.709999,40.720001,42.580002,34.66087,6171700
2011-09-13,42.720001,43.580002,42.349998,42.66,34.725994,5049600
2011-09-14,43.049999,44.119999,42.040001,43.52,35.426037,5880000
2011-09-15,43.650002,43.720001,41.880001,43.459999,35.377201,12200000
2011-09-16,43.580002,44.040001,42.419998,42.970001,34.978336,6585900
2011-09-19,41.950001,43.049999,41.57,42.720001,34.774834,4589300
2011-09-20,43.07,43.509998,42.369999,42.419998,34.530624,4270700
2011-09-21,42.48,43.220001,41.369999,41.389999,33.692188,6876100
2011-09-22,40.200001,41.93,39.810001,40.799999,33.211922,11222300
2011-09-23,40.400002,41.189999,40.16,40.939999,33.32589,6603800
2011-09-26,41.360001,42.990002,40.849998,42.869999,34.896935,5485400
2011-09-27,44.900002,45.189999,42.099998,42.43,34.538765,7190400
2011-09-28,42.470001,42.860001,40.939999,40.939999,33.32589,5813900
2011-09-29,42.029999,42.130001,39.939999,41.029999,33.399143,7088600
2011-09-30,40.380001,40.889999,39.619999,39.630001,32.259525,5399300
2011-10-03,39.369999,40.23,37.740002,37.75,30.729168,6734000
2011-10-04,37.220001,38.990002,36.330002,38.799999,31.583879,8800000
2011-10-05,38.790001,39.669998,37.860001,39.419998,32.088562,5140900
2011-10-06,39.25,40.689999,38.580002,40.619999,33.065411,4375000
2011-10-07,40.84,41.669998,39.450001,39.810001,32.406036,6238500
2011-10-10,40.799999,41.93,40.75,41.900002,34.107353,3580900
2011-10-11,41.48,42.950001,41.169998,42.52,34.612038,5373100
2011-10-12,42.84,44.259998,42.459999,43.439999,35.360935,5565500
2011-10-13,42.990002,42.990002,41.330002,41.869999,34.082905,5462300
2011-10-14,42.73,42.73,41.02,42.060001,34.237579,4785900
2011-10-17,41.799999,41.849998,40.139999,40.279999,32.788631,5378400
2011-10-18,40.540001,41.509998,40.040001,41.18,33.521252,7738100
2011-10-19,41.060001,41.619999,39.669998,39.75,32.357201,6499900
2011-10-20,39.939999,40.59,39.139999,40.490002,32.959579,7341700
2011-10-21,41.330002,43.490002,41.32,43.290001,35.238831,13089300
2011-10-24,43.700001,46.060001,43.490002,45.439999,36.988964,8205200
2011-10-25,44.779999,45.48,43.150002,43.41,35.336502,7079400
2011-10-26,44.259998,44.860001,43.490002,44.599998,36.305195,5222500
2011-10-27,46.25,47.310001,45.84,47.07,38.315815,9581300
2011-10-28,46.59,47.189999,46.16,46.900002,38.177433,3685700
2011-10-31,46.029999,46.790001,45.66,45.66,37.168045,4778200
2011-11-01,44.27,45.049999,43.650002,43.77,35.629555,5994700
2011-11-02,44.73,45.599998,44.580002,45.200001,36.793606,5936200
2011-11-03,45.720001,46.93,44.669998,46.740002,38.047184,9051700
2011-11-04,46.43,46.43,45.68,46.16,37.575058,3478700
2011-11-07,45.98,46.540001,45.470001,46.369999,37.746006,2572600
2011-11-08,46.630001,46.939999,45.599998,46.849998,38.136726,3887100
2011-11-09,45.869999,45.990002,44.150002,44.400002,36.142387,6886200
2011-11-10,45.16,45.290001,44.189999,44.490002,36.215652,4408700
2011-11-11,45.27,45.450001,44.610001,45.02,36.647076,3835900
2011-11-14,44.639999,44.759998,43.360001,43.810001,35.662117,4474400
2011-11-15,43.5,44.299999,42.959999,43.68,35.556293,4815900
2011-11-16,43.290001,43.290001,42.040001,42.07,34.245724,6541900
2011-11-17,41.869999,42.450001,40.93,41.209999,33.585583,6564100
2011-11-18,41.610001,41.939999,41.25,41.639999,33.936039,3619600
2011-11-21,40.560001,41.290001,40.0,40.98,33.398144,4817900
2011-11-22,40.889999,41.330002,40.48,40.77,33.226994,4054300
2011-11-23,40.310001,40.32,39.299999,39.849998,32.477215,5796100
2011-11-25,40.02,40.650002,39.869999,40.02,32.615746,1957700
2011-11-28,41.52,41.880001,41.400002,41.860001,34.115334,7313400
2011-11-29,41.759998,42.049999,41.490002,41.529999,33.846375,5136500
2011-11-30,42.959999,44.709999,42.799999,44.66,36.397282,7308900
2011-12-01,44.18,44.959999,44.139999,44.75,36.47065,5876600
2011-12-02,45.110001,46.099998,45.029999,45.34,36.951477,6179600
2011-12-05,46.240002,47.25,45.84,46.799999,38.141357,6877400
2011-12-06,46.59,46.66,45.330002,45.68,37.228569,5149300
2011-12-07,45.25,46.52,44.830002,46.259998,37.701256,3037500
2011-12-08,45.810001,45.900002,44.619999,44.720001,36.446194,4375100
2011-12-09,45.279999,46.200001,45.209999,46.07,37.54641,3790700
2011-12-12,45.450001,45.52,44.799999,45.150002,36.796619,3140300
2011-12-13,45.580002,46.0,44.130001,44.599998,36.3484,4962400
2011-12-14,44.360001,44.93,44.130001,44.330002,36.128338,4573300
2011-12-15,44.939999,45.130001,42.82,43.049999,35.085155,9205400
2011-12-16,43.290001,43.860001,43.139999,43.389999,35.362255,5886700
2011-12-19,43.509998,43.560001,41.43,41.560001,33.870838,5679600
2011-12-20,42.5,43.200001,41.740002,41.75,34.025681,8392100
2011-12-21,41.630001,41.98,41.27,41.939999,34.180527,8169700
2011-12-22,42.130001,42.939999,41.900002,42.639999,34.751022,5339000
2011-12-23,43.0,43.130001,42.459999,43.099998,35.125916,2598700
2011-12-27,42.779999,43.25,42.48,42.490002,34.628769,1888400
2011-12-28,42.400002,42.650002,41.68,41.720001,34.001221,2604400
2011-12-29,41.98,42.68,41.82,42.639999,34.751022,4079000
2011-12-30,42.700001,42.77,42.290001,42.290001,34.465767,2795800
2012-01-03,43.389999,44.139999,43.360001,43.75,35.655647,5752700
2012-01-04,43.5,44.75,43.119999,44.5,36.26688,6322500
2012-01-05,44.200001,46.220001,44.049999,45.18,36.821079,6687400
2012-01-06,45.299999,45.900002,44.93,45.16,36.804787,3345400
2012-01-09,45.310001,46.34,45.18,46.25,37.693119,5580600
2012-01-10,46.91,48.0,46.52,47.68,38.858543,8358200
2012-01-11,47.450001,48.169998,47.099998,47.709999,38.882988,4069600
2012-01-12,48.07,48.48,47.400002,48.400002,39.445354,6007500
2012-01-13,47.810001,48.970001,47.439999,48.889999,39.844666,5043200
2012-01-17,49.189999,49.599998,48.700001,48.799999,39.771332,5362100
2012-01-18,48.68,49.439999,48.369999,49.119999,40.032127,4479800
2012-01-19,49.389999,49.630001,48.540001,48.77,39.746891,6797900
2012-01-20,45.150002,46.299999,44.75,46.029999,37.513802,17119600
2012-01-23,45.91,46.200001,45.540001,46.09,37.562714,5497900
2012-01-24,45.639999,45.720001,44.799999,45.040001,36.706985,7190300
2012-01-25,44.880001,45.75,44.650002,45.610001,37.17152,6115300
2012-01-26,45.75,46.330002,45.009998,45.610001,37.17152,7281600
2012-01-27,45.16,46.209999,45.099998,46.049999,37.530121,4680900
2012-01-30,45.369999,45.389999,44.299999,44.799999,36.511379,6571700
2012-01-31,45.09,46.040001,44.91,45.75,37.285614,7679000
2012-02-01,46.02,47.040001,46.009998,46.650002,38.019112,6047800
2012-02-02,46.849998,47.57,46.529999,46.990002,38.296223,4440500
2012-02-03,47.740002,49.93,47.740002,49.299999,40.178841,8144400
2012-02-06,48.860001,48.93,47.73,47.900002,39.037857,5285700
2012-02-07,47.830002,48.009998,47.139999,47.290001,38.540703,7334800
2012-02-08,47.18,48.5,47.18,48.380001,39.470776,7091200
2012-02-09,48.490002,49.25,47.939999,49.099998,40.058167,5408300
2012-02-10,48.509998,48.650002,48.0,48.279999,39.389179,3411700
2012-02-13,48.619999,48.990002,48.0,48.490002,39.56052,4409400
2012-02-14,48.169998,48.169998,47.490002,47.98,39.144428,3352000
2012-02-15,49.209999,50.02,49.009998,49.18,40.123444,9346600
2012-02-16,49.0,49.549999,48.66,49.290001,40.213203,5861500
2012-02-17,49.330002,49.59,48.799999,48.830002,39.837906,4397100
2012-02-21,49.0,49.009998,48.330002,48.66,39.699203,5206200
2012-02-22,48.459999,48.91,48.110001,48.25,39.364716,3633300
2012-02-23,48.73,49.5,48.310001,49.299999,40.221367,6867000
2012-02-24,49.290001,49.5,49.049999,49.290001,40.213203,4601500
2012-02-27,49.060001,49.970001,48.860001,49.740002,40.580326,4558700
2012-02-28,49.869999,50.619999,49.759998,50.369999,41.094307,6558300
2012-02-29,50.34,51.32,50.209999,50.599998,41.281963,28885100
2012-03-01,50.509998,50.849998,49.950001,50.240002,40.988258,6382300
2012-03-02,50.32,50.43,49.669998,49.889999,40.702702,3820800
2012-03-05,49.860001,49.919998,49.07,49.380001,40.286629,3265000
2012-03-06,48.799999,49.0,48.189999,48.27,39.381023,3384000
2012-03-07,48.23,48.84,48.09,48.59,39.642101,3932800
2012-03-08,49.029999,49.5,48.459999,49.43,40.327427,2970500
2012-03-09,49.580002,50.380001,49.209999,49.82,40.645599,4252600
2012-03-12,49.799999,49.82,48.669998,48.98,39.960278,3295800
2012-03-13,49.380001,51.09,49.349998,50.950001,41.567501,4705300
2012-03-14,50.860001,53.0,50.709999,52.330002,42.693386,9349800
2012-03-15,51.880001,54.200001,51.869999,53.630001,43.753979,23152000
2012-03-16,54.150002,55.0,53.990002,54.5,44.463772,8569900
2012-03-19,54.939999,56.189999,54.599998,55.099998,44.953274,7638200
2012-03-20,54.84,55.349998,54.360001,55.130001,44.977753,6386700
2012-03-21,55.77,56.110001,55.130001,55.380001,45.181713,5416900
2012-03-22,54.799999,55.240002,54.07,54.419998,44.398495,5154000
2012-03-23,54.439999,55.860001,54.43,55.740002,45.475422,5961400
2012-03-26,56.220001,57.189999,55.720001,57.150002,46.625771,7381700
2012-03-27,57.32,57.490002,56.720001,56.880001,46.405487,6781300
2012-03-28,56.990002,57.299999,56.009998,56.98,46.487057,4815700
2012-03-29,56.310001,56.73,55.810001,56.43,46.038361,4566000
2012-03-30,56.77,56.900002,55.509998,55.740002,45.475422,7329900
2012-04-02,55.889999,56.950001,55.459999,56.360001,45.981239,4845500
2012-04-03,56.34,56.540001,55.779999,56.34,45.964939,3520700
2012-04-04,55.450001,56.099998,55.009998,55.389999,45.189873,4819400
2012-04-05,55.110001,56.220001,55.07,55.650002,45.401985,4385200
2012-04-09,54.740002,54.779999,53.950001,54.240002,44.251644,4577900
2012-04-10,54.07,54.419998,52.509998,52.689999,42.98708,6763000
2012-04-11,53.25,53.91,53.110001,53.73,43.835548,5549500
2012-04-12,53.720001,54.73,53.450001,54.650002,44.586143,3357500
2012-04-13,54.529999,54.549999,53.389999,53.470001,43.623447,3474200
2012-04-16,53.860001,54.330002,52.860001,53.279999,43.46843,4481500
2012-04-17,53.720001,54.34,53.209999,54.02,44.072151,3897800
2012-04-18,53.669998,54.98,53.380001,54.259998,44.267967,3687200
2012-04-19,54.189999,54.450001,53.490002,53.93,43.998741,4612400
2012-04-20,54.779999,54.990002,53.82,53.849998,43.933472,6847800
2012-04-23,53.77,54.23,53.34,54.080002,44.121117,5286700
2012-04-24,54.16,55.189999,54.040001,54.360001,44.349548,5737200
2012-04-25,54.830002,55.09,54.139999,54.919998,44.806419,4368300
2012-04-26,54.790001,55.48,54.299999,54.84,44.741161,4388000
2012-04-27,55.099998,56.279999,55.049999,56.060001,45.736507,4707400
2012-04-30,55.849998,56.099998,55.099998,55.48,45.263298,2518200
2012-05-01,55.279999,56.900002,55.279999,56.02,45.703861,3137000
2012-05-02,55.849998,56.310001,55.220001,56.080002,45.752823,3783700
2012-05-03,56.290001,56.34,55.369999,55.560001,45.328564,3398000
2012-05-04,54.91,55.220001,53.82,54.52,44.480087,4732500
2012-05-07,54.080002,55.049999,54.080002,54.650002,44.586143,3069000
2012-05-08,54.619999,55.040001,53.279999,54.07,44.112953,5595600
2012-05-09,53.560001,53.919998,52.720001,53.529999,43.672386,5448800
2012-05-10,54.099998,54.939999,54.09,54.310001,44.308754,4575600
2012-05-11,53.75,54.73,53.59,54.369999,44.3577,4464400
2012-05-14,53.650002,53.869999,52.310001,52.310001,42.677044,4206300
2012-05-15,51.93,52.48,51.16,51.279999,41.836731,7022500
2012-05-16,51.580002,52.009998,50.279999,50.299999,41.077251,6592600
2012-05-17,50.150002,50.689999,49.720001,49.799999,40.668922,5340500
2012-05-18,49.919998,50.060001,48.900002,49.130001,40.121773,5198500
2012-05-21,49.139999,50.130001,48.860001,49.880001,40.734268,4339100
2012-05-22,50.060001,51.48,49.889999,50.290001,41.069088,4537000
2012-05-23,49.68,50.459999,49.009998,50.34,41.109913,4677000
2012-05-24,50.98,51.720001,50.720001,51.720001,42.236897,4834200
2012-05-25,51.490002,51.919998,50.959999,51.130001,41.755062,2822300
2012-05-29,51.450001,52.0,50.919998,51.880001,42.367554,2918000
2012-05-30,51.43,51.43,50.450001,50.98,41.632572,3987900
2012-05-31,50.919998,51.810001,50.150002,51.369999,41.951057,3733200
2012-06-01,50.130001,50.189999,48.029999,48.400002,39.525639,7070100
2012-06-04,48.529999,49.259998,47.990002,48.68,39.754292,5048300
2012-06-05,48.599998,50.34,48.540001,50.27,41.052757,5720100
2012-06-06,50.82,51.200001,50.360001,50.610001,41.330418,5408900
2012-06-07,51.48,51.950001,50.82,51.169998,41.787739,5182400
2012-06-08,50.84,52.610001,50.77,52.59,42.947353,4203100
2012-06-11,53.25,53.310001,51.73,51.779999,42.285885,4417900
2012-06-12,52.169998,53.330002,51.459999,53.080002,43.34753,4605700
2012-06-13,52.740002,53.060001,51.75,52.07,42.522717,5487800
2012-06-14,52.32,53.360001,51.959999,53.009998,43.290359,4395100
2012-06-15,53.52,54.009998,53.09,53.810001,43.943676,9432200
2012-06-18,53.599998,54.349998,53.330002,54.110001,44.188671,3457200
2012-06-19,54.419998,55.290001,54.389999,55.049999,44.95631,4147000
2012-06-20,55.16,55.400002,54.040001,54.43,44.449993,4547000
2012-06-21,54.849998,54.93,52.93,53.029999,43.306694,4282100
2012-06-22,53.43,53.610001,52.75,52.93,43.225025,7725500
2012-06-25,51.740002,52.650002,51.639999,52.189999,42.62072,3150100
2012-06-26,52.299999,53.450001,52.16,53.139999,43.396523,3399300
2012-06-27,53.16,53.41,52.560001,53.169998,43.421032,3162900
2012-06-28,52.619999,53.5,52.27,53.459999,43.657852,2883700
2012-06-29,54.790001,54.91,54.0,54.66,44.637814,3741000
2012-07-02,54.869999,54.900002,53.82,54.75,44.711319,2516100
2012-07-03,54.59,55.34,54.540001,55.099998,44.997147,1309500
2012-07-05,54.740002,54.98,54.080002,54.529999,44.531651,1870600
2012-07-06,53.860001,54.169998,53.709999,54.02,44.115166,1874100
2012-07-09,53.889999,54.279999,53.459999,54.23,44.286667,1683800
2012-07-10,53.799999,54.84,53.310001,53.549999,43.731346,2101000
2012-07-11,53.599998,54.380001,53.23,54.040001,44.131496,3051100
2012-07-12,53.529999,53.689999,52.880001,53.360001,43.576183,2489200
2012-07-13,53.470001,54.580002,53.290001,54.419998,44.44183,2323100
2012-07-16,54.040001,55.799999,54.040001,55.09,44.988976,4669100
2012-07-17,55.650002,55.990002,54.650002,55.830002,45.5933,2692700
2012-07-18,55.619999,55.709999,54.419998,54.889999,44.825653,4196800
2012-07-19,55.700001,58.689999,55.610001,56.369999,46.034286,11291500
2012-07-20,56.130001,56.709999,55.43,55.880001,45.634129,4140700
2012-07-23,54.889999,55.540001,54.16,55.299999,45.16048,3546900
2012-07-24,55.369999,55.950001,54.560001,55.0,44.915474,3576900
2012-07-25,55.330002,55.709999,54.400002,54.869999,44.809326,3534700
2012-07-26,55.77,56.5,55.470001,56.360001,46.026115,3540300
2012-07-27,56.810001,57.98,56.200001,57.599998,47.038754,3368300
2012-07-30,57.5,57.560001,56.57,56.900002,46.467129,2618100
2012-07-31,56.84,56.849998,55.98,56.490002,46.132282,2419800
2012-08-01,56.709999,56.82,55.59,55.639999,45.438141,3025400
2012-08-02,54.93,55.59,54.18,55.169998,45.054314,3686900
2012-08-03,56.130001,57.939999,56.09,57.580002,47.022446,4622000
2012-08-06,57.639999,57.779999,56.650002,56.689999,46.295624,2808800
2012-08-07,56.900002,57.400002,56.450001,56.580002,46.205791,3592900
2012-08-08,56.139999,56.650002,55.689999,56.560001,46.230297,3498700
2012-08-09,56.490002,56.720001,55.93,56.549999,46.222126,2439900
2012-08-10,56.23,56.41,55.5,56.099998,45.854305,3220700
2012-08-13,56.25,56.279999,55.389999,55.59,45.437458,2598500
2012-08-14,55.900002,56.189999,54.959999,55.130001,45.06147,3148500
2012-08-15,55.130001,55.34,54.790001,55.040001,44.987907,2924600
2012-08-16,55.139999,56.599998,55.09,56.23,45.960587,3796300
2012-08-17,56.580002,56.830002,55.970001,56.790001,46.418304,2507400
2012-08-20,56.48,56.880001,56.200001,56.490002,46.173084,2442400
2012-08-21,56.560001,57.419998,56.330002,56.470001,46.156754,3558400
2012-08-22,56.259998,56.57,55.68,55.880001,45.674492,3104000
2012-08-23,55.77,56.099998,55.48,55.630001,45.470142,2499800
2012-08-24,55.490002,57.07,55.490002,56.869999,46.483681,4428700
2012-08-27,56.919998,57.060001,56.32,56.830002,46.450989,2071100
2012-08-28,56.509998,56.98,56.200001,56.669998,46.320213,2036200
2012-08-29,56.790001,56.93,56.330002,56.470001,46.156754,2263600
2012-08-30,56.130001,56.330002,55.619999,56.02,45.788921,2480400
2012-08-31,56.360001,56.98,55.990002,56.529999,46.205784,3856700
2012-09-04,56.5,56.830002,56.139999,56.490002,46.173084,2768300
2012-09-05,55.810001,56.200001,55.400002,56.169998,45.911541,35629000
2012-09-06,56.75,57.299999,56.43,57.16,46.720726,10024400
2012-09-07,57.299999,57.59,56.470001,57.41,46.925068,4794800
2012-09-10,57.549999,57.959999,56.959999,57.040001,46.622646,4441800
2012-09-11,56.970001,56.970001,56.0,56.470001,46.156754,7757100
2012-09-12,56.77,58.099998,56.77,57.919998,47.341927,7650500
2012-09-13,57.810001,59.389999,57.32,58.98,48.208332,5245800
2012-09-14,58.889999,59.740002,58.709999,59.369999,48.527111,5748700
2012-09-17,59.18,59.290001,58.610001,58.759998,48.028503,4088900
2012-09-18,58.509998,58.509998,57.5,57.880001,47.309219,3824400
2012-09-19,57.84,58.169998,57.619999,57.970001,47.382797,4433100
2012-09-20,57.73,58.18,57.549999,58.049999,47.448185,3530900
2012-09-21,58.529999,58.540001,57.23,57.259998,46.80246,5362300
2012-09-24,56.82,58.040001,56.619999,57.349998,46.876015,3948800
2012-09-25,57.560001,57.810001,55.869999,55.900002,45.690838,6048500
2012-09-26,55.93,55.959999,55.139999,55.279999,45.184067,3984600
2012-09-27,55.77,57.099998,55.73,56.959999,46.557243,5858800
2012-09-28,56.630001,57.209999,56.18,57.009998,46.59811,4945800
2012-10-01,57.490002,58.73,57.490002,58.060001,47.456345,3947700
2012-10-02,58.259998,58.5,57.799999,58.310001,47.66069,3165000
2012-10-03,58.389999,58.73,57.889999,58.630001,47.922272,2971500
2012-10-04,58.990002,59.639999,58.68,59.529999,48.657883,4218600
2012-10-05,60.049999,60.049999,58.740002,59.0,48.224678,3266600
2012-10-08,58.77,59.099998,58.5,59.049999,48.265545,1959600
2012-10-09,58.889999,59.150002,58.360001,58.66,47.946777,2837900
2012-10-10,58.779999,58.779999,58.060001,58.23,47.595303,2567500
2012-10-11,58.799999,59.189999,58.279999,58.889999,48.134758,2689300
2012-10-12,58.700001,59.110001,57.759998,58.209999,47.57896,4418800
2012-10-15,56.759998,57.900002,56.75,57.599998,47.08036,7499500
2012-10-16,58.029999,58.5,57.639999,58.009998,47.415485,3572000
2012-10-17,58.450001,58.540001,57.619999,58.029999,47.431831,3480700
2012-10-18,57.779999,57.869999,57.130001,57.299999,46.835152,5300600
2012-10-19,59.099998,60.889999,58.919998,60.75,49.655071,11775500
2012-10-22,61.139999,61.330002,59.810001,60.0,49.042049,6039400
2012-10-23,59.349998,60.330002,59.040001,60.02,49.058407,5923500
2012-10-24,60.200001,60.389999,59.57,59.669998,48.772327,3622800
2012-10-25,60.290001,60.470001,59.700001,59.970001,49.017532,3048100
2012-10-26,59.16,60.34,59.119999,60.0,49.042049,2968700
2012-10-31,60.330002,60.330002,59.48,60.169998,49.180996,3082500
2012-11-01,60.349998,61.41,60.150002,61.400002,50.186367,4408800
2012-11-02,61.5,61.830002,61.080002,61.400002,50.186367,4685100
2012-11-05,61.18,61.389999,60.299999,60.68,49.597843,2567400
2012-11-06,60.73,61.450001,60.57,61.07,49.916637,2885000
2012-11-07,60.369999,60.369999,58.900002,59.419998,48.607769,4927900
2012-11-08,59.41,59.84,57.549999,58.290001,47.68338,6017600
2012-11-09,58.040001,59.049999,57.810001,58.369999,47.748833,2984700
2012-11-12,58.470001,58.490002,57.529999,57.82,47.298912,2252300
2012-11-13,57.509998,58.09,57.029999,57.310001,46.881725,2871300
2012-11-14,57.52,57.610001,55.98,56.139999,45.92461,3208600
2012-11-15,55.689999,55.799999,54.450001,54.77,44.803898,7143400
2012-11-16,54.810001,56.099998,54.810001,55.700001,45.564671,5202800
2012-11-19,56.25,58.139999,56.130001,58.139999,47.560673,4620200
2012-11-20,58.049999,58.689999,57.700001,58.48,47.838821,2975500
2012-11-21,58.75,58.82,57.990002,58.310001,47.699764,1434700
2012-11-23,58.66,58.970001,58.5,58.970001,48.239658,882800
2012-11-26,58.470001,58.82,58.299999,58.669998,47.994228,2210400
2012-11-27,57.91,58.16,57.200001,57.610001,47.127125,3778500
2012-11-28,57.220001,58.139999,56.970001,58.080002,47.511593,2422800
2012-11-29,58.470001,58.549999,57.639999,58.259998,47.658852,2341200
2012-11-30,58.099998,58.349998,57.43,57.599998,47.118942,3338700
2012-12-03,57.84,58.110001,57.27,57.330002,46.898071,2889600
2012-12-04,57.369999,57.400002,56.630001,57.02,46.644485,2391400
2012-12-05,57.240002,57.790001,56.450001,57.049999,46.669025,3125600
2012-12-06,57.93,57.93,56.330002,57.27,46.849007,2946000
2012-12-07,57.639999,57.98,56.82,57.07,46.685379,3205800
2012-12-10,56.91,57.799999,56.779999,57.5,47.037151,2931400
2012-12-11,57.66,58.700001,57.610001,58.259998,47.658852,4002200
2012-12-12,58.389999,58.91,57.82,58.419998,47.789738,3744900
2012-12-13,58.400002,58.529999,57.73,58.0,47.446175,3087700
2012-12-14,57.82,57.93,56.669998,56.830002,46.489048,3363600
2012-12-17,57.09,58.27,57.049999,58.009998,47.454334,3700000
2012-12-18,58.240002,59.939999,58.240002,59.860001,48.967709,5200100
2012-12-19,59.849998,59.900002,58.709999,58.720001,48.035149,3513900
2012-12-20,58.68,59.169998,58.290001,59.150002,48.386898,6657400
2012-12-21,58.790001,59.380001,58.310001,58.889999,48.17421,4359300
2012-12-24,58.860001,58.860001,58.389999,58.549999,47.896076,578100
2012-12-26,58.610001,58.779999,57.639999,57.790001,47.274364,1674500
2012-12-27,57.889999,57.970001,56.450001,57.349998,46.914433,2365400
2012-12-28,56.93,57.400002,56.73,57.099998,46.709923,2073200
2012-12-31,56.77,57.950001,56.470001,57.93,47.388893,2733500
2013-01-02,59.529999,61.25,59.299999,61.23,50.088425,6661100
2013-01-03,60.889999,61.32,60.360001,60.549999,49.532146,5730000
2013-01-04,60.779999,61.959999,60.630001,61.959999,50.685596,4273700
2013-01-07,61.799999,62.919998,61.599998,62.880001,51.438179,6413400
2013-01-08,62.490002,62.610001,61.580002,62.16,50.849194,3826700
2013-01-09,62.369999,62.669998,62.18,62.310001,50.971897,2894900
2013-01-10,62.73,62.869999,62.130001,62.869999,51.429993,4569400
2013-01-11,62.490002,62.790001,61.84,61.990002,50.710133,3377400
2013-01-14,62.779999,62.900002,60.880001,61.279999,50.129318,4904700
2013-01-15,61.09,61.849998,61.09,61.700001,50.472889,2781200
2013-01-16,61.41,61.779999,61.060001,61.75,50.513805,4057700
2013-01-17,61.880001,62.139999,61.240002,61.59,50.382904,6044700
2013-01-18,56.59,57.5,56.209999,56.990002,46.61993,27136300
2013-01-22,56.860001,56.900002,56.080002,56.16,45.940979,8788900
2013-01-23,56.32,56.759998,56.080002,56.240002,46.006413,4814900
2013-01-24,56.240002,56.93,56.200001,56.860001,46.513596,5489000
2013-01-25,56.98,57.330002,56.02,56.32,46.071857,6656200
2013-01-28,56.580002,56.59,55.900002,56.0,45.810085,5616300
2013-01-29,55.669998,56.009998,55.130001,55.619999,45.499241,6769000
2013-01-30,55.459999,56.720001,55.450001,56.560001,46.268188,5605300
2013-01-31,56.41,56.75,56.18,56.32,46.071857,4628900
2013-02-01,56.779999,57.049999,56.32,56.5,46.219105,6329900
2013-02-04,56.110001,56.68,56.009998,56.389999,46.129124,4016800
2013-02-05,56.740002,57.369999,56.470001,57.130001,46.73447,4832800
2013-02-06,56.790001,57.91,56.709999,57.470001,47.012608,4668200
2013-02-07,57.75,57.84,56.790001,57.189999,46.82428,5030000
2013-02-08,57.380001,57.560001,56.889999,57.27,46.88979,3733100
2013-02-11,57.02,57.080002,56.330002,56.549999,46.300274,3865900
2013-02-12,56.419998,56.529999,55.330002,55.779999,45.669849,8458900
2013-02-13,55.799999,56.099998,55.049999,55.07,45.088547,7385400
2013-02-14,54.959999,55.619999,54.740002,55.59,45.514286,6629400
2013-02-15,56.09,56.09,53.68,54.029999,44.237034,9782600
2013-02-19,53.990002,54.0,52.950001,53.119999,43.491978,9927100
2013-02-20,52.25,52.990002,51.900002,52.27,42.796047,12105900
2013-02-21,52.139999,52.419998,51.830002,52.209999,42.746918,6306300
2013-02-22,52.610001,52.66,51.919998,52.279999,42.804218,5695700
2013-02-25,52.450001,52.57,50.799999,50.799999,41.59248,6376800
2013-02-26,51.279999,51.610001,50.689999,51.470001,42.141037,6155400
2013-02-27,51.34,51.73,50.919998,51.59,42.239292,6580800
2013-02-28,51.400002,51.630001,50.740002,51.029999,41.780781,6471200
2013-03-01,50.209999,51.950001,50.209999,51.869999,42.468533,11378200
2013-03-04,51.740002,53.23,51.73,53.119999,43.491978,9440900
2013-03-05,53.610001,54.849998,53.43,53.950001,44.171532,10804300
2013-03-06,54.290001,54.599998,53.950001,54.310001,44.466293,6279400
2013-03-07,54.360001,54.709999,54.029999,54.419998,44.556339,4861300
2013-03-08,54.799999,54.84,53.59,54.200001,44.376232,4184600
2013-03-11,54.259998,55.02,53.84,54.98,45.014847,3983100
2013-03-12,55.0,55.23,54.439999,54.599998,44.703712,5322000
2013-03-13,54.619999,55.119999,54.529999,54.630001,44.728275,3115700
2013-03-14,54.82,55.040001,54.220001,54.509998,44.630032,3733800
2013-03-15,54.66,55.259998,54.369999,55.189999,45.186787,8652100
2013-03-18,54.529999,54.98,54.25,54.66,44.752853,3219200
2013-03-19,54.939999,54.939999,53.169998,53.639999,43.917717,6083000
2013-03-20,53.970001,54.099998,53.540001,53.91,44.138786,4943900
2013-03-21,53.48,54.07,53.48,53.709999,43.975037,3292700
2013-03-22,53.689999,54.16,53.580002,54.099998,44.29435,2431800
2013-03-25,54.400002,54.709999,53.900002,54.59,44.695534,4540100
2013-03-26,54.900002,55.52,54.849998,55.060001,45.080345,4867400
2013-03-27,54.650002,55.209999,54.57,54.82,44.883839,2530900
2013-03-28,54.75,55.0,54.650002,54.950001,44.990299,2644600
2013-04-01,55.060001,55.060001,53.439999,53.68,43.950474,3320900
2013-04-02,53.849998,54.68,53.849998,54.630001,44.728275,4061500
2013-04-03,54.630001,54.709999,53.939999,54.16,44.343464,4133600
2013-04-04,54.150002,55.130001,54.080002,55.07,45.088547,4848600
2013-04-05,54.360001,54.84,53.82,54.709999,44.793781,3679700
2013-04-08,54.529999,55.470001,54.32,55.41,45.366917,2752500
2013-04-09,55.5,56.16,55.400002,55.810001,45.694424,4490700
2013-04-10,55.959999,56.5,55.740002,55.759998,45.653473,3652000
2013-04-11,55.77,55.82,54.790001,54.82,44.883839,4461400
2013-04-12,54.59,54.799999,53.91,54.66,44.752853,4026000
2013-04-15,54.360001,54.389999,53.060001,53.099998,43.475597,5634700
2013-04-16,53.549999,53.709999,52.75,53.330002,43.663914,4768800
2013-04-17,52.830002,53.119999,52.450001,52.759998,43.197227,5379800
2013-04-18,52.849998,53.27,52.34,52.790001,43.221786,5486700
2013-04-19,54.970001,56.490002,54.400002,56.169998,45.989159,13367200
2013-04-22,56.290001,56.34,55.130001,55.360001,45.325977,4598000
2013-04-23,56.029999,56.580002,55.490002,56.34,46.128345,5034500
2013-04-24,56.25,57.110001,56.189999,57.060001,46.717854,5587100
2013-04-25,57.049999,57.549999,56.779999,57.029999,46.693279,4302900
2013-04-26,57.169998,57.389999,56.669998,57.150002,46.791542,3426000
2013-04-29,57.299999,57.57,57.200001,57.509998,47.086285,4659300
2013-04-30,57.490002,57.93,57.330002,57.779999,47.307358,3219100
2013-05-01,57.779999,57.849998,57.16,57.349998,46.955276,2752100
2013-05-02,57.330002,58.32,57.049999,58.18,47.634846,3555700
2013-05-03,58.700001,59.639999,58.400002,58.52,47.913227,4101300
2013-05-06,58.470001,59.27,58.259998,59.049999,48.347157,3410600
2013-05-07,59.099998,59.400002,58.889999,59.080002,48.371723,3236200
2013-05-08,58.84,59.849998,58.470001,59.84,48.993973,3885300
2013-05-09,59.689999,59.689999,58.84,59.150002,48.673054,2567000
2013-05-10,59.290001,59.509998,58.84,59.509998,48.969273,2723300
2013-05-13,59.380001,59.52,58.5,58.810001,48.393276,2380700
2013-05-14,58.959999,59.799999,58.889999,59.599998,49.043335,3259900
2013-05-15,59.59,60.279999,59.330002,60.110001,49.463024,3206900
2013-05-16,59.919998,60.0,58.970001,59.150002,48.673054,3575800
2013-05-17,59.509998,60.950001,59.380001,60.830002,50.055481,4108000
2013-05-20,60.720001,62.060001,60.720001,61.810001,50.861893,3618500
2013-05-21,61.860001,62.41,61.59,62.110001,51.108757,3339300
2013-05-22,62.130001,63.630001,61.23,61.540001,50.639717,5850000
2013-05-23,60.98,61.66,60.5,61.240002,50.392853,3538700
2013-05-24,60.810001,61.220001,60.5,61.130001,50.302357,3903000
2013-05-28,62.0,62.540001,61.740002,61.810001,50.861893,5252100
2013-05-29,61.32,62.02,61.07,61.599998,50.689095,3918300
2013-05-30,61.73,62.98,61.540001,62.43,51.372063,5352900
2013-05-31,62.07,62.119999,60.93,60.93,50.137772,5334500
2013-06-03,61.18,62.0,60.810001,61.91,50.944191,3295800
2013-06-04,61.880001,62.259998,61.110001,61.259998,50.409309,2851700
2013-06-05,61.07,61.360001,59.889999,60.189999,49.528839,3487200
2013-06-06,60.130001,60.790001,59.669998,60.77,50.006111,2939900
2013-06-07,61.310001,62.389999,61.25,62.330002,51.289799,3684100
2013-06-10,62.34,62.939999,62.18,62.540001,51.462601,2270900
2013-06-11,61.900002,62.169998,61.27,61.459999,50.573898,2624200
2013-06-12,61.860001,62.110001,61.119999,61.380001,50.508057,2058200
2013-06-13,61.43,62.490002,61.16,62.349998,51.306252,2414700
2013-06-14,62.200001,62.220001,60.580002,61.009998,50.203594,3501800
2013-06-17,61.419998,62.040001,60.869999,62.0,51.018246,3936700
2013-06-18,61.93,62.279999,61.790001,62.099998,51.100513,3661900
2013-06-19,62.25,62.389999,61.619999,61.810001,50.861893,3641500
2013-06-20,61.720001,62.5,61.389999,61.619999,50.705551,5222200
2013-06-21,62.09,62.16,60.709999,61.360001,50.491596,4593700
2013-06-24,60.93,61.0,59.810001,59.970001,49.347809,3147200
2013-06-25,60.509998,61.419998,60.419998,61.110001,50.285896,2926000
2013-06-26,61.599998,61.880001,61.150002,61.57,50.664406,2749400
2013-06-27,62.0,63.0,61.84,62.689999,51.586025,2650400
2013-06-28,62.41,63.119999,61.77,62.810001,51.684776,3694400
2013-07-01,63.169998,63.990002,63.09,63.59,52.326614,2924300
2013-07-02,63.639999,64.720001,63.59,64.239998,52.861488,4959500
2013-07-03,63.82,64.139999,63.330002,63.919998,52.598156,1510700
2013-07-05,64.529999,65.660004,64.290001,65.660004,54.029972,2449100
2013-07-08,66.07,66.330002,65.279999,65.540001,53.931221,3291200
2013-07-09,65.93,66.139999,65.379997,65.529999,53.922985,2890200
2013-07-10,65.529999,65.529999,64.599998,64.910004,53.4128,3139700
2013-07-11,65.709999,65.93,65.099998,65.809998,54.153397,2801100
2013-07-12,65.989998,66.959999,65.82,66.809998,54.976269,2192500
2013-07-15,67.629997,67.699997,66.169998,66.849998,55.009186,2027500
2013-07-16,66.760002,67.080002,65.940002,66.68,54.869316,1973900
2013-07-17,66.769997,67.059998,65.970001,66.900002,55.050343,3077500
2013-07-18,66.900002,67.519997,66.419998,67.050003,55.173763,3839800
2013-07-19,69.059998,70.0,68.220001,69.139999,56.893585,5275800
2013-07-22,69.269997,69.400002,68.800003,69.190002,56.934723,3198300
2013-07-23,69.239998,69.379997,68.739998,69.010002,56.786602,2417700
2013-07-24,69.139999,69.489998,68.669998,68.720001,56.547974,2191000
2013-07-25,68.059998,68.760002,67.25,68.720001,56.547974,3715200
2013-07-26,68.5,68.779999,67.860001,68.760002,56.580872,2549300
2013-07-29,68.419998,68.540001,68.18,68.449997,56.325794,1942100
2013-07-30,68.970001,69.220001,68.260002,69.169998,56.918274,3325100
2013-07-31,69.129997,69.519997,68.5,69.019997,56.794807,5287900
2013-08-01,69.480003,69.790001,68.879997,69.699997,57.604744,3170400
2013-08-02,69.459999,69.720001,69.349998,69.589996,57.513836,2535200
2013-08-05,69.370003,69.639999,69.129997,69.5,57.439449,1998300
2013-08-06,69.440002,69.529999,68.839996,69.290001,57.265915,2698100
2013-08-07,69.029999,69.029999,67.870003,67.93,56.141926,3996100
2013-08-08,68.480003,68.809998,68.169998,68.419998,56.546879,2734200
2013-08-09,68.410004,68.830002,68.169998,68.230003,56.38987,2402000
2013-08-12,68.0,68.5,67.739998,68.419998,56.546879,1890200
2013-08-13,68.379997,68.879997,67.910004,68.559998,56.662567,1386300
2013-08-14,68.449997,68.760002,68.339996,68.360001,56.497303,1487900
2013-08-15,68.080002,68.25,66.82,67.010002,55.381569,2639900
2013-08-16,66.889999,67.690002,66.839996,67.160004,55.505543,2403800
2013-08-19,66.870003,67.220001,65.889999,65.910004,54.47245,2155300
2013-08-20,65.959999,67.040001,65.669998,66.589996,55.034443,1981500
2013-08-21,66.379997,66.82,65.849998,66.160004,54.679073,1853200
2013-08-22,66.580002,67.029999,66.190002,66.68,55.108845,1462700
2013-08-23,67.059998,67.059998,66.099998,66.669998,55.100567,1145800
2013-08-26,66.580002,66.809998,66.0,66.0,54.546829,1352500
2013-08-27,65.389999,65.629997,64.150002,64.309998,53.150105,2850300
2013-08-28,64.349998,64.57,63.650002,64.040001,52.926964,3039300
2013-08-29,63.91,64.839996,63.689999,64.379997,53.207958,1685500
2013-08-30,64.459999,64.699997,64.239998,64.550003,53.348469,2026100
2013-09-03,65.309998,65.599998,63.990002,64.400002,53.224487,1834000
2013-09-04,64.339996,65.199997,64.209999,65.029999,53.745148,1782400
2013-09-05,65.0,65.980003,64.919998,65.580002,54.199718,1815000
2013-09-06,65.639999,65.730003,64.339996,65.379997,54.034424,1699700
2013-09-09,65.489998,66.480003,65.339996,66.459999,54.92701,1883500
2013-09-10,67.0,68.019997,66.809998,67.849998,56.075794,2572900
2013-09-11,67.889999,68.099998,67.330002,67.620003,55.885708,2218400
2013-09-12,67.57,68.190002,67.550003,67.949997,56.158443,2912000
2013-09-13,67.959999,68.18,67.32,67.489998,55.778282,1950400
2013-09-16,68.190002,68.699997,67.470001,67.650002,55.910507,3057500
2013-09-17,67.910004,69.239998,67.839996,69.120003,57.125404,3308800
2013-09-18,68.959999,69.650002,68.690002,69.279999,57.257648,2644900
2013-09-19,69.550003,69.760002,68.849998,69.040001,57.059296,1911700
2013-09-20,69.089996,69.559998,68.949997,69.099998,57.108879,3306600
2013-09-23,68.75,68.839996,67.970001,68.449997,56.571686,2590800
2013-09-24,68.339996,69.379997,67.849998,68.489998,56.604736,3254500
2013-09-25,68.720001,69.699997,68.370003,69.190002,57.183277,3168000
2013-09-26,69.07,69.839996,68.879997,69.120003,57.125404,1821800
2013-09-27,68.739998,69.110001,68.599998,68.919998,56.960117,2162800
2013-09-30,68.480003,69.050003,68.07,68.739998,56.811344,2940500
2013-10-01,69.040001,70.0,68.949997,69.790001,57.67915,2768700
2013-10-02,69.440002,69.550003,68.879997,69.550003,57.480804,2480500
2013-10-03,69.160004,69.699997,68.379997,68.779999,56.844421,2289200
2013-10-04,68.879997,70.489998,68.730003,70.32,58.117176,3046400
2013-10-07,69.629997,69.650002,68.82,68.879997,56.927052,2587000
2013-10-08,68.879997,69.139999,67.599998,67.830002,56.059269,3565700
2013-10-09,67.900002,68.379997,67.360001,68.099998,56.282421,2626300
2013-10-10,69.099998,70.910004,69.080002,70.760002,58.480812,3158600
2013-10-11,70.75,71.940002,70.620003,71.910004,59.431263,2294900
2013-10-14,71.620003,72.349998,71.080002,72.099998,59.588276,3674400
2013-10-15,71.93,72.169998,71.290001,71.589996,59.166771,4403000
2013-10-16,71.889999,72.650002,71.830002,72.25,59.712246,3925300
2013-10-17,72.099998,72.540001,71.629997,72.150002,59.629597,4603700
2013-10-18,72.800003,72.989998,70.949997,71.599998,59.175037,6241700
2013-10-21,71.800003,71.949997,71.160004,71.269997,58.902328,3603300
2013-10-22,71.449997,71.620003,70.519997,71.0,58.679184,4767400
2013-10-23,70.860001,70.860001,70.150002,70.540001,58.299,3294000
2013-10-24,70.82,70.849998,70.120003,70.650002,58.389896,3095400
2013-10-25,70.589996,70.82,70.07,70.379997,58.166752,3311200
2013-10-28,70.370003,71.129997,70.019997,70.769997,58.489079,2322300
2013-10-29,70.870003,71.379997,70.839996,70.93,58.621315,2659100
2013-10-30,70.82,71.0,69.68,69.800003,57.687408,3201700
2013-10-31,69.580002,69.669998,68.669998,68.669998,56.75349,4563300
2013-11-01,68.790001,69.449997,68.629997,69.389999,57.348549,2470600
2013-11-04,69.519997,69.690002,69.160004,69.610001,57.530361,2578600
2013-11-05,69.5,70.150002,69.120003,69.959999,57.819633,2748500
2013-11-06,70.480003,70.480003,68.919998,69.290001,57.512527,3264700
2013-11-07,69.589996,69.900002,68.82,68.849998,57.147305,2946500
2013-11-08,68.900002,70.0,68.849998,69.589996,57.76152,3932300
2013-11-11,69.629997,69.949997,69.459999,69.68,57.836235,2086100
2013-11-12,69.660004,69.879997,69.32,69.510002,57.695137,2515300
2013-11-13,69.279999,70.07,68.800003,70.059998,58.151653,3378900
2013-11-14,70.129997,70.879997,70.110001,70.690002,58.674576,2641000
2013-11-15,70.400002,70.93,70.239998,70.370003,58.408947,2738800
2013-11-18,70.440002,70.580002,69.32,69.419998,57.62043,3286800
2013-11-19,69.419998,69.589996,69.019997,69.25,57.479332,2335700
2013-11-20,69.889999,69.910004,68.739998,68.800003,57.105816,2884700
2013-11-21,69.25,69.849998,69.059998,69.629997,57.794731,2755000
2013-11-22,69.959999,69.959999,69.040001,69.610001,57.778141,3018400
2013-11-25,69.730003,70.779999,69.599998,70.410004,58.442162,2474500
2013-11-26,70.540001,71.120003,70.389999,70.809998,58.774162,2322700
2013-11-27,71.089996,71.599998,70.839996,71.510002,59.355198,1967300
2013-11-29,71.690002,72.18,71.32,71.629997,59.454803,1699700
2013-12-02,72.650002,73.0,71.860001,72.099998,59.84491,3869000
2013-12-03,71.919998,72.150002,71.349998,71.629997,59.454803,4238700
2013-12-04,71.279999,72.639999,71.150002,72.349998,60.052402,3459500
2013-12-05,72.25,72.419998,71.599998,71.940002,59.712105,3508500
2013-12-06,72.769997,73.190002,72.330002,72.599998,60.259907,4134500
2013-12-09,73.019997,73.330002,72.800003,73.0,60.591911,2612400
2013-12-10,72.709999,73.220001,72.360001,72.82,60.442524,1858000
2013-12-11,73.0,73.220001,71.690002,71.860001,59.645702,3254600
2013-12-12,71.690002,71.889999,71.019997,71.480003,59.330284,2558500
2013-12-13,71.690002,71.809998,71.089996,71.470001,59.322014,1837800
2013-12-16,71.760002,72.510002,71.550003,72.18,59.911293,2232700
2013-12-17,72.720001,72.949997,71.470001,71.790001,59.587608,2010800
2013-12-18,71.879997,73.510002,71.220001,73.449997,60.965424,3311900
2013-12-19,73.360001,73.779999,72.769997,73.639999,61.123161,2984300
2013-12-20,73.940002,74.809998,73.610001,74.730003,62.027878,4705200
2013-12-23,74.949997,75.330002,74.5,75.010002,62.2603,1908700
2013-12-24,75.07,75.470001,74.970001,75.379997,62.567383,666700
2013-12-26,75.620003,76.0,75.400002,75.879997,62.982395,1615100
2013-12-27,75.870003,75.959999,75.510002,75.779999,62.89941,693500
2013-12-30,75.970001,76.160004,75.540001,75.82,62.93261,1429300
2013-12-31,76.0,76.709999,75.849998,76.610001,63.588322,1935400
2014-01-02,76.610001,77.730003,76.599998,77.25,64.119545,3070300
2014-01-03,77.239998,77.599998,76.910004,77.339996,64.194244,1940000
2014-01-06,77.550003,78.07,76.57,76.589996,63.571735,3489200
2014-01-07,78.309998,78.489998,77.129997,77.279999,64.144447,5041100
2014-01-08,77.220001,77.919998,77.18,77.849998,64.617554,3035100
2014-01-09,78.059998,78.339996,77.739998,77.849998,64.617554,3648000
2014-01-10,77.980003,78.239998,77.400002,78.019997,64.758675,2324500
2014-01-13,77.620003,77.910004,76.139999,76.370003,63.38913,2639600
2014-01-14,77.279999,77.720001,76.82,77.360001,64.210838,2530900
2014-01-15,77.25,77.519997,76.809998,77.029999,63.936932,3054300
2014-01-16,77.099998,77.230003,76.309998,76.440002,63.447212,3130300
2014-01-17,73.879997,73.910004,72.290001,72.389999,60.085613,10411300
2014-01-21,72.800003,73.139999,72.410004,72.610001,60.26823,6158300
2014-01-22,72.690002,72.970001,72.459999,72.650002,60.301434,4125300
2014-01-23,72.360001,72.360001,71.059998,71.540001,59.380089,4323900
2014-01-24,71.239998,71.779999,70.57,70.57,58.574966,3768800
2014-01-27,70.550003,70.75,69.720001,69.949997,58.06036,3277800
2014-01-28,69.970001,71.110001,69.93,70.870003,58.823982,2293300
2014-01-29,70.080002,70.919998,69.779999,69.870003,57.99395,2906200
2014-01-30,70.610001,71.309998,70.290001,70.959999,58.898685,2205800
2014-01-31,69.940002,70.989998,69.720001,70.610001,58.608173,3228800
2014-02-03,70.519997,70.610001,68.589996,68.870003,57.163914,3856900
2014-02-04,69.120003,69.660004,68.360001,68.720001,57.039425,3110800
2014-02-05,68.610001,68.839996,67.860001,68.660004,56.989624,2667900
2014-02-06,68.660004,69.980003,68.559998,69.919998,58.290138,2295900
2014-02-07,70.120003,71.419998,70.120003,71.400002,59.523972,3471600
2014-02-10,71.400002,71.970001,70.910004,71.370003,59.498974,2091900
2014-02-11,71.32,71.879997,71.040001,71.260002,59.407269,3026200
2014-02-12,71.400002,72.099998,71.279999,71.660004,59.740726,2378700
2014-02-13,70.809998,72.419998,70.809998,72.370003,60.332653,2839800
2014-02-14,72.199997,72.540001,72.080002,72.400002,60.357651,1587100
2014-02-18,72.68,73.099998,72.230003,72.419998,60.374317,1850100
2014-02-19,72.139999,72.589996,70.900002,70.949997,59.148804,2275300
2014-02-20,70.889999,70.989998,70.209999,70.839996,59.057102,2789400
2014-02-21,70.839996,71.540001,70.580002,70.970001,59.165497,2969900
2014-02-24,70.970001,72.099998,70.970001,71.730003,59.79908,2823400
2014-02-25,71.809998,71.860001,70.720001,71.040001,59.22385,3350700
2014-02-26,71.18,71.620003,70.790001,71.330002,59.465607,2298700
2014-02-27,71.360001,72.730003,71.220001,72.620003,60.541031,2609400
2014-02-28,72.830002,74.07,72.82,73.43,61.21632,2753900
2014-03-03,72.690002,72.809998,71.970001,72.239998,60.224262,2040100
2014-03-04,73.080002,73.790001,72.639999,73.669998,61.416401,2573000
2014-03-05,73.650002,74.599998,73.309998,74.360001,61.991646,2438900
2014-03-06,74.510002,75.230003,74.260002,75.029999,62.550182,2879600
2014-03-07,75.330002,75.860001,74.730003,75.010002,62.533527,2487000
2014-03-10,74.760002,75.290001,74.480003,75.150002,62.650234,1939100
2014-03-11,75.519997,75.519997,74.160004,74.360001,61.991646,2075200
2014-03-12,73.870003,74.360001,73.739998,74.190002,61.849888,1936400
2014-03-13,74.639999,74.769997,72.540001,72.730003,60.632736,2876700
2014-03-14,72.529999,73.309998,72.059998,72.190002,60.182571,2321200
2014-03-17,73.910004,73.949997,72.839996,73.830002,61.549786,1911100
2014-03-18,73.970001,74.029999,73.339996,73.550003,61.316376,1796900
2014-03-19,73.639999,74.25,72.830002,73.110001,60.949547,2864800
2014-03-20,72.879997,74.349998,72.830002,74.279999,61.924931,2724800
2014-03-21,75.139999,76.93,74.690002,75.400002,62.858646,6870100
2014-03-24,75.510002,75.860001,74.879997,75.199997,62.691895,2245600
2014-03-25,75.510002,75.970001,75.099998,75.32,62.79195,2884100
2014-03-26,75.639999,76.089996,74.919998,74.959999,62.491825,2836400
2014-03-27,75.580002,76.400002,75.07,75.879997,63.258785,3924500
2014-03-28,76.019997,76.610001,75.660004,76.089996,63.433895,2024000
2014-03-31,76.699997,77.550003,76.589996,77.160004,64.325905,2549700
2014-04-01,77.330002,77.449997,76.559998,76.779999,64.009109,2171700
2014-04-02,76.860001,77.370003,76.550003,77.150002,64.317574,2521100
2014-04-03,77.279999,77.68,77.0,77.470001,64.584335,2392200
2014-04-04,77.760002,77.910004,76.540001,76.699997,63.942402,3008700
2014-04-07,76.519997,76.540001,75.040001,75.550003,62.983704,3864000
2014-04-08,75.489998,76.099998,74.989998,75.68,63.09206,3051300
2014-04-09,75.839996,76.440002,75.220001,76.339996,63.642288,3582300
2014-04-10,76.400002,76.510002,74.07,74.07,61.749847,4814300
2014-04-11,73.400002,74.830002,73.059998,74.040001,61.724865,2741300
2014-04-14,74.870003,74.940002,73.209999,74.059998,61.741512,2979800
2014-04-15,74.389999,75.330002,73.559998,74.519997,62.124989,3107700
2014-04-16,75.269997,75.550003,74.629997,75.160004,62.658604,3643600
2014-04-17,75.589996,75.889999,74.720001,74.889999,62.433472,4794000
2014-04-21,75.459999,75.940002,74.93,75.050003,62.566864,4336400
2014-04-22,75.07,75.739998,74.839996,75.110001,62.61689,4021800
2014-04-23,75.059998,75.419998,74.779999,74.919998,62.458458,3376400
2014-04-24,75.309998,75.410004,74.550003,74.739998,62.308426,2729400
2014-04-25,74.540001,74.739998,73.199997,73.339996,61.14127,3946900
2014-04-28,73.809998,74.080002,72.629997,72.949997,60.816151,6126400
2014-04-29,73.440002,73.660004,73.209999,73.510002,61.283016,4016100
2014-04-30,73.519997,74.019997,73.230003,73.900002,61.608143,4251700
2014-05-01,73.900002,74.540001,73.389999,74.529999,62.133354,4774400
2014-05-02,74.760002,75.980003,74.449997,75.82,63.208801,5635000
2014-05-05,75.800003,75.860001,75.199997,75.809998,63.200462,3188900
2014-05-06,75.330002,75.82,74.760002,74.980003,62.508511,3497800
2014-05-07,75.169998,76.489998,75.169998,76.419998,63.708988,2835900
2014-05-08,76.010002,76.900002,75.870003,76.169998,63.750816,3275200
2014-05-09,76.209999,76.650002,76.019997,76.43,63.968464,2750600
2014-05-12,76.879997,77.779999,76.879997,77.730003,65.056496,2566500
2014-05-13,77.760002,77.970001,77.18,77.510002,64.872353,2476800
2014-05-14,77.279999,77.540001,76.059998,76.169998,63.750816,2620700
2014-05-15,75.989998,76.43,75.349998,76.419998,63.960072,3354500
2014-05-16,76.209999,76.279999,75.169998,75.769997,63.416058,3325100
2014-05-19,75.699997,76.160004,75.599998,76.099998,63.692265,2264100
2014-05-20,76.089996,76.25,75.330002,75.480003,63.17334,1928600
2014-05-21,75.800003,76.790001,75.699997,76.669998,64.169296,1830300
2014-05-22,76.5,77.080002,76.5,76.650002,64.152596,1936300
2014-05-23,76.43,77.279999,76.43,77.190002,64.604538,1702000
2014-05-27,77.190002,78.199997,77.160004,77.75,65.073242,2028500
2014-05-28,77.980003,78.879997,77.93,78.550003,65.742775,2939400
2014-05-29,78.589996,78.900002,78.169998,78.720001,65.885063,2464100
2014-05-30,78.650002,79.239998,78.610001,78.889999,66.027359,2424900
2014-06-02,78.919998,79.029999,78.199997,78.629997,65.809738,2454500
2014-06-03,78.470001,79.07,78.110001,78.779999,65.935287,2410700
2014-06-04,78.690002,79.279999,78.599998,79.18,66.270081,2094400
2014-06-05,78.900002,79.970001,78.809998,79.82,66.805733,2088300
2014-06-06,79.910004,80.970001,79.779999,80.800003,67.625938,2650900
2014-06-09,81.0,82.32,80.959999,81.989998,68.621902,3341000
2014-06-10,81.809998,81.959999,81.480003,81.709999,68.387573,2537600
2014-06-11,81.57,81.57,80.300003,80.830002,67.651047,3373700
2014-06-12,80.610001,81.260002,80.610001,80.93,67.734734,2920700
2014-06-13,80.910004,81.040001,80.129997,80.470001,67.349747,3259900
2014-06-16,80.379997,81.400002,80.150002,81.040001,67.82682,3273000
2014-06-17,80.82,81.550003,80.769997,80.900002,67.709641,5594400
2014-06-18,80.82,81.739998,80.199997,81.650002,68.337357,5820200
2014-06-19,81.970001,82.220001,81.339996,82.0,68.630302,3867100
2014-06-20,82.400002,83.889999,82.379997,83.43,69.82711,6220000
2014-06-23,83.18,83.57,82.75,83.489998,69.87735,3117500
2014-06-24,83.349998,83.720001,82.419998,82.449997,69.006912,3538400
2014-06-25,82.139999,82.589996,81.940002,82.330002,68.906471,2554600
2014-06-26,82.25,82.519997,81.540001,82.489998,69.040375,1977300
2014-06-27,81.059998,83.190002,81.059998,83.010002,69.475601,2723100
2014-06-30,83.0,83.080002,82.480003,82.599998,69.132446,2349100
2014-07-01,83.120003,83.529999,82.879997,83.019997,69.483978,3252600
2014-07-02,83.290001,83.68,83.150002,83.599998,69.969406,2830400
2014-07-03,84.199997,84.980003,83.910004,84.949997,71.099281,2811500
2014-07-07,84.309998,84.599998,83.290001,83.57,69.944305,2501800
2014-07-08,83.290001,83.610001,82.889999,83.230003,69.659729,2640700
2014-07-09,84.150002,84.949997,83.68,84.389999,70.630615,2773000
2014-07-10,83.040001,84.080002,82.989998,83.690002,70.044731,2401700
2014-07-11,83.769997,84.080002,83.32,83.959999,70.270706,1934500
2014-07-14,84.639999,84.900002,83.889999,84.010002,70.312546,2608500
2014-07-15,84.389999,85.389999,84.339996,84.900002,71.057465,3029200
2014-07-16,85.050003,85.160004,84.059998,84.379997,70.622223,3356700
2014-07-17,84.07,84.279999,82.410004,82.489998,69.040375,4083900
2014-07-18,83.68,83.900002,82.059998,82.290001,68.873024,6368300
2014-07-21,82.32,82.419998,81.779999,81.919998,68.563324,3595400
2014-07-22,81.910004,82.389999,81.889999,82.120003,68.730728,3966300
2014-07-23,82.330002,82.389999,81.949997,81.989998,68.621902,2851400
2014-07-24,82.540001,82.610001,82.169998,82.400002,68.965042,3620000
2014-07-25,82.110001,82.519997,81.57,81.650002,68.337357,2929600
2014-07-28,83.110001,83.519997,81.160004,81.529999,68.236893,2386600
2014-07-29,81.529999,81.910004,81.18,81.190002,67.952347,2139100
2014-07-30,81.480003,81.800003,81.019997,81.559998,68.262024,2806300
2014-07-31,81.110001,81.18,79.540001,79.540001,66.571373,3243200
2014-08-01,79.040001,80.019997,78.870003,79.489998,66.529541,4016700
2014-08-04,79.800003,80.220001,79.400002,80.220001,67.14048,5056900
2014-08-05,79.709999,79.919998,78.650002,78.790001,65.94368,3695200
2014-08-06,78.379997,79.080002,78.25,78.760002,65.918556,2820900
2014-08-07,78.849998,78.919998,77.879997,78.040001,65.565681,2346400
2014-08-08,78.120003,78.900002,77.699997,78.879997,66.271416,2279600
2014-08-11,79.029999,79.339996,78.589996,78.709999,66.128578,1745100
2014-08-12,78.389999,79.419998,78.389999,79.339996,66.65789,2927200
2014-08-13,79.639999,79.959999,79.389999,79.879997,67.111565,2594000
2014-08-14,79.910004,80.150002,79.629997,79.790001,67.03595,1611100
2014-08-15,80.169998,80.239998,78.739998,79.300003,66.624283,2364900
2014-08-18,79.870003,80.419998,79.769997,80.419998,67.565254,3003500
2014-08-19,80.629997,80.68,80.419998,80.480003,67.615662,1687500
2014-08-20,80.449997,81.019997,80.260002,80.919998,67.985313,2159600
2014-08-21,81.209999,81.82,80.970001,81.690002,68.632225,2863900
2014-08-22,81.650002,82.0,81.199997,81.300003,68.304588,1458800
2014-08-25,81.870003,82.660004,81.82,82.059998,68.943092,2188200
2014-08-26,82.129997,82.25,81.739998,81.800003,68.724663,1458000
2014-08-27,81.989998,82.019997,81.690002,81.959999,68.859085,1556800
2014-08-28,81.5,81.790001,81.209999,81.589996,68.548256,1200600
2014-08-29,82.050003,82.419998,81.790001,82.059998,68.943092,1897900
2014-09-02,82.339996,82.690002,81.870003,82.580002,69.379997,2808900
2014-09-03,82.809998,82.93,82.440002,82.529999,69.33799,2207400
2014-09-04,82.68,83.099998,82.18,82.5,69.312775,1892600
2014-09-05,82.5,82.849998,82.139999,82.690002,69.472404,1620600
2014-09-08,82.419998,82.779999,81.849998,82.080002,68.959923,1906600
2014-09-09,81.989998,82.059998,81.480003,81.519997,68.489418,1945700
2014-09-10,81.610001,82.230003,81.199997,81.230003,68.245789,3078700
2014-09-11,81.040001,81.339996,80.93,81.230003,68.245789,2129800
2014-09-12,81.120003,81.220001,80.660004,80.940002,68.002113,2949600
2014-09-15,81.120003,81.779999,80.919998,81.5,68.472626,3621100
2014-09-16,81.550003,82.489998,81.25,82.18,69.04393,2891500
2014-09-17,82.480003,83.269997,82.129997,82.879997,69.632027,4075000
2014-09-18,83.160004,83.989998,82.970001,83.669998,70.295753,4199200
2014-09-19,84.419998,84.660004,83.889999,84.07,70.631821,4328500
2014-09-22,83.93,84.349998,83.25,83.290001,69.976501,2112500
2014-09-23,82.809998,83.199997,82.040001,82.050003,68.934715,2805900
2014-09-24,82.209999,82.519997,81.660004,82.419998,69.245583,2158900
2014-09-25,82.269997,82.510002,81.010002,81.010002,68.060951,3232300
2014-09-26,81.050003,81.809998,80.879997,81.610001,68.565041,2292000
2014-09-29,80.790001,82.029999,80.75,81.830002,68.74987,3133600
2014-09-30,81.940002,82.400002,81.559998,81.620003,68.573448,3460900
2014-10-01,81.75,81.910004,80.57,80.610001,67.724869,3336100
2014-10-02,80.68,81.5,80.139999,81.129997,68.161758,2721800
2014-10-03,82.080002,82.660004,82.029999,82.279999,69.127953,3397200
2014-10-06,82.809998,82.989998,81.82,82.220001,69.077545,1952600
2014-10-07,81.540001,81.809998,80.82,80.82,67.901299,3123900
2014-10-08,81.110001,82.940002,80.709999,82.760002,69.531227,3370700
2014-10-09,82.610001,83.099998,81.330002,81.440002,68.422226,2954700
2014-10-10,81.440002,82.139999,80.339996,80.360001,67.51487,2738900
2014-10-13,80.230003,80.809998,79.410004,79.480003,66.775513,2987200
2014-10-14,79.610001,80.480003,79.540001,80.029999,67.237579,2889600
2014-10-15,79.050003,80.190002,77.830002,79.209999,66.54866,7118000
2014-10-16,77.849998,79.459999,77.260002,78.529999,65.977356,5980200
2014-10-17,75.989998,76.769997,75.080002,76.43,64.213043,9753000
2014-10-20,76.230003,76.730003,76.0,76.5,64.271843,4578800
2014-10-21,77.290001,78.739998,76.690002,78.699997,66.120171,4667400
2014-10-22,78.510002,78.769997,77.800003,77.849998,65.406067,3531500
2014-10-23,78.68,78.919998,78.209999,78.389999,65.859756,2306300
2014-10-24,78.650002,79.349998,78.440002,79.269997,66.599068,2289700
2014-10-27,79.25,79.68,78.860001,79.040001,66.40583,2675700
2014-10-28,79.610001,80.800003,79.550003,80.690002,67.792107,2251700
2014-10-29,80.830002,81.800003,80.580002,81.290001,68.296188,2509500
2014-10-30,81.400002,82.360001,81.209999,81.730003,68.665855,2227400
2014-10-31,82.870003,83.07,82.43,82.769997,69.539597,2666600
2014-11-03,83.0,83.32,82.510002,82.669998,69.455605,2061000
2014-11-04,82.769997,82.839996,81.839996,82.470001,69.287575,2199400
2014-11-05,82.690002,82.790001,81.32,81.599998,68.556648,3954700
2014-11-06,81.599998,82.309998,81.239998,82.080002,69.214386,2413200
2014-11-07,82.220001,83.139999,82.0,82.599998,69.652863,2065100
2014-11-10,82.599998,83.300003,82.540001,83.239998,70.192558,2207100
2014-11-11,82.230003,83.209999,81.830002,82.18,69.298706,3543900
2014-11-12,81.949997,82.010002,81.260002,81.57,68.784294,2408300
2014-11-13,82.010002,82.330002,81.199997,81.599998,68.809624,2632200
2014-11-14,81.410004,81.959999,81.410004,81.760002,68.944527,2458300
2014-11-17,81.730003,81.730003,80.370003,81.139999,68.421722,2931000
2014-11-18,81.5,82.029999,81.25,81.290001,68.54821,2596100
2014-11-19,81.400002,81.459999,80.480003,80.639999,68.000069,2173200
2014-11-20,80.449997,81.529999,80.220001,81.089996,68.379547,2968100
2014-11-21,81.75,81.910004,80.93,81.209999,68.480751,2461900
2014-11-24,81.580002,82.230003,81.510002,82.099998,69.231232,1767900
2014-11-25,82.099998,82.860001,81.989998,82.660004,69.703468,2393700
2014-11-26,82.910004,83.0,82.410004,82.75,69.779358,1470000
2014-11-28,82.620003,83.690002,82.589996,83.199997,70.158798,1161900
2014-12-01,82.540001,82.800003,82.169998,82.309998,69.408302,2161000
2014-12-02,82.139999,82.800003,81.970001,82.339996,69.433617,1964400
2014-12-03,82.050003,82.57,81.830002,82.18,69.298706,2333500
2014-12-04,81.0,82.190002,81.0,82.089996,69.222816,2924000
2014-12-05,82.699997,83.260002,82.43,82.940002,69.939575,2853200
2014-12-08,83.169998,83.260002,82.480003,83.199997,70.158798,3581200
2014-12-09,82.089996,83.519997,82.089996,83.269997,70.217834,3188700
2014-12-10,83.279999,83.599998,82.300003,82.389999,69.475784,4792900
2014-12-11,82.580002,83.110001,82.190002,82.379997,69.467361,2138300
2014-12-12,81.800003,82.230003,80.150002,80.169998,67.60376,3028100
2014-12-15,80.510002,80.510002,78.580002,79.610001,67.131523,4607400
2014-12-16,78.870003,79.940002,77.720001,78.230003,65.967827,3887600
2014-12-17,78.419998,79.620003,78.150002,79.610001,67.131523,5072400
2014-12-18,80.339996,82.169998,80.330002,82.160004,69.281845,4340300
2014-12-19,82.459999,82.940002,81.720001,82.43,69.509506,4057100
2014-12-22,82.400002,82.93,82.080002,82.889999,69.8974,2040800
2014-12-23,83.389999,83.769997,83.209999,83.279999,70.226273,1685200
2014-12-24,83.57,83.57,83.190002,83.230003,70.18412,1040600
2014-12-26,83.379997,83.779999,83.18,83.209999,70.167259,957600
2014-12-29,82.959999,83.959999,82.830002,83.300003,70.243126,1601200
2014-12-30,83.089996,83.720001,82.900002,83.309998,70.251595,2069000
2014-12-31,83.830002,83.949997,82.529999,82.550003,69.610695,1523200
2015-01-02,82.790001,83.239998,81.730003,82.489998,69.560104,1483200
2015-01-05,81.57,82.160004,80.199997,80.589996,67.957901,2678200
2015-01-06,80.730003,80.769997,78.860001,79.089996,66.693054,2929500
2015-01-07,80.160004,80.459999,79.709999,79.989998,67.451965,2434100
2015-01-08,80.709999,81.389999,80.580002,80.769997,68.109711,2008200
2015-01-09,80.900002,81.029999,79.360001,79.370003,66.929176,2744900
2015-01-12,79.790001,80.0,78.650002,79.059998,66.667755,2381200
2015-01-13,79.75,80.040001,77.629997,78.389999,66.102783,3944700
2015-01-14,77.440002,77.440002,75.510002,76.75,64.719818,4149400
2015-01-15,76.709999,78.379997,76.639999,76.949997,64.888466,3918800
2015-01-16,76.639999,77.209999,75.550003,76.650002,64.635513,4689900
2015-01-20,76.629997,77.620003,76.440002,77.389999,65.259491,3296000
2015-01-21,77.080002,77.599998,76.599998,77.209999,65.107704,2486600
2015-01-22,76.959999,77.160004,74.75,76.199997,64.256035,7580300
2015-01-23,76.629997,78.720001,76.629997,77.599998,65.4366,4822800
2015-01-26,77.230003,78.300003,76.5,78.190002,65.934105,4297900
2015-01-27,77.279999,77.580002,76.699997,76.769997,64.736694,3205600
2015-01-28,76.660004,76.839996,74.43,74.449997,62.780323,4404900
2015-01-29,74.199997,75.25,73.900002,74.959999,63.210411,4577700
2015-01-30,74.5,74.910004,73.110001,73.209999,61.734715,4937800
2015-02-02,73.699997,74.519997,72.769997,74.419998,62.755024,3552000
2015-02-03,74.690002,75.599998,74.540001,75.510002,63.674175,2830800
2015-02-04,75.739998,76.080002,75.080002,75.300003,63.497105,3317900
2015-02-05,75.449997,75.959999,75.410004,75.779999,64.157486,3303500
2015-02-06,76.32,77.510002,76.07,76.220001,64.529999,3805300
2015-02-09,75.690002,77.040001,75.290001,76.720001,64.953331,2441500
2015-02-10,77.419998,77.599998,76.75,77.059998,65.241142,2063000
2015-02-11,77.099998,77.580002,76.900002,77.32,65.461281,1923300
2015-02-12,78.029999,79.639999,77.889999,79.290001,67.129135,3961500
2015-02-13,79.389999,79.709999,78.650002,78.879997,66.782013,3216000
2015-02-17,78.790001,80.279999,78.769997,80.0,67.730247,3468600
2015-02-18,79.730003,79.989998,79.269997,79.339996,67.171471,2535300
2015-02-19,79.389999,79.75,79.089996,79.419998,67.239189,2190700
2015-02-20,79.199997,80.419998,78.57,80.389999,68.06044,2590500
2015-02-23,80.389999,80.389999,79.379997,80.059998,67.781029,2397500
2015-02-24,79.839996,80.82,79.620003,80.5,68.153557,2225300
2015-02-25,80.18,80.419998,79.550003,79.660004,67.442406,3103800
2015-02-26,79.480003,79.970001,78.720001,79.150002,67.010628,2731700
2015-02-27,78.860001,79.410004,78.709999,78.709999,66.638092,3329200
2015-03-02,78.709999,79.279999,78.269997,79.150002,67.010628,3486400
2015-03-03,79.150002,79.419998,78.779999,79.139999,67.002144,2257000
2015-03-04,78.949997,78.980003,78.25,78.650002,66.587311,2340500
2015-03-05,78.650002,78.970001,78.199997,78.889999,66.790489,2042100
2015-03-06,79.550003,80.709999,78.760002,78.980003,66.866714,3088700
2015-03-09,78.870003,80.019997,78.620003,79.839996,67.594788,3048100
2015-03-10,79.019997,79.110001,77.699997,77.720001,65.799965,2864700
2015-03-11,78.050003,78.529999,77.720001,78.230003,66.231705,2259600
2015-03-12,79.040001,81.519997,79.040001,81.449997,68.95784,4562500
2015-03-13,81.400002,81.400002,79.269997,80.0,67.730247,2770500
2015-03-16,80.639999,81.769997,80.529999,81.470001,68.974777,2888900
2015-03-17,81.0,81.650002,80.669998,81.5,69.000191,2201300
2015-03-18,80.970001,81.910004,80.510002,81.620003,69.101776,2175900
2015-03-19,81.480003,81.589996,80.529999,80.620003,68.255165,2653800
2015-03-20,80.970001,81.449997,80.760002,81.129997,68.686943,3649600
2015-03-23,81.269997,81.989998,81.18,81.25,68.788536,1731500
2015-03-24,80.940002,80.959999,80.129997,80.139999,67.848755,2118100
2015-03-25,80.18,80.18,78.839996,78.839996,66.748177,1918300
2015-03-26,78.800003,78.900002,77.889999,78.510002,66.468765,2291100
2015-03-27,78.470001,79.019997,78.050003,78.650002,66.587311,2636300
2015-03-30,79.190002,79.610001,79.059998,79.199997,67.052917,1962700
2015-03-31,78.580002,79.190002,78.449997,78.82,66.731201,2666700
2015-04-01,78.830002,80.040001,78.57,79.870003,67.620178,3607600
2015-04-02,79.639999,80.440002,79.459999,80.309998,67.992714,1968500
2015-04-06,79.43,80.839996,79.139999,80.32,68.00116,2099300
2015-04-07,79.860001,80.279999,79.669998,79.669998,67.450851,2301100
2015-04-08,79.660004,81.040001,79.650002,80.190002,67.891106,2564200
2015-04-09,80.040001,80.410004,79.620003,80.360001,68.035049,1856800
2015-04-10,80.230003,80.660004,80.010002,80.610001,68.246696,2233400
2015-04-13,80.610001,81.330002,80.43,81.089996,68.653069,1644200
2015-04-14,81.089996,81.470001,80.769997,81.349998,68.873192,2773800
2015-04-15,81.550003,82.959999,81.360001,82.82,70.117737,3696200
2015-04-16,82.620003,83.209999,82.519997,83.010002,70.27858,2373400
2015-04-17,82.400002,82.620003,81.82,82.0,69.423508,2752600
2015-04-20,82.360001,82.639999,82.050003,82.190002,69.584366,1699900
2015-04-21,82.5,82.610001,81.5,81.529999,69.025604,2294900
2015-04-22,81.550003,81.889999,81.040001,81.760002,69.220306,2543200
2015-04-23,81.68,82.339996,81.550003,81.860001,69.304955,2361500
2015-04-24,80.089996,81.059998,79.360001,80.440002,68.10276,3780700
2015-04-27,80.580002,81.07,80.300003,80.360001,68.035049,2815700
2015-04-28,80.519997,80.919998,80.059998,80.730003,68.348297,1783500
2015-04-29,80.599998,80.989998,79.839996,80.360001,68.035049,1899900
2015-04-30,80.230003,80.849998,79.82,80.849998,68.449875,4201200
2015-05-01,81.239998,81.989998,80.970001,81.93,69.364235,2840000
2015-05-04,82.0,82.43,81.809998,82.260002,69.643631,1934200
2015-05-05,82.0,83.040001,81.940002,82.269997,69.652092,2760800
2015-05-06,82.739998,82.989998,82.0,82.639999,69.96534,3283900
2015-05-07,82.160004,82.32,81.400002,82.019997,69.778191,3150900
2015-05-08,82.589996,83.360001,82.160004,83.160004,70.748047,2767400
2015-05-11,83.139999,83.660004,83.0,83.309998,70.875626,2109500
2015-05-12,82.889999,83.160004,82.239998,82.910004,70.53537,2438900
2015-05-13,82.980003,83.709999,82.720001,83.650002,71.164886,2172300
2015-05-14,84.120003,84.5,83.75,84.470001,71.862503,2390800
2015-05-15,84.629997,84.739998,83.589996,84.029999,71.488174,3146200
2015-05-18,84.239998,84.720001,84.0,84.559998,71.939064,1665600
2015-05-19,84.910004,85.550003,84.690002,85.410004,72.662216,2615600
2015-05-20,85.25,85.68,84.919998,85.349998,72.611168,2119300
2015-05-21,85.269997,85.440002,84.800003,85.110001,72.406967,2156300
2015-05-22,84.900002,85.360001,84.610001,85.019997,72.330414,1740500
2015-05-26,84.980003,84.980003,83.480003,83.949997,71.420113,2833600
2015-05-27,84.449997,85.050003,84.110001,84.629997,71.998634,2131700
2015-05-28,84.480003,84.720001,83.879997,84.300003,71.71788,1847900
2015-05-29,84.379997,84.519997,83.32,83.559998,71.088326,2473600
2015-06-01,83.800003,84.040001,83.129997,83.389999,70.943687,2129300
2015-06-02,83.440002,84.300003,83.269997,83.949997,71.420113,2427900
2015-06-03,84.0,84.910004,83.980003,84.300003,71.71788,2221400
2015-06-04,83.550003,84.279999,83.050003,83.190002,70.77356,3164000
2015-06-05,83.889999,85.010002,83.730003,84.940002,72.262367,3965400
2015-06-08,85.080002,85.370003,84.690002,84.940002,72.262367,3476700
2015-06-09,84.739998,85.720001,84.589996,85.57,72.798317,2361700
2015-06-10,85.800003,86.989998,85.400002,86.93,73.955353,4359300
2015-06-11,86.989998,87.940002,86.739998,87.660004,74.576393,2939100
2015-06-12,87.470001,87.779999,87.120003,87.57,74.499817,2627500
2015-06-15,86.779999,87.589996,86.779999,87.489998,74.431763,2810100
2015-06-16,87.370003,88.120003,87.18,88.07,74.925194,2250500
2015-06-17,88.489998,88.489998,87.709999,87.839996,74.72953,2870300
2015-06-18,88.160004,88.650002,87.709999,88.519997,75.308029,2655700
2015-06-19,88.150002,88.760002,88.019997,88.419998,75.222977,3614800
2015-06-22,89.0,89.5,88.959999,89.32,75.988625,2140900
2015-06-23,89.93,89.989998,89.169998,89.379997,76.039665,1881000
2015-06-24,89.309998,89.650002,89.07,89.089996,75.792961,2153800
2015-06-25,89.480003,90.099998,88.519997,88.849998,75.588776,2431700
2015-06-26,89.160004,89.32,88.790001,89.059998,75.767433,3244000
2015-06-29,87.870003,88.550003,87.660004,87.75,74.652946,3131100
2015-06-30,88.519997,88.75,87.709999,87.970001,74.840126,2827500
2015-07-01,89.010002,89.010002,88.190002,88.599998,75.376076,2728800
2015-07-02,88.720001,89.07,88.019997,88.32,75.137856,1903700
2015-07-06,87.410004,88.0,87.25,87.75,74.652946,1999400
2015-07-07,87.669998,87.959999,86.349998,87.889999,74.772034,2581300
2015-07-08,87.389999,87.540001,86.120003,86.209999,73.342812,2361700
2015-07-09,87.220001,87.610001,86.699997,86.730003,73.785179,2025700
2015-07-10,87.82,88.080002,87.099998,87.669998,74.5849,1723600
2015-07-13,88.529999,89.089996,88.110001,89.029999,75.741905,2058800
2015-07-14,88.730003,89.220001,88.580002,89.019997,75.733391,1783800
2015-07-15,89.739998,90.559998,89.040001,90.099998,76.652214,2211300
2015-07-16,90.650002,91.080002,90.510002,90.959999,77.38385,2067300
2015-07-17,90.629997,91.019997,90.269997,90.989998,77.409378,2401100
2015-07-20,91.080002,91.849998,90.580002,91.440002,77.792206,2377100
2015-07-21,91.419998,92.059998,91.199997,91.709999,78.021904,2522000
2015-07-22,91.620003,92.099998,91.279999,91.650002,77.970871,2484000
2015-07-23,91.620003,91.800003,90.599998,90.769997,77.222191,2646200
2015-07-24,83.540001,83.900002,78.230003,78.860001,67.089836,16800000
2015-07-27,78.040001,79.379997,77.949997,78.610001,66.877144,7195600
2015-07-28,79.25,79.25,77.800003,78.650002,66.911186,7524100
2015-07-29,78.940002,79.739998,78.889999,79.620003,67.736389,4626500
2015-07-30,80.220001,81.580002,80.110001,81.5,69.335808,4276500
2015-07-31,81.580002,81.599998,80.900002,81.300003,69.165634,3677200
2015-08-03,81.459999,81.699997,80.790001,81.629997,69.446411,3392900
2015-08-04,81.629997,81.919998,81.260002,81.379997,69.233688,2088400
2015-08-05,81.949997,82.220001,81.330002,81.860001,69.642036,3937500
2015-08-06,81.540001,81.830002,80.860001,81.139999,69.368492,3196300
2015-08-07,81.0,81.629997,80.269997,80.82,69.094925,2879000
2015-08-10,81.470001,82.669998,81.300003,82.489998,70.522614,2303100
2015-08-11,81.709999,81.919998,80.43,80.870003,69.13765,2543800
2015-08-12,80.440002,80.889999,79.129997,80.620003,68.923927,3122100
2015-08-13,80.980003,81.419998,80.379997,80.760002,69.04361,2448700
2015-08-14,80.330002,81.360001,80.300003,81.269997,69.479622,1967000
2015-08-17,80.690002,81.779999,80.5,81.650002,69.804482,2020200
2015-08-18,81.610001,82.080002,80.889999,81.260002,69.471062,2414600
2015-08-19,80.660004,80.870003,79.739998,80.120003,68.496483,4639000
2015-08-20,79.300003,79.769997,79.010002,79.040001,67.573166,2895600
2015-08-21,78.290001,78.82,76.620003,76.620003,65.504227,4220400
2015-08-24,71.790001,75.870003,67.730003,73.529999,62.862499,4382600
2015-08-25,75.790001,75.849998,72.199997,72.25,61.768219,3577000
2015-08-26,73.620003,74.910004,72.449997,74.75,63.905533,3699900
2015-08-27,75.809998,77.629997,75.550003,77.360001,66.136864,4724900
2015-08-28,77.07,77.519997,76.75,77.32,66.102669,2262200
2015-08-31,77.019997,78.110001,76.669998,77.75,66.470314,2674300
2015-09-01,75.68,76.07,73.860001,74.32,63.537903,2813000
2015-09-02,75.540001,75.940002,74.18,75.300003,64.375732,2580200
2015-09-03,75.989998,77.349998,75.690002,76.160004,65.110962,2940000
2015-09-04,74.949997,75.32,74.169998,74.830002,63.973942,2249800
2015-09-08,76.0,76.800003,75.709999,76.790001,65.649582,2613000
2015-09-09,77.519997,77.980003,75.690002,75.860001,64.8545,2254200
2015-09-10,75.459999,76.43,75.389999,75.870003,64.86306,2530900
2015-09-11,75.589996,75.889999,74.910004,75.650002,64.674965,2324400
2015-09-14,75.809998,76.339996,75.290001,75.760002,64.769005,2658200
2015-09-15,76.0,76.800003,75.919998,76.360001,65.281967,3328300
2015-09-16,76.580002,77.410004,76.190002,77.279999,66.068489,2869600
2015-09-17,77.290001,77.699997,75.559998,75.889999,64.880135,2744500
2015-09-18,74.839996,74.879997,73.339996,73.559998,62.888176,4956100
2015-09-21,74.209999,75.019997,74.080002,74.580002,63.760193,2219900
2015-09-22,73.519997,73.779999,72.949997,73.68,62.990738,2188000
2015-09-23,74.080002,74.080002,73.190002,73.5,62.836857,2097300
2015-09-24,72.599998,73.239998,72.18,73.120003,62.51202,3693200
2015-09-25,74.220001,74.730003,73.839996,74.050003,63.30706,2522200
2015-09-28,73.580002,73.949997,72.099998,72.169998,61.699829,1993200
2015-09-29,72.120003,72.489998,71.040001,71.550003,61.16975,2837800
2015-09-30,72.720001,72.860001,71.760002,72.519997,61.99905,2689600
2015-10-01,72.629997,73.019997,71.760002,72.940002,62.358116,4221000
2015-10-02,71.209999,72.870003,70.169998,72.870003,62.298267,3122500
2015-10-05,73.360001,75.639999,73.360001,75.300003,64.375732,2538700
2015-10-06,74.900002,75.690002,74.669998,75.220001,64.307343,2336700
2015-10-07,75.68,76.169998,74.660004,74.959999,64.08506,2338200
2015-10-08,74.550003,75.260002,73.870003,75.050003,64.162003,2422000
2015-10-09,75.349998,75.709999,74.239998,74.449997,63.649036,2209500
2015-10-12,74.650002,74.879997,74.010002,74.25,63.478069,1729900
2015-10-13,74.07,74.57,73.629997,73.940002,63.213024,2340900
2015-10-14,74.0,74.050003,72.330002,72.559998,62.033237,3287400
2015-10-15,73.18,74.540001,72.629997,74.519997,63.708889,2593300
2015-10-16,74.949997,75.080002,74.160004,74.669998,63.837124,2714200
2015-10-19,74.139999,74.879997,73.970001,74.639999,63.811485,2429300
2015-10-20,74.540001,75.160004,74.419998,74.580002,63.760193,2173500
2015-10-21,75.010002,75.300003,73.610001,73.68,62.990738,3235800
2015-10-22,73.779999,76.379997,73.779999,74.940002,64.067947,4234100
2015-10-23,77.360001,81.410004,77.18,81.120003,69.351402,6560700
2015-10-26,80.510002,80.93,79.470001,79.650002,68.094658,3081900
2015-10-27,79.080002,79.589996,78.940002,79.330002,67.821075,1954300
2015-10-28,79.339996,81.190002,79.199997,81.139999,69.368492,2264200
2015-10-29,80.879997,81.410004,79.93,80.199997,68.564873,2011900
2015-10-30,80.550003,80.730003,78.82,78.900002,67.453461,2707000
2015-11-02,79.370003,80.5,79.220001,80.220001,68.581947,2281600
2015-11-03,79.760002,81.370003,79.75,80.879997,69.146172,1950900
2015-11-04,80.830002,81.190002,80.389999,80.550003,68.86409,2290700
2015-11-05,80.82,80.82,79.540001,79.550003,68.348541,3377200
2015-11-06,81.230003,81.620003,80.400002,81.419998,69.955238,3579200
2015-11-09,81.339996,81.589996,80.110001,80.449997,69.121834,2590200
2015-11-10,80.279999,80.769997,79.370003,79.379997,68.202492,2801000
2015-11-11,79.760002,79.93,78.690002,78.870003,67.764328,2420500
2015-11-12,78.330002,78.330002,77.190002,77.379997,66.484116,3473100
2015-11-13,77.139999,77.860001,76.709999,76.970001,66.131859,2817700
2015-11-16,76.949997,77.900002,76.68,77.900002,66.930893,2654000
2015-11-17,77.800003,77.849998,76.32,76.370003,65.616371,3353500
2015-11-18,76.949997,78.309998,76.599998,78.290001,67.265999,3698500
2015-11-19,78.529999,79.980003,78.529999,79.580002,68.374336,3751800
2015-11-20,80.07,80.169998,78.879997,79.459999,68.271233,3013600
2015-11-23,79.550003,79.550003,78.790001,78.82,67.721352,1969900
2015-11-24,78.099998,79.019997,77.610001,78.629997,67.55809,2570300
2015-11-25,78.849998,79.160004,78.400002,79.040001,67.910385,1774900
2015-11-27,78.980003,79.25,78.269997,79.0,67.875999,907800
2015-11-30,79.080002,79.5,78.370003,78.510002,67.455002,2999700
2015-12-01,79.040001,79.860001,78.760002,79.82,68.580544,2204900
2015-12-02,79.610001,79.959999,78.650002,78.769997,67.678398,2570600
2015-12-03,79.099998,79.099998,77.050003,77.330002,66.44117,3035700
2015-12-04,77.910004,79.559998,77.400002,79.370003,68.193901,2665500
2015-12-07,78.730003,79.059998,77.82,78.330002,67.300331,2262500
2015-12-08,77.449997,77.730003,76.540001,76.860001,66.037354,2630500
2015-12-09,76.370003,77.239998,74.879997,75.419998,64.80011,3517600
2015-12-10,75.389999,76.449997,75.18,75.610001,64.963341,2428700
2015-12-11,74.290001,74.550003,73.300003,73.68,63.305103,2915400
2015-12-14,73.809998,74.68,72.489998,73.309998,62.987209,3448600
2015-12-15,74.269997,75.519997,74.080002,75.370003,64.757156,3039200
2015-12-16,76.190002,76.550003,74.400002,76.360001,65.607758,4175800
2015-12-17,76.550003,76.739998,74.279999,74.379997,63.906567,2890000
2015-12-18,73.919998,73.919998,72.32,72.470001,62.265495,5097500
2015-12-21,73.040001,73.5,71.949997,72.580002,62.359989,2503300
2015-12-22,72.620003,73.010002,71.099998,72.769997,62.523258,3367300
2015-12-23,73.169998,73.919998,72.959999,73.690002,63.313725,2361100
2015-12-24,73.68,73.900002,73.260002,73.519997,63.167656,810700
2015-12-28,73.150002,73.419998,72.279999,73.150002,62.849751,1569800
2015-12-29,73.599998,73.989998,73.190002,73.790001,63.399632,1506200
2015-12-30,73.620003,73.800003,73.160004,73.209999,62.901299,1414600
2015-12-31,72.709999,73.260002,72.160004,72.18,62.016315,1722100
2016-01-04,70.769997,70.910004,69.860001,70.739998,60.779091,3636200
2016-01-05,69.43,70.550003,68.699997,69.459999,59.679329,5216200
2016-01-06,68.550003,69.690002,67.980003,68.550003,58.897495,4223300
2016-01-07,66.339996,67.0,64.849998,65.080002,55.916092,5638300
2016-01-08,65.75,65.889999,64.07,64.230003,55.185772,4731700
2016-01-11,64.82,65.540001,64.0,64.760002,55.641151,3416800
2016-01-12,65.559998,65.970001,64.68,65.800003,56.534702,3680300
2016-01-13,66.279999,66.660004,63.41,63.639999,54.678852,5406000
2016-01-14,64.010002,65.110001,62.509998,64.599998,55.50367,4573000
2016-01-15,62.0,63.459999,61.84,62.849998,54.000092,4827300
2016-01-19,63.689999,63.700001,61.509998,62.189999,53.433018,3464500
2016-01-20,60.799999,61.369999,58.919998,60.759998,52.204391,5328000
2016-01-21,60.849998,62.299999,60.509998,61.18,52.565231,3747300
2016-01-22,62.150002,62.599998,60.52,61.099998,52.496502,4148100
2016-01-25,60.689999,61.009998,58.490002,58.66,50.400085,5711500
2016-01-26,59.099998,60.5,59.099998,60.380001,51.877892,5619900
2016-01-27,61.299999,64.589996,61.259998,63.299999,54.386726,8544900
2016-01-28,63.790001,63.790001,62.119999,62.990002,54.120377,6491500
2016-01-29,63.490002,65.699997,63.279999,65.620003,56.380051,6380200
2016-02-01,65.0,65.449997,63.790001,65.010002,55.855942,4319500
2016-02-02,63.830002,63.860001,62.82,63.209999,54.309391,5195700
2016-02-03,63.66,64.010002,59.860001,63.150002,54.257843,6036600
2016-02-04,63.0,64.360001,62.84,63.73,54.756191,4308500
2016-02-05,63.919998,64.629997,62.639999,63.360001,54.438278,3507800
2016-02-08,62.330002,62.450001,60.099998,60.889999,52.316086,3878300
2016-02-09,60.040001,62.93,59.75,62.419998,53.63063,4424000
2016-02-10,62.919998,64.120003,62.18,62.240002,53.475986,3186400
2016-02-11,59.709999,60.880001,58.740002,60.150002,52.014565,4823200
2016-02-12,61.209999,62.84,60.619999,62.540001,54.081314,5528000
2016-02-16,63.709999,65.129997,63.080002,64.209999,55.525436,4309000
2016-02-17,64.959999,66.050003,64.870003,65.18,56.364239,3806000
2016-02-18,65.480003,66.68,65.18,65.93,57.012802,4272100
2016-02-19,65.5,65.879997,64.760002,65.730003,56.83987,2456700
2016-02-22,66.440002,67.790001,66.400002,67.760002,58.595295,3007600
2016-02-23,67.610001,67.610001,65.32,65.720001,56.831203,3487000
2016-02-24,64.769997,65.639999,63.450001,65.410004,56.563148,2894800
2016-02-25,65.760002,66.419998,64.870003,66.419998,57.436531,2642200
2016-02-26,66.730003,68.190002,66.639999,67.199997,58.111031,3105800
2016-02-29,66.93,67.18,65.699997,65.730003,56.83987,3404300
2016-03-01,66.669998,68.0,66.150002,67.989998,58.794182,4131800
2016-03-02,68.019997,69.139999,67.739998,69.139999,59.788639,2397500
2016-03-03,68.970001,69.660004,68.690002,69.660004,60.238319,2444600
2016-03-04,69.809998,70.389999,68.959999,69.589996,60.177776,2939300
2016-03-07,68.940002,69.620003,68.779999,69.519997,60.117249,2002700
2016-03-08,68.849998,69.169998,68.010002,68.489998,59.226555,2713800
2016-03-09,69.040001,69.300003,68.25,68.699997,59.408161,2508100
2016-03-10,69.18,70.0,68.120003,69.230003,59.866478,2155600
2016-03-11,70.190002,71.120003,70.010002,71.029999,61.423008,2358000
2016-03-14,70.779999,71.010002,69.730003,69.93,60.471786,2550400
2016-03-15,69.290001,69.32,68.309998,69.32,59.944309,3395800
2016-03-16,69.209999,70.080002,68.849998,69.379997,59.99617,3274100
2016-03-17,69.050003,70.059998,68.589996,69.5,60.099941,4067500
2016-03-18,69.82,71.120003,69.529999,70.57,61.025227,5089800
2016-03-21,70.309998,71.389999,70.080002,70.809998,61.232784,2381000
2016-03-22,70.279999,70.779999,69.949997,70.459999,60.930111,1904900
2016-03-23,70.519997,70.769997,70.0,70.209999,60.713909,2603800
2016-03-24,69.440002,69.779999,68.879997,69.760002,60.324783,2090100
2016-03-28,69.809998,69.970001,68.959999,69.199997,59.840534,1884400
2016-03-29,68.830002,68.959999,67.580002,68.849998,59.537853,4411700
2016-03-30,69.300003,70.0,69.040001,69.150002,59.797276,2050000
2016-03-31,69.150002,69.790001,68.980003,69.309998,59.935635,3222700
2016-04-01,69.730003,70.970001,69.260002,70.800003,61.224121,2894900
2016-04-04,70.589996,70.889999,69.720001,69.830002,60.385307,1617400
2016-04-05,68.099998,68.949997,67.790001,68.529999,59.261135,3455200
2016-04-06,68.010002,68.419998,67.199997,68.269997,59.036301,3215900
2016-04-07,67.660004,67.980003,66.099998,66.580002,57.574898,2842900
2016-04-08,67.029999,67.720001,66.410004,66.669998,57.652733,2259300
2016-04-11,66.830002,67.699997,66.730003,67.199997,58.111031,3626200
2016-04-12,67.550003,68.459999,67.410004,68.309998,59.070889,2862000
2016-04-13,69.0,70.870003,68.980003,70.839996,61.258713,3366100
2016-04-14,70.660004,72.18,70.480003,71.470001,61.803505,2871400
2016-04-15,71.720001,72.239998,71.050003,71.339996,61.691097,2862500
2016-04-18,70.889999,71.900002,70.550003,71.660004,61.967812,1765400
2016-04-19,71.959999,72.889999,71.459999,72.800003,62.953621,2349100
2016-04-20,73.349998,75.550003,73.309998,75.43,65.227921,4921500
2016-04-21,75.25,76.300003,74.690002,74.730003,64.622566,2962000
2016-04-22,74.5,75.730003,74.480003,75.559998,65.340324,1783000
2016-04-25,75.080002,75.470001,74.480003,74.989998,64.847412,2478000
2016-04-26,75.029999,76.0,74.629997,75.959999,65.686218,2686100
2016-04-27,73.129997,74.5,72.82,74.309998,64.259369,6388700
2016-04-28,73.559998,74.260002,72.989998,73.370003,63.446514,2641800
2016-04-29,72.989998,73.290001,71.870003,72.389999,62.599052,2966500
2016-05-02,72.870003,73.730003,72.0,73.580002,63.628136,2721000
2016-05-03,72.559998,72.709999,71.440002,71.970001,62.235897,2184500
2016-05-04,71.160004,71.169998,69.269997,69.68,60.255615,4057500
2016-05-05,69.93,70.330002,68.610001,69.120003,59.771355,5345400
2016-05-06,68.800003,69.43,68.43,69.389999,60.004829,3442600
2016-05-09,70.309998,70.370003,69.25,69.599998,60.186424,2788900
2016-05-10,70.010002,71.279999,69.959999,71.139999,61.518139,2650200
2016-05-11,70.830002,71.449997,70.349998,70.349998,60.834988,2411900
2016-05-12,70.169998,70.730003,68.839996,69.360001,60.321869,2109900
2016-05-13,69.150002,69.959999,68.330002,68.709999,59.75658,2459700
2016-05-16,68.529999,69.660004,68.379997,69.279999,60.252293,2678700
2016-05-17,68.879997,69.669998,68.410004,68.830002,59.860935,2679000
2016-05-18,68.830002,71.010002,68.660004,70.980003,61.730785,3636900
2016-05-19,70.379997,71.790001,69.879997,70.529999,61.339409,3460700
2016-05-20,70.760002,71.57,70.459999,70.93,61.68729,2052300
2016-05-23,70.82,71.489998,70.419998,70.650002,61.443771,1889900
2016-05-24,70.910004,71.849998,69.599998,71.620003,62.287361,2046000
2016-05-25,72.040001,73.529999,71.849998,73.269997,63.722363,2767100
2016-05-26,73.029999,73.160004,72.269997,72.559998,63.104877,1642400
2016-05-27,72.879997,73.830002,72.330002,73.830002,64.209396,2811300
2016-05-31,74.190002,74.349998,72.830002,73.239998,63.69627,2363400
2016-06-01,72.510002,73.32,71.839996,73.220001,63.678879,1594400
2016-06-02,73.190002,73.379997,72.620003,73.379997,63.818043,1495800
2016-06-03,72.279999,72.379997,70.470001,71.599998,62.269989,3478300
2016-06-06,71.660004,73.330002,71.389999,72.849998,63.357082,2422700
2016-06-07,73.0,73.059998,72.32,72.349998,62.922268,2249700
2016-06-08,71.75,72.559998,71.43,72.099998,62.70483,3190400
2016-06-09,71.449997,71.459999,70.139999,70.870003,61.63509,2749900
2016-06-10,70.300003,70.550003,69.790001,70.040001,60.913254,2506000
2016-06-13,69.459999,70.419998,68.959999,69.0,60.00877,2488900
2016-06-14,68.519997,68.519997,63.759998,64.43,56.034294,14942400
2016-06-15,65.43,66.230003,64.470001,64.639999,56.216919,9490900
2016-06-16,64.099998,64.449997,62.73,64.25,55.877739,5296300
2016-06-17,64.290001,64.800003,63.810001,64.190002,55.825569,6191200
2016-06-20,65.790001,65.949997,64.169998,64.279999,55.903839,5160200
2016-06-21,64.919998,64.989998,63.549999,64.25,55.877739,4496000
2016-06-22,64.300003,64.839996,63.889999,63.93,55.599438,2670200
2016-06-23,64.769997,65.650002,64.559998,65.599998,57.05183,2948300
2016-06-24,62.549999,64.279999,61.75,61.880001,53.816574,8115300
2016-06-27,60.84,60.84,58.029999,58.150002,50.572632,8924600
2016-06-28,59.25,59.77,58.66,59.66,51.885857,6530600
2016-06-29,60.57,61.970001,60.209999,61.919998,53.851353,4470700
2016-06-30,62.419998,63.529999,61.419998,63.509998,55.234173,6389700
2016-07-01,63.48,63.560001,62.73,62.959999,54.755829,3152500
2016-07-05,62.139999,62.360001,60.650002,60.860001,52.929485,3331300
2016-07-06,60.25,61.299999,59.66,61.279999,53.294754,2840200
2016-07-07,61.200001,62.549999,61.200001,61.889999,53.825275,4644900
2016-07-08,63.549999,64.940002,63.130001,64.709999,56.277798,4949000
2016-07-11,65.18,66.379997,65.059998,66.260002,57.625839,4910200
2016-07-12,67.029999,68.110001,66.989998,67.849998,59.008617,4975400
2016-07-13,67.739998,68.230003,66.949997,67.940002,59.08691,3611400
2016-07-14,69.309998,69.5,68.129997,68.849998,59.878342,3284800
2016-07-15,69.089996,69.18,67.720001,68.150002,59.269547,5763900
2016-07-18,68.449997,68.540001,67.82,68.120003,59.243462,2240300
2016-07-19,67.970001,68.110001,67.510002,67.730003,58.904274,2136000
2016-07-20,68.040001,68.169998,67.160004,67.610001,58.799908,2895300
2016-07-21,67.440002,68.470001,67.239998,67.989998,59.13039,3503100
2016-07-22,66.5,67.330002,65.0,67.029999,58.295509,8632900
2016-07-25,66.860001,67.870003,66.75,67.339996,58.565094,4373700
2016-07-26,67.300003,67.980003,66.919998,67.690002,58.869473,2997700
2016-07-27,67.529999,68.489998,67.370003,67.910004,59.060825,3110100
2016-07-28,67.489998,67.75,66.779999,67.480003,58.68684,3079700
2016-07-29,67.190002,67.720001,67.040001,67.080002,58.33897,3632600
2016-08-01,67.279999,67.529999,66.68,67.029999,58.295509,3418500
2016-08-02,66.900002,67.089996,66.0,66.300003,57.66061,4409200
2016-08-03,66.150002,66.980003,66.0,66.550003,57.87804,3965400
2016-08-04,66.220001,66.650002,66.080002,66.199997,57.921791,2197400
2016-08-05,67.099998,68.349998,67.099998,68.099998,59.584202,3695900
2016-08-08,68.230003,68.830002,67.949997,68.169998,59.645428,1749800
2016-08-09,68.129997,68.199997,67.559998,67.779999,59.304214,1793500
2016-08-10,67.739998,67.830002,66.610001,66.849998,58.490517,2348300
2016-08-11,67.040001,68.019997,66.809998,67.940002,59.444202,2660200
2016-08-12,67.470001,68.059998,67.18,68.0,59.496685,2098800
2016-08-15,68.019997,68.910004,68.019997,68.610001,60.030422,2741700
2016-08-16,68.269997,68.959999,68.199997,68.620003,60.039158,2657300
2016-08-17,68.5,68.660004,67.970001,68.290001,59.75042,2810200
2016-08-18,68.290001,68.580002,68.110001,68.209999,59.68042,2443600
2016-08-19,68.040001,68.68,67.989998,68.559998,59.986656,2473500
2016-08-22,68.529999,68.809998,68.080002,68.68,60.091675,1878200
2016-08-23,68.93,69.32,68.790001,68.790001,60.187881,1867800
2016-08-24,68.860001,69.330002,68.470001,68.620003,60.039158,2025600
2016-08-25,68.349998,69.099998,68.269997,68.769997,60.170395,1732500
2016-08-26,69.0,69.639999,68.75,69.160004,60.511646,2191900
2016-08-29,69.129997,70.059998,68.889999,69.629997,60.922859,3015200
2016-08-30,69.629997,70.610001,69.629997,70.330002,61.535336,3091200
2016-08-31,70.389999,71.720001,70.389999,71.599998,62.646526,6129400
2016-09-01,71.599998,72.089996,70.18,71.080002,62.19154,5574100
2016-09-02,71.239998,71.919998,70.870003,71.639999,62.681515,2448200
2016-09-06,71.610001,71.660004,70.540001,70.989998,62.112797,2561400
2016-09-07,70.610001,71.800003,70.440002,71.769997,62.795258,2523100
2016-09-08,71.629997,72.43,71.489998,72.279999,63.24147,2686100
2016-09-09,72.019997,72.349998,71.610001,71.650002,62.690281,4064000
2016-09-12,71.120003,72.769997,70.440002,72.5,63.433964,3288800
2016-09-13,71.510002,71.959999,70.540001,71.220001,62.314037,3504000
2016-09-14,71.099998,71.309998,70.279999,70.589996,61.76281,2776600
2016-09-15,70.480003,71.110001,69.690002,70.989998,62.112797,3086100
2016-09-16,70.540001,70.610001,69.779999,70.209999,61.430317,3214900
2016-09-19,70.559998,71.330002,70.419998,70.980003,62.104065,3156000
2016-09-20,71.449997,71.699997,70.379997,70.559998,61.736565,2514900
2016-09-21,70.769997,71.779999,70.57,71.68,62.716526,4076400
2016-09-22,71.769997,72.220001,71.660004,72.139999,63.11898,3290800
2016-09-23,71.739998,72.25,71.25,71.279999,62.366535,3099400
2016-09-26,71.230003,71.650002,70.599998,70.809998,61.955315,3075300
2016-09-27,70.480003,71.830002,70.150002,71.800003,62.821526,2405500
2016-09-28,71.779999,72.089996,70.809998,71.75,62.777779,2498600
2016-09-29,71.620003,72.0,69.489998,70.360001,61.561581,3169000
2016-09-30,70.870003,72.190002,70.629997,71.830002,62.847755,3198800
2016-10-03,71.599998,72.68,71.559998,72.129997,63.110249,3557400
2016-10-04,72.459999,73.230003,72.260002,72.760002,63.66148,4098400
2016-10-05,73.010002,74.07,73.010002,73.699997,64.483917,3126200
2016-10-06,73.629997,73.75,72.389999,73.040001,63.906429,3262300
2016-10-07,73.139999,73.709999,72.690002,73.050003,63.915215,2695100
2016-10-10,73.599998,73.889999,73.239998,73.330002,64.160202,1760100
2016-10-11,73.25,73.440002,71.849998,72.160004,63.136501,2254700
2016-10-12,71.800003,72.43,71.739998,72.059998,63.048973,2231700
2016-10-13,71.339996,71.690002,70.5,71.07,62.182808,4824400
2016-10-14,71.709999,72.199997,71.230003,71.529999,62.585281,2872600
2016-10-17,71.910004,72.360001,71.739998,71.779999,62.804008,3899900
2016-10-18,72.650002,72.769997,71.660004,71.989998,62.987747,3121000
2016-10-19,72.099998,73.75,72.059998,73.620003,64.413933,3347600
2016-10-20,73.760002,75.239998,73.360001,74.510002,65.192635,4502800
2016-10-21,73.82,75.099998,73.699997,74.889999,65.525116,3947400
2016-10-24,75.419998,75.730003,75.230003,75.400002,65.971344,3107600
2016-10-25,75.290001,75.779999,75.010002,75.389999,65.962593,4391800
2016-10-26,73.480003,76.160004,72.949997,75.43,65.997604,4732300
2016-10-27,75.699997,75.860001,74.300003,74.800003,65.446381,2693300
2016-10-28,74.860001,75.089996,73.949997,74.629997,65.297615,3780500
2016-10-31,75.129997,75.139999,73.839996,74.040001,64.781425,3469500
2016-11-01,74.43,74.510002,72.419998,73.230003,64.072701,3967300
2016-11-02,73.080002,73.339996,72.190002,72.610001,63.53022,4032200
2016-11-03,72.800003,73.260002,72.150002,72.32,63.27647,5653300
2016-11-04,72.400002,73.690002,71.910004,73.099998,63.958958,3646700
2016-11-07,74.279999,75.0,74.279999,74.839996,65.481369,4126500
2016-11-08,73.889999,73.889999,72.300003,72.839996,63.731468,6617900
2016-11-09,73.650002,76.660004,73.25,76.300003,67.127434,13256900
2016-11-10,76.669998,79.690002,76.669998,79.230003,69.705193,7306100
2016-11-11,78.75,81.25,78.730003,80.989998,71.253601,4614800
2016-11-14,80.980003,83.82,80.949997,83.760002,73.690605,5506700
2016-11-15,82.279999,82.690002,79.870003,82.150002,72.274155,6241500
2016-11-16,80.370003,81.0,79.440002,80.220001,70.57618,3710600
2016-11-17,80.25,81.559998,79.32,81.559998,71.755081,3073000
2016-11-18,81.389999,82.389999,81.07,82.010002,72.150978,2306500
2016-11-21,82.730003,83.349998,82.07,83.209999,73.206711,3128900
2016-11-22,83.400002,83.879997,82.43,82.589996,72.66124,3812800
2016-11-23,82.870003,84.800003,82.870003,84.620003,74.447205,3417000
2016-11-25,84.260002,84.790001,83.940002,84.57,74.403229,1582700
2016-11-28,83.910004,84.550003,83.089996,83.239998,73.233116,3390900
2016-11-29,83.419998,83.550003,82.449997,82.599998,72.670044,2242700
2016-11-30,83.800003,84.529999,83.32,84.040001,73.936935,3800700
2016-12-01,84.449997,86.769997,84.169998,86.610001,76.19799,5276900
2016-12-02,86.470001,86.620003,85.18,86.0,75.661308,5086800
2016-12-05,86.480003,87.349998,86.389999,86.709999,76.285965,4257200
2016-12-06,87.0,87.889999,85.699997,87.839996,77.280121,3407500
2016-12-07,87.599998,89.790001,87.260002,89.580002,78.810936,2912300
2016-12-08,89.919998,91.379997,89.080002,90.610001,79.71711,3180800
2016-12-09,90.610001,90.629997,89.349998,90.449997,79.576355,3428100
2016-12-12,90.150002,91.080002,89.120003,89.419998,78.670181,3387900
2016-12-13,89.739998,90.080002,88.32,89.449997,78.696548,2911800
2016-12-14,88.800003,90.120003,88.089996,88.949997,78.256668,3596800
2016-12-15,89.57,91.639999,89.040001,90.360001,79.497162,3586200
2016-12-16,90.660004,90.660004,89.050003,89.669998,78.890121,9370400
2016-12-19,89.959999,90.190002,89.120003,90.040001,79.215622,3258100
2016-12-20,90.510002,90.839996,90.0,90.620003,79.725906,2066500
2016-12-21,90.790001,90.910004,90.129997,90.440002,79.567543,2460600
2016-12-22,89.93,90.029999,88.629997,89.190002,78.46785,2620800
2016-12-23,89.349998,90.190002,89.120003,89.68,78.898926,2980000
2016-12-27,90.230003,90.230003,89.650002,89.760002,78.969299,2026000
2016-12-28,89.989998,89.989998,87.839996,88.190002,77.588043,2231800
2016-12-29,88.419998,88.559998,86.949997,87.110001,76.637878,2102700
2016-12-30,87.080002,87.589996,86.279999,87.239998,76.752235,2424800
2017-01-03,88.550003,89.599998,87.790001,88.870003,78.18631,3441100
2017-01-04,89.129997,90.769997,89.129997,90.300003,79.444382,2630900
2017-01-05,89.839996,89.93,87.599998,88.379997,77.755188,2223900
2017-01-06,88.769997,89.18,88.089996,88.599998,77.948738,1795800
2017-01-09,88.220001,88.400002,87.400002,87.440002,76.928223,2122800
2017-01-10,87.809998,89.370003,87.440002,88.980003,78.283066,3141200
2017-01-11,88.989998,89.25,88.010002,89.139999,78.423828,1885100
2017-01-12,88.720001,88.849998,86.779999,87.889999,77.324112,2064300
2017-01-13,88.419998,89.739998,88.419998,88.849998,78.168686,2327800
2017-01-17,88.199997,88.199997,86.050003,86.370003,75.986839,2192300
2017-01-18,86.940002,87.32,85.769997,87.279999,76.787437,1706400
2017-01-19,87.370003,87.589996,86.339996,86.720001,76.294746,1696700
2017-01-20,86.720001,88.0,86.690002,87.339996,76.840218,1684500
2017-01-23,87.050003,87.779999,86.510002,86.870003,76.42672,2821000
2017-01-24,87.519997,89.139999,86.989998,88.730003,78.063126,2711800
2017-01-25,87.830002,88.830002,87.120003,88.379997,77.755188,5304100
2017-01-26,88.5,89.720001,87.82,89.709999,78.925293,3004700
2017-01-27,89.959999,90.0,88.93,89.150002,78.432625,2195200
2017-01-30,89.150002,89.150002,87.379997,88.809998,78.133507,3550400
2017-01-31,88.279999,88.660004,86.68,87.389999,76.884216,2880400
2017-02-01,88.099998,88.949997,87.230003,87.510002,76.989784,2263100
2017-02-02,86.739998,87.0,85.839996,86.339996,75.960434,2147700
2017-02-03,87.940002,88.080002,86.660004,87.919998,77.350494,2891200
2017-02-06,87.349998,88.400002,87.18,87.620003,77.086563,1430600
2017-02-07,88.099998,88.419998,87.199997,88.110001,77.517654,3514000
2017-02-08,87.599998,87.910004,87.050003,87.540001,77.016174,2052600
2017-02-09,87.139999,88.699997,87.110001,88.540001,78.253548,1809200
2017-02-10,88.889999,88.889999,88.089996,88.400002,78.129822,1617300
2017-02-13,88.769997,89.580002,88.709999,89.029999,78.686607,1791300
2017-02-14,89.010002,90.510002,88.699997,90.18,79.703003,2148200
2017-02-15,90.489998,91.360001,89.610001,90.93,80.365837,2297700
2017-02-16,90.980003,91.25,89.82,90.510002,79.994667,1801000
2017-02-17,90.339996,92.040001,90.080002,91.809998,81.143623,4044700
2017-02-21,91.699997,93.57,91.610001,92.849998,82.06279,3825200
2017-02-22,92.419998,93.239998,92.089996,92.889999,82.098152,1821400
2017-02-23,93.25,93.519997,92.889999,93.410004,82.557724,2143000
2017-02-24,92.529999,92.800003,91.769997,92.610001,81.850685,2252300
2017-02-27,92.389999,93.720001,92.059998,93.660004,82.778717,1730400
2017-02-28,93.040001,93.93,92.989998,93.860001,82.955475,3122400
2017-03-01,95.0,96.919998,94.809998,96.120003,84.952904,3387900
2017-03-02,96.209999,96.330002,94.279999,94.330002,83.370865,1625900
2017-03-03,94.190002,94.639999,93.330002,93.940002,83.026169,2539200
2017-03-06,93.5,93.68,92.849998,93.0,82.195374,1936800
2017-03-07,93.07,93.339996,92.489998,92.82,82.036316,1641300
2017-03-08,94.019997,94.43,92.279999,92.400002,81.665062,2028600
2017-03-09,92.769997,93.349998,91.849998,92.110001,81.408775,1653500
2017-03-10,92.82,93.0,91.57,92.190002,81.479477,1644300
2017-03-13,92.199997,92.410004,91.650002,91.790001,81.125946,1830200
2017-03-14,91.360001,91.779999,90.779999,91.75,81.090599,1730800
2017-03-15,91.010002,91.959999,89.129997,89.919998,79.473213,3179000
2017-03-16,90.379997,91.089996,89.959999,90.209999,79.7295,1781900
2017-03-17,90.43,90.699997,88.010002,88.230003,77.979561,3388300
2017-03-20,88.110001,88.230003,86.580002,86.779999,76.698006,2802000
2017-03-21,87.099998,87.099998,83.339996,83.650002,73.931648,4559000
2017-03-22,83.080002,84.440002,82.150002,83.68,73.958145,3133700
2017-03-23,83.599998,85.059998,83.230003,83.779999,74.046539,2671200
2017-03-24,83.989998,84.519997,83.18,83.800003,74.064224,1966100
2017-03-27,81.93,82.870003,81.32,82.129997,72.588226,4282100
2017-03-28,82.010002,84.629997,81.900002,84.169998,74.391235,3789300
2017-03-29,84.889999,85.190002,84.029999,84.68,74.84201,2488400
2017-03-30,84.82,87.260002,84.519997,87.139999,77.016174,4081700
2017-03-31,86.669998,87.239998,86.279999,86.660004,76.591949,2661900
2017-04-03,86.879997,86.910004,84.669998,85.800003,75.831879,3158800
2017-04-04,85.379997,85.900002,85.120003,85.260002,75.354614,1840300
2017-04-05,86.580002,86.620003,83.980003,84.129997,74.355858,2483700
2017-04-06,83.93,84.75,82.550003,84.230003,74.444252,4378900
2017-04-07,83.25,84.330002,82.790001,83.540001,73.834435,2767300
2017-04-10,83.550003,83.82,82.529999,82.769997,73.153877,2463300
2017-04-11,82.400002,83.110001,81.620003,83.089996,73.436699,2351200
2017-04-12,82.639999,83.169998,82.029999,82.419998,72.844543,2317100
2017-04-13,82.050003,82.959999,80.900002,81.019997,71.607185,3400100
2017-04-17,80.580002,83.029999,80.050003,83.0,73.357178,3759400
2017-04-18,82.550003,83.220001,81.160004,81.900002,72.384964,3119400
2017-04-19,82.43,82.919998,81.580002,81.910004,72.393799,2157800
2017-04-20,82.330002,84.050003,82.330002,83.720001,73.993515,2945300
2017-04-21,83.639999,83.959999,82.650002,82.669998,73.065506,2524900
2017-04-24,84.629997,85.050003,84.139999,84.68,74.84201,2897700
2017-04-25,85.370003,86.029999,85.220001,85.580002,75.637421,3480200
2017-04-26,82.0,84.260002,81.989998,83.059998,73.410179,7440300
2017-04-27,83.190002,83.620003,82.260002,82.309998,72.747322,3611600
2017-04-28,81.43,82.169998,79.910004,80.379997,71.041534,6153800
2017-05-01,81.169998,81.989998,80.760002,81.57,72.093277,3555300
2017-05-02,81.580002,82.470001,80.970001,82.459999,72.87989,3046100
2017-05-03,82.080002,82.82,81.779999,82.489998,72.906425,2456600
2017-05-04,83.019997,83.209999,82.169998,82.489998,72.906425,3176200
2017-05-05,82.879997,82.989998,82.0,82.269997,72.711952,2326600
2017-05-08,82.339996,82.410004,81.839996,82.120003,72.579414,1760800
2017-05-09,82.199997,82.809998,81.82,82.32,72.756142,2786100
2017-05-10,82.019997,82.440002,81.529999,81.669998,72.181679,2831700
2017-05-11,80.989998,81.279999,79.660004,80.160004,71.195808,3771600
2017-05-12,79.830002,80.360001,78.690002,79.400002,70.520782,3953300
2017-05-15,80.010002,81.550003,80.010002,81.150002,72.075104,2563500
2017-05-16,81.309998,81.419998,80.559998,80.690002,71.666534,1985200
2017-05-17,80.690002,80.690002,78.169998,78.470001,69.694801,3149600
2017-05-18,78.459999,80.139999,78.339996,79.269997,70.405319,5927100
2017-05-19,79.57,81.099998,79.25,80.269997,71.293518,2796300
2017-05-22,80.730003,80.93,79.279999,79.629997,70.725052,2404800
2017-05-23,79.690002,80.68,79.110001,80.339996,71.355682,1995100
2017-05-24,80.349998,80.349998,79.75,79.919998,70.982643,1582300
2017-05-25,79.900002,80.510002,79.18,79.510002,70.618507,2122400
2017-05-26,79.5,80.110001,79.080002,79.790001,70.86718,2365600
2017-05-30,79.400002,79.589996,78.230003,78.279999,69.526031,2361700
2017-05-31,78.389999,78.389999,76.050003,76.919998,68.31813,4272400
2017-06-01,77.459999,77.970001,76.809998,77.919998,69.206314,3298700
2017-06-02,77.419998,78.339996,76.910004,78.040001,69.312881,2529400
2017-06-05,78.050003,78.830002,77.779999,78.330002,69.570457,2017300
2017-06-06,77.769997,78.43,77.099998,78.269997,69.517159,2507300
2017-06-07,78.519997,79.519997,78.209999,78.900002,70.076721,2442400
2017-06-08,78.900002,80.160004,78.790001,79.419998,70.538551,2328600
2017-06-09,80.07,80.419998,79.309998,80.07,71.11586,3484200
2017-06-12,80.150002,80.959999,79.610001,80.169998,71.204681,2638200
2017-06-13,80.5,80.919998,79.849998,80.57,71.559967,2690700
2017-06-14,79.459999,80.199997,78.459999,80.089996,71.133636,2858400
2017-06-15,79.610001,81.550003,79.489998,81.349998,72.252731,3871300
2017-06-16,81.459999,81.650002,80.93,81.309998,72.217194,3266400
2017-06-19,81.730003,81.949997,81.290001,81.730003,72.590233,3232200
2017-06-20,81.629997,81.75,81.089996,81.220001,72.137276,2695800
2017-06-21,81.300003,81.300003,80.690002,80.879997,71.835289,2602300
2017-06-22,80.730003,80.830002,80.07,80.389999,71.400093,2241000
2017-06-23,80.75,80.779999,79.370003,79.519997,70.627365,3163900
2017-06-26,79.889999,80.839996,79.620003,80.589996,71.577721,2149000
2017-06-27,80.849998,82.239998,80.760002,81.379997,72.279381,2045500
2017-06-28,82.120003,83.519997,82.050003,82.980003,73.700455,3789300
2017-06-29,81.75,83.0,80.470001,81.470001,72.359322,6081700
2017-06-30,82.019997,83.18,81.589996,82.620003,73.380722,2969600
2017-07-03,83.419998,84.480003,83.220001,83.559998,74.215591,1558400
2017-07-05,83.389999,83.809998,82.050003,82.699997,73.451767,2883500
2017-07-06,82.32,82.940002,81.940002,82.110001,72.927742,3517800
2017-07-07,82.660004,82.68,81.919998,82.5,73.274132,1635300
2017-07-10,82.379997,82.480003,81.959999,82.050003,72.874451,2387600
2017-07-11,82.080002,82.160004,80.800003,81.040001,71.977402,2743500
2017-07-12,80.989998,82.379997,80.639999,82.199997,73.007706,2477500
2017-07-13,82.25,82.779999,82.019997,82.589996,73.35405,1641400
2017-07-14,81.839996,82.860001,81.18,82.5,73.274132,1966200
2017-07-17,82.410004,82.589996,81.889999,82.169998,72.981033,1922600
2017-07-18,81.720001,81.870003,80.970001,81.57,72.448105,1343000
2017-07-19,81.949997,81.989998,80.769997,81.379997,72.279381,3167500
2017-07-20,81.209999,81.519997,80.040001,81.010002,71.950752,4966700
2017-07-21,85.370003,88.239998,84.550003,87.940002,78.105789,9687000
2017-07-24,87.519997,87.550003,86.650002,87.120003,77.377502,3908500
2017-07-25,88.0,88.199997,86.660004,87.089996,77.350838,3267400
2017-07-26,87.18,87.220001,85.620003,85.709999,76.12516,2504300
2017-07-27,85.919998,85.949997,84.400002,84.800003,75.316948,2884200
2017-07-28,84.849998,85.139999,83.809998,84.970001,75.467918,3164200
2017-07-31,85.419998,86.650002,85.160004,86.18,76.54261,2927400
2017-08-01,86.639999,86.730003,85.639999,86.010002,76.391617,2276400
2017-08-02,85.849998,86.019997,85.379997,85.709999,76.12516,2696300
2017-08-03,85.309998,85.629997,84.489998,84.589996,75.482681,2505000
2017-08-04,85.330002,85.419998,84.260002,84.410004,75.322067,2624000
2017-08-07,84.620003,85.419998,84.379997,85.150002,75.982407,1388300
2017-08-08,85.029999,87.370003,85.029999,85.510002,76.303619,1993600
2017-08-09,84.959999,85.279999,84.449997,85.139999,75.973465,1338100
2017-08-10,84.5,84.639999,82.989998,83.059998,74.117401,2037000
2017-08-11,83.370003,83.470001,82.330002,82.800003,73.885406,1989300
2017-08-14,83.809998,84.709999,83.529999,84.260002,75.188202,1782700
2017-08-15,84.93,85.120003,83.32,84.150002,75.09005,2313700
2017-08-16,84.730003,85.0,83.599998,83.82,74.79557,1192600
2017-08-17,83.790001,84.040001,81.959999,81.989998,73.162605,1758100
2017-08-18,81.68,82.489998,81.32,81.529999,72.752121,2415300
2017-08-21,81.639999,81.730003,81.089996,81.419998,72.653961,1409900
2017-08-22,81.709999,82.07,80.790001,81.440002,72.671829,1878500
2017-08-23,81.019997,82.120003,81.0,81.290001,72.537987,1150800
2017-08-24,81.5,81.839996,81.160004,81.43,72.662903,908800
2017-08-25,81.75,82.370003,81.440002,81.489998,72.716431,1204500
2017-08-28,81.690002,81.760002,80.349998,80.550003,71.87764,1356100
2017-08-29,79.75,79.910004,78.93,79.739998,71.154846,3162800
2017-08-30,79.739998,80.75,79.529999,80.089996,71.467171,2096300
2017-08-31,80.519997,80.660004,79.5,79.610001,71.038849,3606100
2017-09-01,79.860001,80.760002,79.610001,80.309998,71.663475,2438600
2017-09-05,79.639999,79.75,78.279999,78.660004,70.191132,2581400
2017-09-06,78.989998,80.0,78.800003,79.470001,70.913925,3434300
2017-09-07,79.529999,79.580002,77.760002,78.230003,69.807434,3655300
2017-09-08,77.449997,78.559998,76.980003,78.209999,69.789581,2945500
2017-09-11,78.879997,79.620003,78.389999,79.059998,70.548065,2388400
2017-09-12,79.389999,80.0,79.190002,79.57,71.003143,2270300
2017-09-13,79.440002,80.580002,79.199997,80.209999,71.574249,3485200
2017-09-14,80.169998,80.580002,78.459999,78.699997,70.22683,4228500
2017-09-15,78.599998,80.129997,78.57,80.040001,71.422554,4445800
2017-09-18,80.190002,80.540001,79.690002,80.25,71.609932,3766200
2017-09-19,80.199997,81.370003,80.199997,80.959999,72.243507,2693700
2017-09-20,81.209999,82.07,80.650002,81.800003,72.993065,3187500
2017-09-21,81.559998,82.150002,80.889999,81.580002,72.796745,2699800
2017-09-22,81.309998,82.080002,81.150002,81.940002,73.117989,1716700
2017-09-25,81.889999,82.720001,81.790001,82.480003,73.599846,1812300
2017-09-26,82.68,83.150002,82.25,82.800003,73.885406,1735000
2017-09-27,83.800003,84.440002,83.18,83.93,74.893761,2402300
2017-09-28,83.949997,84.449997,83.339996,84.120003,75.063286,1997800
2017-09-29,84.360001,84.879997,83.800003,84.660004,75.545151,1978100
2017-10-02,84.980003,86.029999,84.690002,85.919998,76.66951,3815400
2017-10-03,85.93,86.389999,85.529999,86.370003,77.071037,2660000
2017-10-04,86.400002,86.610001,85.970001,86.339996,77.044266,2034200
2017-10-05,86.459999,87.43,86.040001,87.089996,77.713524,1681700
2017-10-06,87.050003,87.220001,86.43,87.040001,77.668922,1914800
2017-10-09,87.489998,87.720001,87.059998,87.300003,77.900925,1436100
2017-10-10,87.349998,87.989998,87.209999,87.300003,77.900925,1299200
2017-10-11,87.5,87.5,86.709999,86.75,77.41011,1570400
2017-10-12,86.400002,86.599998,84.5,84.589996,75.482681,2795700
2017-10-13,84.300003,85.830002,83.879997,85.360001,76.169777,1931700
2017-10-16,85.790001,86.870003,85.519997,86.849998,77.499367,2217300
2017-10-17,86.980003,86.980003,85.910004,86.07,76.803352,1450500
2017-10-18,86.330002,86.769997,85.949997,86.660004,77.329819,1167600
2017-10-19,85.809998,87.5,85.599998,87.480003,78.061531,2045100
2017-10-20,88.559998,89.68,88.400002,89.669998,80.015755,3763100
2017-10-23,89.610001,90.0,89.010002,89.720001,80.060349,2221200
2017-10-24,89.940002,90.0,88.790001,89.519997,79.881889,2685200
2017-10-25,91.099998,92.0,89.970001,90.82,81.041939,5992500
2017-10-26,91.0,92.720001,90.980003,92.519997,82.558899,3210100
2017-10-27,92.669998,92.980003,92.0,92.779999,82.790909,2235500
2017-10-30,92.099998,93.400002,92.099998,92.43,82.4786,1847600
2017-10-31,92.629997,93.0,92.010002,92.18,82.255516,2184700
2017-11-01,92.660004,92.989998,91.410004,91.900002,82.005646,1701800
2017-11-02,91.489998,92.690002,91.0,92.449997,82.496429,1337100
2017-11-03,92.089996,92.400002,91.419998,91.599998,81.737946,2052000
2017-11-06,91.849998,92.370003,91.330002,92.300003,82.362579,1369900
2017-11-07,92.290001,92.559998,89.959999,90.120003,80.417313,1846600
2017-11-08,89.800003,89.989998,88.580002,88.970001,79.391106,2240900
2017-11-09,88.379997,88.620003,86.809998,88.110001,78.623703,2148000
2017-11-10,87.190002,87.529999,86.779999,87.150002,78.121712,1591700
2017-11-13,86.620003,87.18,86.010002,86.949997,77.942421,2370400
2017-11-14,86.43,86.599998,85.410004,86.0,77.090843,3369500
2017-11-15,85.18,87.959999,85.169998,87.629997,78.551994,2842800
2017-11-16,87.919998,88.559998,86.940002,87.150002,78.121712,2017600
2017-11-17,86.93,88.230003,86.889999,87.830002,78.731277,1687300
2017-11-20,87.989998,88.459999,87.68,88.269997,79.125687,1602200
2017-11-21,88.839996,89.040001,87.580002,87.949997,78.838852,1298800
2017-11-22,87.980003,88.139999,87.099998,87.260002,78.220306,1265200
2017-11-24,87.800003,87.800003,87.239998,87.379997,78.327881,506400
2017-11-27,87.330002,87.379997,86.57,86.870003,77.870712,1629500
2017-11-28,87.220001,89.849998,86.699997,89.75,80.452377,2161700
2017-11-29,90.580002,92.309998,89.730003,90.970001,81.545975,3229400
2017-11-30,91.669998,93.419998,91.410004,92.0,82.469276,3712000
2017-12-01,92.18,92.769997,89.68,92.720001,83.114677,2647700
2017-12-04,94.440002,96.239998,94.160004,94.889999,85.059883,3425700
2017-12-05,93.760002,95.620003,93.720001,93.910004,84.181419,2262400
2017-12-06,93.620003,94.190002,93.110001,93.870003,84.145561,1465600
2017-12-07,93.519997,95.25,93.32,95.07,85.22126,1745700
2017-12-08,95.5,95.790001,94.18,95.790001,85.866669,1701800
2017-12-11,96.0,96.089996,95.230003,95.970001,86.02803,1404300
2017-12-12,96.139999,96.669998,95.889999,96.209999,86.243149,1828100
2017-12-13,96.25,96.400002,94.699997,94.720001,84.907509,1907000
2017-12-14,95.0,95.459999,93.849998,94.059998,84.315872,2001500
2017-12-15,95.099998,97.309998,94.849998,96.309998,86.332787,4266600
2017-12-18,98.0,99.949997,97.599998,99.309998,89.02198,3005500
2017-12-19,99.800003,99.889999,98.660004,98.739998,88.511078,2461400
2017-12-20,99.43,99.43,98.309998,98.589996,88.376587,2031200
2017-12-21,98.800003,99.730003,98.709999,99.519997,89.210236,1581800
2017-12-22,100.0,101.43,99.620003,100.5,90.08873,2065500
2017-12-26,100.300003,100.599998,99.269997,99.919998,89.568817,1170700
2017-12-27,99.629997,99.910004,99.220001,99.75,89.416397,1183700
2017-12-28,100.089996,100.580002,99.639999,100.300003,89.909462,1040900
2017-12-29,100.629997,100.629997,99.559998,99.580002,89.264023,1119400
2018-01-02,100.080002,100.199997,98.760002,99.610001,89.290924,1663700
2018-01-03,99.5,99.779999,98.75,99.440002,89.138542,2323700
2018-01-04,100.360001,102.160004,99.690002,101.419998,90.913414,2149100
2018-01-05,101.580002,101.699997,100.739998,101.43,90.922386,2058500
2018-01-08,101.419998,101.449997,100.510002,100.800003,90.357651,1763400
2018-01-09,101.050003,101.970001,100.639999,101.690002,91.155449,2164200
2018-01-10,101.690002,103.699997,101.300003,103.139999,92.455238,2620600
2018-01-11,103.489998,104.459999,102.900002,104.419998,93.602623,2177700
2018-01-12,104.919998,106.400002,104.559998,105.43,94.508011,2298000
2018-01-16,106.0,106.470001,103.739998,104.419998,93.602623,2675500
2018-01-17,105.010002,105.540001,103.25,104.389999,93.575752,2287300
2018-01-18,104.43,104.639999,103.129997,103.410004,92.697258,2637800
2018-01-19,102.699997,104.410004,102.110001,104.379997,93.56678,2928900
2018-01-22,104.330002,105.540001,103.75,105.489998,94.561798,2407000
2018-01-23,105.199997,105.919998,103.870003,105.709999,94.759003,2904100
2018-01-24,104.25,106.5,104.029999,105.260002,94.355614,4170600
2018-01-25,105.559998,105.900002,103.690002,104.260002,93.459221,2615700
2018-01-26,104.68,104.980003,103.650002,104.900002,94.032913,3036500
2018-01-29,104.540001,105.769997,104.339996,104.599998,93.763977,2258000
2018-01-30,104.099998,104.910004,103.459999,103.470001,92.751038,1821800
2018-01-31,103.529999,104.459999,103.379997,103.959999,93.190292,2231100
2018-02-01,103.769997,104.75,103.019997,104.720001,93.871544,1754600
2018-02-02,104.32,104.879997,101.510002,101.57,91.047882,1826600
2018-02-05,100.540001,102.07,95.580002,97.0,86.951302,3056400
2018-02-06,94.830002,98.800003,93.139999,98.440002,88.242134,3956900
2018-02-07,97.910004,99.629997,97.889999,98.120003,87.955292,2481300
2018-02-08,98.269997,98.330002,91.599998,91.800003,82.289993,3962500
2018-02-09,92.32,93.5,88.75,92.019997,82.84819,5557800
2018-02-12,93.160004,96.550003,92.919998,95.190002,85.702232,2766500
2018-02-13,94.599998,95.510002,93.660004,95.309998,85.81028,2109200
2018-02-14,94.599998,97.470001,94.599998,97.379997,87.673958,2506000
2018-02-15,98.290001,99.32,97.279999,98.669998,88.835373,2089200
2018-02-16,98.269997,100.269997,98.18,99.529999,89.609673,2136000
2018-02-20,98.769997,99.760002,98.080002,98.459999,88.646309,2388500
2018-02-21,97.980003,99.07,97.360001,97.389999,87.682961,2833800
2018-02-22,97.970001,98.550003,96.43,96.669998,87.034737,1731200
2018-02-23,97.360001,99.059998,97.080002,99.040001,89.168518,1351900
2018-02-26,99.190002,100.779999,98.800003,100.75,90.708061,2104700
2018-02-27,100.510002,101.669998,99.220001,99.25,89.357567,1797100
2018-02-28,99.980003,100.480003,97.900002,97.93,88.169159,1511300
2018-03-01,98.010002,99.099998,95.870003,96.510002,86.890678,2135900
2018-03-02,95.860001,96.910004,94.269997,96.720001,87.079765,1878600
2018-03-05,96.059998,98.18,95.599998,97.900002,88.142128,2321700
2018-03-06,98.470001,98.470001,96.580002,98.040001,88.268173,1768300
2018-03-07,96.709999,97.809998,96.239998,97.629997,87.89904,2099600
2018-03-08,98.220001,98.389999,96.629997,98.150002,88.36721,2161800
2018-03-09,99.010002,100.900002,98.910004,100.790001,90.744064,1880200
2018-03-12,100.760002,101.190002,100.150002,100.459999,90.44696,1745300
2018-03-13,101.029999,101.440002,98.43,98.82,88.970428,2115600
2018-03-14,99.459999,99.599998,96.690002,97.199997,87.511902,1992800
2018-03-15,97.839996,99.25,97.610001,98.050003,88.277191,1971900
2018-03-16,98.32,100.339996,98.089996,99.360001,89.456619,2735700
2018-03-19,99.040001,99.360001,97.129997,98.650002,88.817368,1654600
2018-03-20,98.940002,99.519997,98.360001,98.669998,88.835373,1270900
2018-03-21,98.779999,99.839996,98.029999,98.18,88.394226,1437000
2018-03-22,97.0,97.400002,94.349998,94.650002,85.216064,2300400
2018-03-23,94.959999,95.599998,92.389999,92.389999,83.181313,3220800
2018-03-26,94.110001,95.239998,92.660004,95.07,85.594208,2854200
2018-03-27,95.599998,96.349998,92.790001,93.620003,84.288734,2037400
2018-03-28,93.849998,95.25,93.209999,94.269997,84.873924,2026300
2018-03-29,94.699997,96.449997,94.360001,95.82,86.269447,2922300
2018-04-02,95.529999,95.730003,92.120003,93.75,84.405777,2824200
2018-04-03,94.260002,95.839996,93.75,95.440002,85.927322,2715300
2018-04-04,93.629997,96.580002,93.580002,96.349998,86.74662,2038700
2018-04-05,97.309998,98.07,96.790001,97.519997,87.800003,1996300
2018-04-06,96.730003,97.18,93.800003,94.720001,85.279091,3041900
2018-04-09,95.480003,97.599998,95.169998,95.5,85.981346,1689800
2018-04-10,96.629997,97.339996,95.900002,96.82,87.169785,2031000
2018-04-11,95.879997,96.790001,95.190002,95.349998,85.846291,1668500
2018-04-12,96.32,97.599998,96.290001,96.879997,87.223793,2345600
2018-04-13,97.910004,98.360001,95.93,96.389999,86.782623,1999700
2018-04-16,97.459999,97.68,96.510002,96.900002,87.241798,2300000
2018-04-17,97.699997,98.220001,97.18,97.480003,87.764,2569500
2018-04-18,97.860001,98.690002,97.050003,97.139999,87.457878,1873400
2018-04-19,97.260002,98.720001,97.260002,98.349998,88.547264,2431400
2018-04-20,98.580002,99.080002,97.389999,97.980003,88.214172,2121500
2018-04-23,98.169998,98.389999,96.830002,97.5,87.78199,2390300
2018-04-24,98.18,99.150002,96.459999,97.419998,87.709969,2660500
2018-04-25,94.050003,95.080002,91.669998,92.760002,83.514465,6256700
2018-04-26,92.900002,93.279999,91.470001,91.660004,82.524078,4205100
2018-04-27,91.690002,92.540001,91.199997,91.720001,82.57811,2252600
2018-04-30,92.139999,92.650002,90.589996,90.620003,81.587746,2627300
2018-05-01,90.349998,90.540001,88.800003,89.669998,80.732445,3944200
2018-05-02,89.830002,90.330002,88.970001,89.18,80.291283,3184200
2018-05-03,88.830002,88.830002,86.949997,87.919998,79.15686,4507600
2018-05-04,87.339996,89.82,86.970001,89.059998,80.183235,2138200
2018-05-07,89.25,89.550003,88.529999,88.919998,80.057182,2371600
2018-05-08,89.720001,95.879997,89.720001,90.18,81.191597,6228900
2018-05-09,90.919998,92.279999,90.540001,92.110001,82.92923,2495600
2018-05-10,92.110001,93.230003,91.519997,92.669998,83.433411,3154900
2018-05-11,92.309998,93.550003,92.080002,92.629997,83.758949,2217300
2018-05-14,93.040001,93.519997,92.75,93.190002,84.265305,2108500
2018-05-15,93.0,95.730003,93.0,94.650002,85.585487,3078400
2018-05-16,94.68,96.739998,94.5,95.75,86.580132,4249400
2018-05-17,95.940002,97.199997,95.160004,96.739998,87.475311,2221000
2018-05-18,96.57,96.980003,96.199997,96.43,87.195007,2169700
2018-05-21,97.330002,97.870003,96.43,96.540001,87.294472,2874200
2018-05-22,96.57,97.260002,96.519997,96.739998,87.475311,2812500
2018-05-23,96.169998,96.470001,94.839996,95.669998,86.50779,2381400
2018-05-24,95.120003,95.699997,93.82,95.330002,86.200371,2797300
2018-05-25,95.160004,95.330002,94.269997,94.809998,85.730179,1487600
2018-05-29,93.480003,93.480003,90.75,91.660004,82.881828,2169000
2018-05-30,92.370003,93.43,92.059998,93.209999,84.283401,2394200
2018-05-31,93.050003,94.239998,92.470001,94.0,84.997719,3516300
2018-06-01,94.940002,95.279999,94.129997,94.769997,85.693993,1758400
2018-06-04,95.379997,95.699997,95.019997,95.440002,86.299828,1784600
2018-06-05,94.879997,95.129997,93.379997,94.349998,85.314209,1750200
2018-06-06,94.690002,96.519997,94.639999,96.459999,87.22213,2230900
2018-06-07,96.900002,97.82,96.199997,96.760002,87.493408,2101800
2018-06-08,96.610001,97.07,95.639999,96.970001,87.683296,1851900
2018-06-11,97.089996,97.529999,96.199997,96.260002,87.041298,1759900
2018-06-12,96.599998,96.669998,95.580002,96.269997,87.050331,1983800
2018-06-13,96.470001,97.209999,95.879997,96.010002,86.815231,1672300
2018-06-14,97.68,98.25,95.889999,96.279999,87.059387,3146000
2018-06-15,97.169998,97.639999,96.400002,97.260002,87.945518,4260500
2018-06-18,96.370003,97.510002,95.889999,97.43,88.099236,1643600
2018-06-19,96.080002,96.529999,95.68,96.339996,87.113632,2640400
2018-06-20,97.099998,97.360001,95.620003,95.699997,86.53492,2402000
2018-06-21,95.220001,95.949997,94.099998,95.260002,86.137062,1806500
2018-06-22,96.129997,96.199997,94.93,95.010002,85.911018,1967100
2018-06-25,94.599998,94.970001,93.580002,94.480003,85.431778,1750200
2018-06-26,94.68,94.68,93.279999,93.739998,84.762634,1511800
2018-06-27,93.589996,94.379997,92.309998,92.330002,83.487679,2520400
2018-06-28,92.32,92.830002,91.519997,92.449997,83.596169,1444800
2018-06-29,93.25,93.739998,91.860001,91.900002,83.098846,2288800
2018-07-02,92.220001,93.860001,91.93,93.779999,84.798805,2460400
2018-07-03,93.989998,94.160004,92.839996,92.940002,84.039238,871100
2018-07-05,93.489998,93.5,92.480003,92.660004,83.786064,1447700
2018-07-06,92.610001,93.43,92.019997,92.900002,84.00309,1359100
2018-07-09,94.900002,96.809998,93.790001,96.559998,87.312576,3123300
2018-07-10,96.739998,97.120003,95.639999,96.010002,86.815231,1518700
2018-07-11,95.0,95.889999,95.0,95.32,86.191315,1264400
2018-07-12,95.989998,96.449997,95.080002,95.239998,86.11898,2539100
2018-07-13,94.949997,95.199997,93.559998,94.589996,85.531227,1952700
2018-07-16,94.660004,96.0,94.660004,95.910004,86.724831,1751300
2018-07-17,96.099998,96.699997,95.669998,95.980003,86.788116,1698700
2018-07-18,95.910004,97.239998,95.800003,97.089996,87.791817,1869900
2018-07-19,95.949997,96.699997,94.349998,95.370003,86.236519,2705600
2018-07-20,98.360001,99.190002,97.059998,97.230003,87.918396,5853400
2018-07-23,97.290001,99.669998,97.269997,99.349998,89.835365,2986100
2018-07-24,100.0,100.279999,98.540001,98.959999,89.482719,3388800
2018-07-25,99.040001,99.110001,97.629997,98.919998,89.446556,2065000
2018-07-26,99.120003,99.529999,96.339996,96.480003,87.240227,5637400
2018-07-27,96.739998,98.5,94.339996,94.470001,85.422722,4732600
2018-07-30,94.5,95.849998,93.660004,93.769997,84.789757,2974400
2018-07-31,94.330002,94.580002,93.459999,94.32,85.287102,3616500
2018-08-01,94.510002,95.709999,94.510002,95.190002,86.073761,3479700
2018-08-02,94.57,95.870003,94.290001,95.769997,86.598221,2026000
2018-08-03,95.540001,96.760002,95.360001,96.68,87.78775,1916900
2018-08-06,96.519997,97.010002,95.879997,96.529999,87.651543,1662300
2018-08-07,96.790001,97.980003,96.57,97.309998,88.359779,2465300
2018-08-08,97.260002,97.870003,97.010002,97.629997,88.650345,1601100
2018-08-09,97.5,98.110001,97.349998,97.620003,88.641281,1276800
2018-08-10,96.639999,96.959999,95.889999,96.099998,87.261101,1810900
2018-08-13,96.120003,96.779999,95.75,95.809998,86.997749,1518100
2018-08-14,96.059998,98.230003,96.059998,97.800003,88.804718,1950800
2018-08-15,96.879997,97.57,96.300003,97.260002,88.314384,2441500
2018-08-16,97.900002,99.279999,97.559998,98.919998,89.821724,2112000
2018-08-17,98.889999,99.440002,98.610001,99.169998,90.048714,1448500
2018-08-20,99.0,100.0,98.959999,99.889999,90.702492,1982500
2018-08-21,99.82,101.18,99.440002,100.489998,91.247314,2105800
2018-08-22,100.389999,100.879997,100.040001,100.449997,91.210983,1147300
2018-08-23,100.550003,100.550003,99.300003,99.540001,90.384697,1631400
2018-08-24,100.0,100.0,99.32,99.459999,90.312042,1046500
2018-08-27,100.0,101.260002,99.849998,100.900002,91.619606,1557000
2018-08-28,101.019997,101.089996,100.32,100.540001,91.292709,1453700
2018-08-29,100.769997,100.769997,99.940002,100.139999,90.929497,1758400
2018-08-30,99.949997,99.949997,99.110001,99.25,90.121353,1337600
2018-08-31,98.760002,99.190002,98.489998,99.089996,89.976059,1990200
2018-09-04,99.239998,99.989998,98.709999,99.830002,90.648018,1875400
2018-09-05,99.900002,100.889999,99.690002,99.849998,90.666176,2303600
2018-09-06,99.849998,100.150002,98.139999,98.150002,89.122513,1759400
2018-09-07,98.330002,98.639999,97.75,98.370003,89.322311,1798200
2018-09-10,98.800003,99.400002,98.43,98.470001,89.413101,1394500
2018-09-11,98.160004,99.199997,97.940002,98.629997,89.558403,1686300
2018-09-12,98.629997,98.949997,97.339996,97.410004,88.4506,1791800
2018-09-13,97.559998,98.199997,96.93,97.0,88.0783,2288400
2018-09-14,97.269997,98.230003,97.209999,97.989998,88.977226,2333200
2018-09-17,97.959999,98.519997,97.07,97.099998,88.169098,1945900
2018-09-18,97.510002,97.68,96.93,97.029999,88.105545,3039500
2018-09-19,97.25,99.32,97.220001,98.959999,89.858032,5684200
2018-09-20,100.080002,100.550003,99.110001,99.260002,90.130447,2624600
2018-09-21,99.480003,100.050003,98.870003,99.010002,89.903435,4900600
2018-09-24,99.099998,99.290001,97.220001,97.629997,88.650345,1980000
2018-09-25,97.790001,97.959999,96.940002,97.470001,88.505066,3388500
2018-09-26,98.089996,98.089996,95.970001,96.190002,87.342812,3195700
2018-09-27,96.129997,96.239998,94.949997,95.459999,86.679932,2278200
2018-09-28,94.830002,95.709999,94.580002,94.93,86.198669,2708400
2018-10-01,95.580002,96.290001,94.690002,94.949997,86.216858,2703200
2018-10-02,95.150002,95.919998,94.650002,95.529999,86.743492,1987000
2018-10-03,96.190002,97.32,95.889999,96.730003,87.833145,2660600
2018-10-04,96.75,98.139999,95.889999,96.629997,87.74234,2829700
2018-10-05,97.129997,97.25,95.75,96.059998,87.22477,1986400
2018-10-08,95.75,96.910004,94.940002,96.43,87.560738,2694300
2018-10-09,96.190002,96.589996,95.480003,96.0,87.170265,2081600
2018-10-10,96.199997,96.779999,93.510002,93.57,84.963768,2803900
2018-10-11,93.089996,93.68,90.889999,90.940002,82.575676,2957800
2018-10-12,92.900002,93.269997,89.339996,90.790001,82.439491,3555300
2018-10-15,90.589996,91.370003,89.900002,90.550003,82.221542,2461600
2018-10-16,91.010002,91.809998,89.970001,91.629997,83.202209,1851400
2018-10-17,91.550003,92.290001,90.370003,91.480003,83.066017,2393100
2018-10-18,91.25,92.300003,90.099998,90.349998,82.039925,2089200
2018-10-19,90.400002,92.269997,90.07,91.629997,83.202209,2299800
2018-10-22,91.07,91.870003,88.510002,88.540001,80.396416,2656000
2018-10-23,86.809998,87.449997,85.510002,87.040001,79.034386,6864400
2018-10-24,88.489998,90.300003,85.669998,85.860001,77.962929,6766200
2018-10-25,86.639999,89.050003,86.099998,88.269997,80.151245,4032900
2018-10-26,87.25,87.489998,84.940002,85.75,77.863045,3918000
2018-10-29,86.760002,88.160004,85.139999,86.459999,78.507721,4185200
2018-10-30,86.849998,87.93,85.949997,87.839996,79.760796,2824700
2018-10-31,88.860001,90.230003,88.620003,89.300003,81.086533,3450300
2018-11-01,89.309998,89.860001,88.769997,89.300003,81.086533,2128800
2018-11-02,89.300003,89.849998,86.860001,87.269997,79.243225,4372900
2018-11-05,87.690002,88.610001,87.690002,88.050003,79.951477,4166800
2018-11-06,87.849998,89.440002,87.650002,89.18,80.977585,2894800
2018-11-07,89.739998,90.690002,88.580002,90.540001,82.212448,2045400
2018-11-08,89.900002,91.480003,89.800003,90.860001,82.869156,1814400
2018-11-09,90.269997,90.989998,89.870003,90.400002,82.449608,1755400
2018-11-12,90.449997,90.889999,88.93,89.120003,81.282173,1749800
2018-11-13,89.580002,90.959999,89.330002,89.900002,81.993584,2026300
2018-11-14,90.769997,91.440002,88.0,88.919998,81.09977,2414700
2018-11-15,88.239998,89.489998,87.529999,89.160004,81.318642,2886000
2018-11-16,88.519997,88.769997,87.43,87.639999,79.93235,3519700
2018-11-19,87.919998,88.190002,86.830002,87.730003,80.01442,2202000
2018-11-20,87.230003,87.360001,85.510002,86.010002,78.445694,2790400
2018-11-21,86.220001,87.730003,85.709999,86.440002,78.837868,1859700
2018-11-23,85.75,86.480003,85.32,85.629997,78.099113,723000
2018-11-26,86.860001,88.339996,86.610001,87.970001,80.233299,2682900
2018-11-27,87.800003,88.610001,87.480003,88.190002,80.433968,1806000
2018-11-28,88.529999,90.410004,87.650002,90.410004,82.45871,2448300
2018-11-29,89.580002,89.93,88.440002,88.870003,81.054169,2118400
2018-11-30,88.510002,89.870003,88.410004,89.68,81.792931,2488400
2018-12-03,90.669998,91.599998,89.120003,90.470001,82.513428,2360400
2018-12-04,90.110001,90.190002,84.309998,84.889999,77.424164,3617600
2018-12-06,83.18,84.68,81.849998,84.610001,77.168793,3904400
2018-12-07,84.540001,85.639999,81.889999,82.669998,75.399445,2660900
2018-12-10,83.110001,83.260002,80.32,82.449997,75.198776,3234600
2018-12-11,83.620003,83.849998,80.889999,81.360001,74.204643,2243800
2018-12-12,82.559998,83.32,81.720001,82.040001,74.824852,2151300
2018-12-13,82.089996,82.389999,80.010002,80.389999,73.319946,2261500
2018-12-14,79.57,81.230003,78.529999,78.730003,71.805946,3657600
2018-12-17,78.309998,78.849998,76.459999,76.910004,70.146011,4669300
2018-12-18,77.790001,78.139999,75.290001,76.209999,69.507576,3592700
2018-12-19,76.019997,77.449997,74.080002,74.669998,68.103004,3585000
2018-12-20,74.279999,75.349998,73.760002,74.489998,67.938843,4242800
2018-12-21,74.169998,75.959999,72.0,72.389999,66.023544,4942500
2018-12-24,71.279999,72.889999,70.75,70.779999,64.55513,1749800
2018-12-26,71.050003,74.410004,69.900002,74.410004,67.865883,3156200
2018-12-27,73.110001,74.989998,72.080002,74.989998,68.394859,3261300
2018-12-28,75.440002,75.989998,74.230003,74.660004,68.093903,2481000
2018-12-31,74.989998,75.699997,74.379997,75.589996,68.942108,2542900
2019-01-02,74.489998,77.360001,74.389999,77.260002,70.465233,3290800
2019-01-03,76.599998,77.480003,75.980003,76.160004,69.461983,3599200
2019-01-04,77.68,79.610001,77.660004,79.540001,72.544716,2851300
2019-01-07,79.190002,80.5,78.650002,79.980003,72.946007,2665400
2019-01-08,80.669998,81.160004,78.900002,80.019997,72.982498,3117700
2019-01-09,80.699997,80.93,79.790001,80.57,73.484116,1903900
2019-01-10,80.0,80.379997,79.57,79.949997,72.918648,3485200
2019-01-11,79.370003,81.029999,79.040001,80.940002,73.821587,1832300
2019-01-14,80.209999,81.650002,79.919998,81.400002,74.241119,2452900
2019-01-15,81.0,81.629997,80.519997,81.519997,74.350578,2829300
2019-01-16,82.400002,84.309998,82.160004,83.620003,76.265884,3767800
2019-01-17,83.199997,84.059998,82.230003,83.650002,76.293243,2312200
2019-01-18,83.889999,85.25,82.940002,84.970001,77.497154,2671600
2019-01-22,84.0,84.160004,82.800003,83.400002,76.065231,4800800
2019-01-23,79.769997,80.580002,77.709999,78.199997,71.322556,8586700
2019-01-24,78.199997,80.839996,78.199997,80.18,73.128426,5529200
2019-01-25,80.980003,81.300003,79.540001,79.620003,72.617683,3486900
2019-01-28,78.739998,79.550003,78.440002,79.480003,72.489983,3848600
2019-01-29,79.599998,80.0,78.879997,79.559998,72.56295,2454200
2019-01-30,79.900002,81.25,79.190002,80.879997,73.766846,2720900
2019-01-31,80.279999,80.809998,79.900002,80.589996,73.502357,3220200
2019-02-01,80.940002,81.339996,80.43,80.879997,73.766846,2438600
2019-02-04,80.849998,81.620003,80.300003,81.389999,74.232002,3282300
2019-02-05,81.559998,81.599998,80.5,80.860001,73.748619,2305700
2019-02-06,80.68,81.199997,79.589996,80.139999,73.091942,3552900
2019-02-07,79.910004,80.029999,78.360001,79.029999,72.079575,3395600
2019-02-08,77.910004,78.589996,76.82,77.830002,71.34623,3187500
2019-02-11,78.080002,78.400002,77.75,78.040001,71.538719,2649200
2019-02-12,78.82,80.32,78.760002,79.790001,73.142929,2113800
2019-02-13,80.080002,80.639999,79.75,79.989998,73.326279,1809800
2019-02-14,79.449997,80.470001,78.519997,79.610001,72.977936,2087800
2019-02-15,80.269997,81.709999,80.059998,81.57,74.774628,2704700
2019-02-19,81.550003,82.580002,81.139999,82.199997,75.352142,2952500
2019-02-20,82.410004,82.82,81.82,82.720001,75.828842,2167500
2019-02-21,82.980003,82.980003,81.620003,82.07,75.232986,1736900
2019-02-22,82.07,82.440002,81.019997,81.199997,74.435471,2096600
2019-02-25,81.989998,82.629997,81.389999,81.419998,74.637146,2514300
2019-02-26,81.160004,81.669998,80.25,80.900002,74.160439,2682600
2019-02-27,80.709999,82.330002,80.5,82.260002,75.407166,2676400
2019-02-28,82.43,83.870003,81.910004,83.580002,76.617203,4649900
2019-03-01,84.0,85.480003,83.809998,84.260002,77.240532,3081600
2019-03-04,84.290001,84.919998,82.510002,83.309998,76.36969,2918400
2019-03-05,83.300003,83.57,81.660004,82.970001,76.058014,1963800
2019-03-06,82.760002,83.459999,82.489998,82.510002,75.63633,1713300
2019-03-07,82.220001,82.290001,80.809998,81.279999,74.508789,3035600
2019-03-08,80.440002,81.43,80.080002,81.370003,74.591301,2111600
2019-03-11,81.959999,83.260002,81.860001,82.849998,75.948013,2926600
2019-03-12,82.989998,84.029999,82.739998,82.949997,76.039688,2153200
2019-03-13,83.360001,84.330002,83.199997,83.739998,76.763855,1779500
2019-03-14,83.620003,83.949997,83.190002,83.209999,76.278008,1794900
2019-03-15,83.110001,84.519997,82.93,84.330002,77.304726,2993500
2019-03-18,84.540001,85.620003,84.370003,84.900002,77.827232,2529600
2019-03-19,85.379997,85.870003,84.160004,84.410004,77.378052,2342100
2019-03-20,84.129997,84.230003,82.790001,82.949997,76.039688,2462100
2019-03-21,82.199997,83.510002,81.480003,82.889999,75.98468,2569500
2019-03-22,82.139999,82.269997,79.68,80.0,73.335442,3119800
2019-03-25,79.860001,80.489998,78.449997,79.360001,72.748756,2327500
2019-03-26,80.0,80.68,79.419998,80.660004,73.940445,1668600
2019-03-27,80.379997,80.970001,79.82,80.07,73.399597,1902000
2019-03-28,80.330002,81.059998,80.050003,80.959999,74.215454,1268600
2019-03-29,81.739998,82.330002,81.419998,81.690002,74.884636,2945600
2019-04-01,82.349998,84.879997,82.269997,84.480003,77.442215,3036500
2019-04-02,84.5,85.57,84.010002,84.68,77.625542,2342100
2019-04-03,85.110001,86.199997,84.93,85.309998,78.203064,2852600
2019-04-04,85.519997,86.739998,85.120003,86.699997,79.477272,2137200
2019-04-05,87.0,87.25,85.900002,86.540001,79.33062,1554000
2019-04-08,85.800003,86.139999,85.290001,86.040001,78.872261,2023200
2019-04-09,85.5,85.709999,84.589996,85.099998,78.010551,1212100
2019-04-10,85.269997,85.779999,84.529999,85.629997,78.496399,1413200
2019-04-11,86.120003,86.690002,85.620003,86.25,79.064766,1390900
2019-04-12,87.349998,88.690002,86.940002,87.830002,80.513138,1637100
2019-04-15,87.809998,87.949997,86.550003,86.879997,79.642265,1215400
2019-04-16,87.449997,88.349998,87.029999,87.910004,80.586464,1888400
2019-04-17,88.099998,88.25,87.300003,87.919998,80.595642,2337000
2019-04-18,87.709999,88.290001,87.5,88.110001,80.769814,1413900
2019-04-22,87.870003,88.230003,87.309998,87.610001,80.311462,1060800
2019-04-23,87.809998,88.639999,87.400002,88.190002,80.843132,1789000
2019-04-24,88.0,88.610001,87.529999,87.790001,80.476471,1759900
2019-04-25,87.709999,88.760002,87.370003,88.050003,80.714798,2135600
2019-04-26,90.699997,94.139999,90.699997,93.730003,85.921623,4310300
2019-04-29,93.849998,94.379997,92.279999,92.379997,84.684082,2466400
2019-04-30,93.019997,93.260002,91.580002,92.830002,85.096603,2211300
2019-05-01,92.559998,93.489998,92.239998,92.580002,84.867409,2210800
2019-05-02,92.660004,93.260002,92.150002,92.919998,85.179092,2062700
2019-05-03,93.220001,94.300003,93.120003,94.260002,86.407486,1694500
2019-05-06,92.050003,94.080002,91.879997,93.610001,85.811623,2208400
2019-05-07,92.410004,92.610001,90.900002,91.599998,83.969055,1901500
2019-05-08,91.18,91.650002,90.169998,90.220001,82.704018,2183300
2019-05-09,89.120003,90.349998,88.370003,90.199997,82.685707,2240800
2019-05-10,89.650002,90.769997,88.32,90.389999,83.228966,1348800
2019-05-13,88.489998,88.879997,87.32,87.540001,80.604736,1819400
2019-05-14,88.239998,90.050003,88.099998,89.260002,82.188477,1640700
2019-05-15,88.300003,90.059998,87.239998,89.379997,82.298973,1900000
2019-05-16,89.870003,91.559998,89.870003,90.980003,83.772217,1631000
2019-05-17,90.029999,91.379997,89.93,90.540001,83.367065,1518100
2019-05-20,90.410004,91.879997,90.0,91.379997,84.140518,1460100
2019-05-21,91.970001,92.269997,91.599998,92.199997,84.895554,1859200
2019-05-22,91.660004,92.160004,91.25,91.260002,84.030037,1117200
2019-05-23,90.410004,90.410004,88.599998,89.25,82.179268,1584300
2019-05-24,89.870003,90.879997,89.730003,90.779999,83.588058,1175700
2019-05-28,90.360001,90.910004,88.690002,88.75,81.718887,2016500
2019-05-29,88.220001,89.559998,87.550003,89.440002,82.354218,1605000
2019-05-30,89.550003,90.199997,87.669998,88.349998,81.350563,1376400
2019-05-31,87.220001,87.580002,85.720001,85.870003,79.067024,2785100
2019-06-03,85.980003,87.419998,85.870003,87.080002,80.18119,2050000
2019-06-04,88.370003,89.940002,87.989998,89.919998,82.796188,2047400
2019-06-05,90.0,90.199997,88.519997,89.900002,82.777771,1666600
2019-06-06,89.800003,90.669998,89.610001,90.360001,83.20134,1474500
2019-06-07,90.160004,90.949997,90.040001,90.260002,83.109276,1296200
2019-06-10,90.919998,91.739998,90.360001,90.43,83.265778,1402800
2019-06-11,91.309998,92.239998,90.980003,91.339996,84.103706,1194400
2019-06-12,91.379997,91.709999,90.010002,90.550003,83.376274,1011000
2019-06-13,90.599998,91.440002,90.489998,90.769997,83.578865,1313300
2019-06-14,91.0,91.0,89.580002,90.57,83.394691,1310000
2019-06-17,90.57,91.050003,89.739998,89.949997,82.823822,1416800
2019-06-18,90.0,91.870003,89.900002,91.290001,84.057663,2205600
2019-06-19,91.419998,92.040001,90.220001,90.480003,83.311836,1715500
2019-06-20,91.559998,91.940002,90.5,91.629997,84.37072,1365300
2019-06-21,91.730003,92.360001,90.839996,91.519997,84.26944,3195400
2019-06-24,91.0,91.18,87.989998,88.720001,81.691261,3038200
2019-06-25,88.57,89.720001,88.07,88.82,81.78334,1859200
2019-06-26,89.0,89.709999,88.650002,89.379997,82.298973,1559000
2019-06-27,89.589996,90.389999,88.989998,89.330002,82.252953,1439600
2019-06-28,90.209999,91.089996,89.339996,90.739998,83.551231,3156300
2019-07-01,92.300003,92.830002,91.230003,92.040001,84.748245,1732900
2019-07-02,91.800003,91.970001,90.629997,91.099998,83.882721,1637900
2019-07-03,91.779999,93.0,91.550003,92.989998,85.622978,1297000
2019-07-05,93.0,93.129997,91.949997,92.540001,85.208626,1106900
2019-07-08,92.07,92.459999,91.480003,91.800003,84.527252,1409800
2019-07-09,91.019997,92.459999,91.010002,92.290001,84.978409,1982500
2019-07-10,92.220001,92.650002,90.0,90.160004,83.017181,2495500
2019-07-11,90.610001,91.220001,90.169998,90.709999,83.523598,1492000
2019-07-12,91.110001,91.360001,90.57,91.07,83.855103,1499800
2019-07-15,91.379997,91.379997,89.389999,89.75,82.639648,2104800
2019-07-16,90.150002,90.519997,89.540001,89.93,82.805412,2270400
2019-07-17,89.550003,89.849998,88.150002,88.190002,81.203247,1875000
2019-07-18,88.290001,89.18,87.839996,88.760002,81.728104,2881700
2019-07-19,92.029999,92.139999,90.230003,90.650002,83.468369,4118000
2019-07-22,90.519997,92.209999,90.339996,91.720001,84.453598,2917100
2019-07-23,91.93,94.5,91.800003,94.339996,86.866028,2275600
2019-07-24,94.260002,97.129997,93.739998,96.919998,89.241623,3945000
2019-07-25,96.849998,96.870003,95.550003,95.900002,88.302444,2427700
2019-07-26,95.989998,98.620003,95.589996,98.080002,90.309746,3221300
2019-07-29,98.029999,98.279999,96.589996,96.919998,89.241623,2427900
2019-07-30,91.480003,92.0,89.290001,91.209999,83.983994,12268200
2019-07-31,91.300003,93.410004,90.940002,92.419998,85.098114,5102800
2019-08-01,92.419998,93.650002,91.07,91.300003,84.066864,3517000
2019-08-02,90.699997,90.699997,88.279999,89.849998,83.095795,2802100
2019-08-05,88.18,88.580002,85.849998,86.620003,80.108589,3189100
2019-08-06,87.150002,88.419998,85.889999,88.300003,81.662315,2810000
2019-08-07,86.529999,88.199997,85.360001,87.949997,81.338623,2824500
2019-08-08,88.400002,89.470001,87.940002,88.760002,82.087746,2597700
2019-08-09,88.370003,88.599998,87.220001,87.709999,81.116646,2000800
2019-08-12,86.650002,87.089996,85.309998,85.690002,79.24852,1983000
2019-08-13,85.510002,87.949997,85.330002,87.209999,80.654243,3063400
2019-08-14,85.209999,85.769997,83.400002,83.449997,77.176895,3022600
2019-08-15,83.940002,85.080002,83.269997,83.669998,77.380356,2113900
2019-08-16,84.510002,85.769997,83.269997,85.5,79.072792,1797000
2019-08-19,86.849998,87.449997,86.25,86.970001,80.432304,2066400
2019-08-20,86.529999,86.650002,85.110001,85.220001,78.813835,1838000
2019-08-21,86.360001,86.580002,85.779999,86.019997,79.553719,1073200
2019-08-22,86.239998,86.800003,85.239998,85.730003,79.285507,2074700
2019-08-23,85.120003,85.889999,82.68,83.110001,76.86245,2172400
2019-08-26,83.550003,84.32,83.150002,84.279999,77.944496,1428900
2019-08-27,84.82,85.029999,82.629997,83.110001,76.86245,1927800
2019-08-28,82.760002,84.860001,82.669998,84.589996,78.231201,1818500
2019-08-29,85.629997,86.620003,85.550003,86.220001,79.738686,1861600
2019-08-30,86.889999,87.269997,86.209999,86.620003,80.108589,1879100
2019-09-03,85.75,86.0,84.470001,85.349998,78.934067,2647500
2019-09-04,86.25,86.470001,85.349998,85.959999,79.498222,2334300
2019-09-05,86.980003,88.900002,86.82,88.32,81.680809,1872600
2019-09-06,88.419998,88.68,87.790001,88.190002,81.560577,1594200
2019-09-09,88.980003,91.349998,88.769997,90.959999,84.122337,2531200
2019-09-10,91.349998,92.459999,90.800003,91.830002,84.926949,2184500
2019-09-11,91.830002,92.099998,90.120003,92.089996,85.167389,1921800
2019-09-12,91.849998,93.209999,91.010002,92.910004,85.925751,3212000
2019-09-13,93.919998,94.660004,93.120003,93.620003,86.582405,1787700
2019-09-16,92.889999,94.389999,92.650002,94.339996,87.24826,2402100
2019-09-17,94.120003,94.190002,92.769997,93.830002,86.776619,1887900
2019-09-18,93.440002,94.260002,92.510002,93.900002,86.841354,1450300
2019-09-19,93.860001,94.730003,93.25,93.269997,86.258713,1373500
2019-09-20,93.330002,94.190002,92.730003,92.739998,85.768555,2808200
2019-09-23,92.07,93.18,91.720001,92.849998,85.870277,1696800
2019-09-24,93.220001,93.32,90.919998,91.349998,84.483025,3304700
2019-09-25,91.239998,91.949997,90.230003,91.290001,84.427551,2124000
2019-09-26,91.419998,91.940002,90.800003,91.129997,84.279572,1621600
2019-09-27,91.800003,92.260002,90.760002,91.339996,84.473785,1357200
2019-09-30,91.849998,91.849998,90.860001,90.980003,84.140862,1619300
2019-10-01,91.68,92.099998,88.870003,89.07,82.374428,1491600
2019-10-02,88.120003,88.150002,85.919998,86.25,79.766418,2300100
2019-10-03,86.099998,86.290001,83.730003,85.830002,79.377991,2507000
2019-10-04,85.93,87.379997,85.669998,87.32,80.755974,2008800
2019-10-07,86.989998,87.949997,86.860001,86.879997,80.349045,1330800
2019-10-08,85.699997,86.5,84.360001,84.400002,78.055496,1895700
2019-10-09,85.169998,86.150002,85.019997,85.690002,79.24852,1645700
2019-10-10,85.900002,87.809998,85.739998,87.029999,80.487785,1648100
2019-10-11,88.510002,90.400002,88.269997,88.82,82.143234,2472300
2019-10-14,88.519997,89.32,88.300003,88.610001,81.949013,1836600
2019-10-15,89.040001,90.75,88.279999,90.129997,83.354744,1542200
2019-10-16,90.110001,91.139999,89.790001,89.940002,83.179031,2181300
2019-10-17,90.540001,91.089996,89.580002,90.010002,83.243774,1385100
2019-10-18,89.919998,90.519997,89.57,89.800003,83.049561,2182300
2019-10-21,90.709999,91.720001,90.57,91.32,84.455299,1301900
2019-10-22,91.129997,92.559998,90.739998,92.160004,85.232155,2162500
2019-10-23,91.900002,92.860001,91.809998,92.790001,85.814796,1986800
2019-10-24,92.849998,93.129997,91.290001,91.980003,85.065689,2205600
2019-10-25,91.5,93.440002,90.459999,93.25,86.240204,2764600
2019-10-28,93.360001,95.389999,93.360001,95.169998,88.015877,2846100
2019-10-29,94.730003,95.639999,93.970001,94.459999,87.359261,2367700
2019-10-30,94.639999,94.830002,93.32,94.529999,87.423988,1802900
2019-10-31,93.949997,94.68,92.480003,93.25,86.240204,2472300
2019-11-01,94.349998,95.400002,93.940002,95.25,88.089859,2315000
2019-11-04,95.790001,96.18,95.360001,96.169998,88.940697,2160800
2019-11-05,96.75,97.519997,96.440002,97.300003,89.985771,2509000
2019-11-06,97.32,97.489998,96.720001,97.040001,89.745316,2462100
2019-11-07,97.919998,99.620003,97.480003,97.699997,90.35569,3205800
2019-11-08,97.260002,97.489998,96.120003,97.260002,90.318565,2094000
2019-11-11,96.519997,97.309998,96.470001,97.010002,90.086388,1921000
2019-11-12,97.110001,97.410004,96.580002,97.209999,90.272118,2581100
2019-11-13,96.370003,96.889999,95.870003,96.309998,89.436348,1267800
2019-11-14,96.110001,96.870003,96.019997,96.639999,89.742798,1368400
2019-11-15,97.309998,97.629997,96.860001,97.379997,90.429993,1758300
2019-11-18,97.43,97.43,96.82,97.199997,90.26281,2575500
2019-11-19,97.599998,97.690002,96.709999,97.07,90.14212,1769300
2019-11-20,96.5,97.349998,95.93,96.510002,89.622063,2526900
2019-11-21,96.910004,97.209999,96.0,96.769997,89.863525,1646600
2019-11-22,97.25,98.330002,96.919998,98.099998,91.09861,2515200
2019-11-25,98.279999,99.989998,98.239998,99.860001,92.732979,2201000
2019-11-26,99.540001,99.809998,98.360001,99.220001,92.138657,2553700
2019-11-27,99.129997,100.290001,99.129997,100.25,93.095154,1402800
2019-11-29,99.830002,100.349998,99.519997,100.010002,92.872292,1115500
2019-12-02,100.330002,100.639999,99.099998,99.230003,92.147957,1750200
2019-12-03,98.099998,98.349998,96.629997,98.169998,91.163597,2905500
2019-12-04,98.110001,99.489998,98.019997,99.25,92.166534,2046800
2019-12-05,99.5,100.25,99.139999,99.57,92.463692,1795800
2019-12-06,100.849998,101.839996,100.650002,101.379997,94.144516,1996400
2019-12-09,101.389999,102.559998,101.25,102.209999,94.915268,2036800
2019-12-10,102.019997,102.57,101.800003,102.419998,95.110291,3155100
2019-12-11,102.5,102.900002,101.279999,101.43,94.190933,1990800
2019-12-12,101.349998,104.540001,101.309998,104.029999,96.605385,2237200
2019-12-13,103.910004,104.949997,102.959999,104.370003,96.921112,1858500
2019-12-16,105.0,105.699997,103.330002,103.330002,95.955345,2756900
2019-12-17,103.900002,104.629997,103.550003,104.339996,96.893234,1655800
2019-12-18,104.599998,104.599998,103.839996,104.18,96.744675,2300700
2019-12-19,104.080002,104.339996,103.129997,103.379997,96.001762,2134500
2019-12-20,104.089996,104.489998,103.190002,103.370003,95.992485,3070000
2019-12-23,103.370003,103.370003,102.470001,102.93,95.583885,1333800
2019-12-24,103.059998,103.25,102.529999,102.949997,95.602448,326200
2019-12-26,103.160004,103.510002,102.879997,103.480003,96.094635,1124300
2019-12-27,103.629997,103.739998,102.790001,103.0,95.64888,840300
2019-12-30,103.389999,103.449997,102.489998,102.639999,95.314575,961100
2019-12-31,102.459999,103.059998,102.379997,102.910004,95.565315,1472800
2020-01-02,103.410004,103.620003,102.300003,103.610001,96.215347,1603000
2020-01-03,101.980003,102.519997,101.32,102.0,94.720253,1450100
2020-01-06,100.879997,101.129997,100.059998,101.080002,93.865929,1526300
2020-01-07,100.199997,100.699997,99.830002,100.080002,92.937294,1978200
2020-01-08,100.510002,101.550003,100.269997,101.139999,93.921638,2194600
2020-01-09,101.989998,102.779999,101.419998,102.510002,95.193855,1825500
2020-01-10,102.449997,102.620003,101.160004,101.550003,94.302368,1167900
2020-01-13,101.690002,102.050003,101.300003,101.910004,94.636688,1159900
2020-01-14,101.900002,103.57,101.860001,102.559998,95.24028,2251900
2020-01-15,101.779999,102.82,101.449997,102.339996,95.03598,1745400
2020-01-16,102.989998,103.480003,102.32,102.919998,95.574585,4126500
2020-01-17,103.099998,104.470001,103.010002,104.129997,96.69825,2680100
2020-01-21,103.300003,103.739998,102.190002,102.190002,94.896713,3077400
2020-01-22,105.0,107.589996,104.550003,106.760002,99.140541,5725700
2020-01-23,106.419998,106.550003,105.199997,106.029999,98.462639,2110400
2020-01-24,105.379997,105.959999,103.389999,104.300003,96.85611,2528100
2020-01-27,101.43,102.110001,100.589996,101.160004,93.940216,2447500
2020-01-28,102.089996,103.330002,101.339996,102.040001,94.757408,1990500
2020-01-29,102.360001,102.830002,101.129997,101.199997,93.977325,1883900
2020-01-30,100.160004,102.290001,99.610001,102.169998,94.87812,2176700
2020-01-31,101.279999,101.690002,99.209999,99.800003,92.677269,2637300
2020-02-03,100.57,101.699997,99.459999,99.75,92.630844,2113500
2020-02-04,101.580002,102.550003,101.379997,101.699997,94.441666,1556900
2020-02-05,103.099998,104.839996,103.099998,104.739998,97.264709,2396400
2020-02-06,105.529999,106.0,103.419998,103.519997,96.13176,1807700
2020-02-07,102.379997,102.870003,101.529999,101.800003,94.901222,1640600
2020-02-10,101.290001,101.949997,100.900002,101.949997,95.041069,1434000
2020-02-11,102.599998,103.739998,102.309998,102.400002,95.460571,2132100
2020-02-12,103.230003,103.620003,102.480003,102.800003,95.83345,1767900
2020-02-13,102.650002,102.989998,102.029999,102.779999,95.814812,2019500
2020-02-14,102.870003,103.230003,102.220001,102.639999,95.684303,1271700
2020-02-18,102.129997,103.279999,101.809998,103.029999,96.047882,2009900
2020-02-19,103.389999,104.360001,102.839996,104.139999,97.082649,2059600
2020-02-20,101.25,104.610001,101.25,103.540001,96.523308,2262900
2020-02-21,102.510002,102.809998,100.720001,101.150002,94.29528,2764400
2020-02-24,97.57,99.089996,97.0,98.239998,91.582466,2522800
2020-02-25,98.519997,98.540001,92.18,92.779999,86.492493,4499600
2020-02-26,94.269997,95.25,92.779999,92.82,86.52977,2762300
2020-02-27,90.029999,93.110001,88.589996,89.169998,83.127144,4273500
2020-02-28,85.839996,88.300003,84.620003,88.260002,82.278816,6114300
2020-03-02,88.559998,91.519997,86.93,91.470001,85.271271,4111800
2020-03-03,90.900002,92.550003,85.309998,86.419998,80.563492,4685800
2020-03-04,87.959999,89.480003,85.760002,89.330002,83.276321,2888100
2020-03-05,86.010002,87.050003,83.900002,85.080002,79.314316,3484700
2020-03-06,81.669998,83.389999,80.559998,82.290001,76.713364,4154900
2020-03-09,75.169998,77.139999,71.059998,73.07,68.11821,4879500
2020-03-10,76.519997,78.349998,73.620003,78.349998,73.040382,6218100
2020-03-11,75.959999,76.370003,70.589996,71.419998,66.580025,5369900
2020-03-12,65.959999,68.32,61.080002,63.630001,59.317936,7039800
2020-03-13,69.0,72.989998,66.290001,72.839996,67.903786,5763900
2020-03-16,61.009998,64.150002,55.439999,55.450001,51.692272,6562300
2020-03-17,56.439999,57.150002,51.310001,53.919998,50.265953,10475200
2020-03-18,49.689999,50.34,38.0,44.299999,41.297886,12148700
2020-03-19,43.080002,47.830002,39.779999,46.259998,43.12505,9057800
2020-03-20,48.0,48.299999,43.59,45.009998,41.959766,8038300
2020-03-23,43.389999,44.939999,42.029999,42.869999,39.964787,6720900
2020-03-24,46.459999,51.34,46.009998,50.91,47.459942,5553300
2020-03-25,52.610001,55.0,50.049999,52.34,48.793034,5469000
2020-03-26,55.57,61.400002,54.459999,57.869999,53.948277,6026300
2020-03-27,54.619999,57.080002,52.689999,55.299999,51.552437,4392100
2020-03-30,54.59,54.990002,52.32,53.869999,50.219337,3843500
2020-03-31,52.970001,53.77,50.0,50.419998,47.003136,5284000
2020-04-01,46.43,46.630001,44.0,44.68,41.652138,7349300
2020-04-02,43.75,45.860001,43.080002,43.93,40.952961,5459500
2020-04-03,43.779999,43.889999,39.900002,42.27,39.405445,6421500
2020-04-06,46.279999,50.169998,45.790001,49.419998,46.070915,5842700
2020-04-07,54.689999,58.369999,52.75,52.91,49.324394,6081300
2020-04-08,54.41,57.080002,53.630001,56.720001,52.876209,5221200
2020-04-09,60.759998,62.98,59.220001,60.110001,56.036465,7632800
2020-04-13,60.0,60.049999,55.68,56.5,52.671116,4653500
2020-04-14,58.0,58.650002,54.25,55.34,51.589722,4794200
2020-04-15,51.509998,52.849998,49.77,52.599998,49.035404,6020400
2020-04-16,52.34,52.34,49.41,50.009998,46.620926,4931400
2020-04-17,52.970001,55.16,52.799999,54.630001,50.927841,5264200
2020-04-20,52.380001,55.509998,51.439999,53.869999,50.219337,3987800
2020-04-21,51.389999,53.43,50.84,51.16,47.692989,5193200
2020-04-22,53.16,53.43,51.009998,51.52,48.028599,4830900
2020-04-23,51.5,53.549999,51.5,52.610001,49.044735,5260100
2020-04-24,54.779999,57.279999,54.009998,56.150002,52.34483,9179600
2020-04-27,56.880001,59.459999,56.880001,59.189999,55.178818,6070200
2020-04-28,62.889999,64.919998,62.16,63.75,59.429798,7833400
2020-04-29,69.620003,71.470001,67.040001,69.75,65.023186,13347000
2020-04-30,67.160004,68.269997,64.709999,64.760002,60.371361,8421700
2020-05-01,62.169998,62.169998,60.16,61.580002,57.406853,6249100
2020-05-04,59.5,62.380001,58.27,61.59,57.41618,8373700
2020-05-05,64.379997,64.93,60.57,60.959999,56.828865,8940200
2020-05-06,61.52,61.880001,58.299999,58.490002,54.526264,4269000
2020-05-07,59.599998,62.529999,59.599998,60.82,56.698349,4215000
2020-05-08,61.919998,62.470001,61.099998,62.200001,58.368713,3004600
2020-05-11,61.009998,61.009998,58.529999,59.5,55.835026,4423100
2020-05-12,60.0,61.220001,58.029999,58.099998,54.521259,5475900
2020-05-13,57.02,57.389999,53.630001,53.970001,50.645657,5644400
2020-05-14,52.599998,59.16,51.91,59.16,55.515976,8392800
2020-05-15,58.130001,59.450001,57.25,58.029999,54.455574,3359600
2020-05-18,62.41,63.98,61.52,63.400002,59.494801,4731400
2020-05-19,62.52,63.009998,60.169998,60.25,56.53883,4657500
2020-05-20,61.75,62.849998,60.91,61.48,57.693066,4952200
2020-05-21,61.389999,62.040001,60.34,60.919998,57.167557,2788200
2020-05-22,60.82,61.360001,59.619999,60.209999,56.501286,3645800
2020-05-26,64.25,66.75,64.029999,65.800003,61.746975,5171900
2020-05-27,70.269997,71.370003,67.82,70.879997,66.514069,5951500
2020-05-28,71.919998,72.040001,67.879997,68.540001,64.318192,6160400
2020-05-29,67.0,69.0,65.82,68.040001,63.848999,9175700
2020-06-01,68.589996,70.279999,67.879997,68.989998,64.740494,4604000
2020-06-02,70.209999,72.480003,69.339996,70.900002,66.532829,5559600
2020-06-03,72.970001,75.169998,72.360001,74.339996,69.760933,5698000
2020-06-04,73.970001,77.160004,72.720001,77.150002,72.397865,4369200
2020-06-05,84.870003,85.220001,78.300003,79.019997,74.152672,7549500
2020-06-08,81.230003,82.150002,78.940002,80.0,75.072296,7022200
2020-06-09,77.010002,79.339996,76.449997,78.470001,73.636551,3873000
2020-06-10,77.830002,78.379997,71.800003,71.800003,67.377388,7791100
2020-06-11,66.709999,70.160004,66.019997,66.120003,62.047268,6429500
2020-06-12,70.260002,70.699997,67.080002,70.629997,66.279465,5173000
2020-06-15,66.5,72.199997,66.150002,71.169998,66.786201,4043200
2020-06-16,75.080002,75.360001,70.419998,73.599998,69.066521,5360100
2020-06-17,73.580002,73.949997,71.220001,71.470001,67.067719,2951700
2020-06-18,70.470001,71.669998,69.419998,69.980003,65.669495,3581900
2020-06-19,71.68,71.68,67.309998,68.07,63.877136,6015800
2020-06-22,68.580002,70.150002,67.900002,68.300003,64.092979,3798300
2020-06-23,69.57,70.190002,68.830002,69.57,65.284744,2367100
2020-06-24,68.440002,68.440002,64.989998,65.459999,61.42791,3728800
2020-06-25,64.860001,67.389999,64.040001,67.040001,62.910591,4257400
2020-06-26,65.540001,65.540001,60.84,61.16,57.392773,8718700
2020-06-29,61.84,62.98,60.759998,62.380001,58.537632,3461800
2020-06-30,62.080002,63.369999,61.650002,62.59,58.734688,4061400
2020-07-01,62.849998,64.25,60.169998,60.700001,56.961109,3404500
2020-07-02,62.27,63.25,60.720001,61.150002,57.383389,3376200
2020-07-06,63.080002,63.540001,61.59,62.650002,58.791,2644800
2020-07-07,61.91,61.91,59.740002,59.91,56.219765,3036000
2020-07-08,59.759998,61.459999,59.200001,61.389999,57.608608,3087700
2020-07-09,60.990002,61.200001,57.299999,58.349998,54.755859,4076400
2020-07-10,58.18,60.84,57.869999,60.799999,57.054943,3138000
2020-07-13,61.580002,63.110001,59.759998,61.560001,57.768135,3808500
2020-07-14,61.169998,61.959999,60.060001,60.68,56.942341,4071400
2020-07-15,62.41,63.810001,61.580002,63.68,59.757553,3185300
2020-07-16,62.759998,64.540001,62.41,63.360001,59.45726,2960300
2020-07-17,63.360001,63.389999,61.66,61.990002,58.171654,2485400
2020-07-20,61.419998,61.990002,60.470001,60.84,57.092484,3063200
2020-07-21,61.509998,63.060001,61.200001,62.869999,58.997444,4416500
2020-07-22,60.490002,64.959999,60.299999,64.050003,60.104763,10854700
2020-07-23,63.650002,66.040001,63.360001,65.400002,61.371609,4594600
2020-07-24,65.410004,65.779999,64.720001,65.059998,61.052544,2194800
2020-07-27,64.480003,65.980003,63.060001,65.739998,61.690666,3736600
2020-07-28,65.019997,65.809998,63.959999,64.099998,60.151688,3132300
2020-07-29,64.120003,66.410004,63.639999,66.379997,62.291225,1800600
2020-07-30,64.519997,65.209999,63.439999,64.839996,60.846096,1915900
2020-07-31,64.790001,64.790001,62.75,63.799999,59.870155,1992200
2020-08-03,63.93,64.510002,63.200001,63.490002,59.579258,1792200
2020-08-04,63.200001,63.740002,62.650002,63.240002,59.344666,1828500
2020-08-05,63.98,64.879997,63.450001,64.669998,60.686565,2167400
2020-08-06,64.010002,65.309998,63.310001,63.549999,59.635555,2880600
2020-08-07,62.919998,66.040001,62.259998,65.75,61.797287,3832600
2020-08-10,66.099998,67.940002,66.0,67.410004,63.357498,2711100
2020-08-11,69.589996,71.879997,69.370003,69.629997,65.444031,3146100
2020-08-12,71.0,71.900002,67.019997,68.150002,64.053009,2595300
2020-08-13,67.239998,68.580002,66.800003,67.639999,63.573673,2965300
2020-08-14,67.18,69.959999,66.360001,69.470001,65.293648,2956900
2020-08-17,69.279999,69.440002,66.769997,66.790001,62.774765,2911100
2020-08-18,67.139999,67.139999,65.32,65.470001,61.534119,2732200
2020-08-19,65.589996,66.870003,65.059998,65.699997,61.750294,2495800
2020-08-20,64.529999,64.82,63.810001,64.269997,60.406258,2544400
2020-08-21,64.290001,64.809998,63.389999,63.799999,59.964512,1609700
2020-08-24,64.190002,67.440002,63.93,67.360001,63.310513,2615200
2020-08-25,68.349998,69.059998,66.370003,66.910004,62.887562,1966200
2020-08-26,66.910004,67.120003,65.739998,66.279999,62.295429,1792000
2020-08-27,66.190002,69.949997,66.139999,69.610001,65.42524,3898000
2020-08-28,70.050003,71.209999,69.519997,71.129997,66.853844,3582600
2020-08-31,70.980003,71.129997,68.949997,69.029999,64.880096,3043800
2020-09-01,67.919998,69.449997,67.5,68.580002,64.457161,1523700
2020-09-02,68.400002,69.75,68.160004,69.370003,65.199677,1470200
2020-09-03,70.0,71.879997,69.050003,69.919998,65.716591,2313700
2020-09-04,72.349998,74.480003,71.440002,73.989998,69.541916,5011600
2020-09-08,72.360001,72.529999,70.309998,70.360001,66.130142,3374000
2020-09-09,71.300003,71.300003,69.790001,70.57,66.32753,2574700
2020-09-10,71.199997,72.550003,69.290001,69.419998,65.246658,2626500
2020-09-11,69.510002,71.25,68.970001,71.050003,66.778656,2212700
2020-09-14,71.879997,75.080002,71.720001,74.639999,70.152847,3557400
2020-09-15,74.43,74.739998,72.68,73.300003,68.89341,2671900
2020-09-16,73.449997,76.860001,72.209999,76.169998,71.590866,3693600
2020-09-17,74.760002,77.5,74.379997,75.980003,71.412285,3189800
2020-09-18,75.760002,76.839996,75.010002,75.790001,71.233711,3047900
2020-09-21,72.870003,73.459999,70.839996,71.650002,67.342598,3954400
2020-09-22,71.290001,72.260002,68.550003,69.959999,65.754196,3187700
2020-09-23,70.25,71.290001,68.0,68.129997,64.034203,4409000
2020-09-24,68.139999,69.370003,66.459999,68.099998,64.006004,3324200
2020-09-25,67.220001,69.830002,67.080002,69.360001,65.190262,1991300
2020-09-28,71.150002,72.379997,69.970001,71.330002,67.04184,1714300
2020-09-29,71.190002,71.639999,69.75,70.449997,66.214745,2150600
2020-09-30,70.989998,73.540001,70.730003,71.860001,67.539986,2757600
2020-10-01,72.980003,75.309998,71.309998,72.93,68.545654,2798000
2020-10-02,71.529999,75.68,71.029999,74.940002,70.434814,2693600
2020-10-05,76.260002,78.209999,75.690002,78.040001,73.348442,3036800
2020-10-06,79.0,79.980003,75.230003,75.629997,71.083321,2874200
2020-10-07,76.870003,78.790001,76.870003,78.239998,73.536423,2747800
2020-10-08,78.589996,80.389999,77.559998,80.279999,75.453773,2039400
2020-10-09,81.25,81.669998,79.209999,79.879997,75.07782,1733500
2020-10-12,79.809998,81.07,79.309998,80.410004,75.575981,2056100
2020-10-13,79.379997,80.669998,78.870003,79.540001,74.75827,1978100
2020-10-14,79.690002,80.220001,78.559998,78.660004,73.931168,1589800
2020-10-15,77.580002,78.699997,76.830002,78.550003,73.827789,2878800
2020-10-16,79.160004,79.879997,78.510002,79.220001,74.457504,3590300
2020-10-19,79.769997,79.889999,77.089996,77.120003,72.483772,2048500
2020-10-20,77.900002,79.089996,77.150002,77.269997,72.624741,2515700
2020-10-21,76.910004,77.199997,73.669998,73.720001,69.28817,5700800
2020-10-22,74.709999,77.470001,74.57,76.75,72.136009,10451100
2020-10-23,80.480003,81.0,76.82,77.989998,73.30146,7614000
2020-10-26,76.629997,76.769997,74.190002,74.949997,70.444199,5111900
2020-10-27,74.769997,74.989998,73.690002,74.059998,69.607719,3023900
2020-10-28,71.790001,73.599998,71.519997,72.07,67.73735,3697000
2020-10-29,71.480003,73.620003,70.779999,73.120003,68.724236,2551900
2020-10-30,72.639999,73.199997,71.269997,73.080002,68.686638,2102000
2020-11-02,74.650002,76.220001,74.010002,75.68,71.13031,2602300
2020-11-03,77.279999,78.830002,76.830002,77.57,72.906715,2655800
2020-11-04,75.989998,77.790001,73.050003,75.550003,71.008148,3189300
2020-11-05,76.449997,79.209999,76.199997,78.699997,73.968765,2293900
2020-11-06,79.07,79.790001,77.110001,77.769997,73.187675,2559600
2020-11-09,84.779999,90.300003,84.779999,86.949997,81.826767,5669200
2020-11-10,87.260002,88.610001,85.769997,86.68,81.572685,2639100
2020-11-11,87.089996,87.459999,83.720001,84.669998,79.681114,2709200
2020-11-12,83.269997,84.580002,82.529999,83.580002,78.655342,2128800
2020-11-13,84.379997,87.269997,84.379997,86.699997,81.591515,2280100
2020-11-16,89.989998,90.610001,87.620003,88.610001,83.388969,2065200
2020-11-17,87.099998,88.610001,85.489998,87.760002,82.58905,1829300
2020-11-18,88.230003,89.389999,85.540001,85.610001,80.565735,2680900
2020-11-19,84.739998,85.379997,83.669998,84.989998,79.982246,4613400
2020-11-20,84.43,85.07,83.029999,83.580002,78.655342,3454300
2020-11-23,85.160004,87.760002,84.68,87.279999,82.137329,2224800
2020-11-24,89.540001,92.080002,88.760002,91.360001,85.976952,3236500
2020-11-25,90.029999,90.25,87.660004,89.900002,84.602966,3295400
2020-11-27,89.18,89.580002,87.580002,87.760002,82.58905,2139500
2020-11-30,89.660004,89.949997,85.160004,85.639999,80.593964,4422500
2020-12-01,88.0,90.870003,87.82,89.699997,84.414734,2753100
2020-12-02,88.400002,91.919998,88.220001,91.389999,86.005165,2853000
2020-12-03,91.300003,92.279999,90.480003,91.279999,85.901649,2123400
2020-12-04,92.029999,93.150002,90.870003,92.239998,86.805084,2187800
2020-12-07,93.0,93.199997,91.010002,92.970001,87.492073,2758700
2020-12-08,91.400002,93.220001,91.360001,92.639999,87.181526,2889300
2020-12-09,92.93,95.360001,92.760002,94.919998,89.327179,4599900
2020-12-10,93.330002,95.290001,92.099998,94.669998,89.091904,2940000
2020-12-11,92.870003,93.339996,91.07,92.169998,86.739204,3042000
2020-12-14,93.459999,93.949997,90.260002,90.419998,85.092316,3837800
2020-12-15,91.660004,92.690002,89.720001,92.68,87.21917,2249500
2020-12-16,93.209999,94.029999,91.720001,93.589996,88.075539,2234000
2020-12-17,93.870003,94.32,93.050003,94.080002,88.536682,1822500
2020-12-18,93.959999,93.959999,91.050003,91.57,86.174568,4342600
2020-12-21,93.599998,96.620003,92.209999,95.290001,89.675377,4811500
2020-12-22,95.440002,96.139999,94.970001,94.989998,89.393051,2970400
2020-12-23,95.980003,97.830002,95.75,96.82,91.115219,1769400
2020-12-24,96.989998,97.419998,95.790001,97.300003,91.56694,960200
2020-12-28,97.82,99.120003,97.440002,97.550003,91.802231,2138400
2020-12-29,97.559998,97.769997,95.470001,96.18,90.512947,1902700
2020-12-30,96.5,97.980003,95.970001,97.879997,92.112755,1405200
2020-12-31,98.0,99.160004,97.059998,98.849998,93.02562,1290800
2021-01-04,99.730003,99.989998,96.980003,97.839996,92.075119,3429700
2021-01-05,97.790001,100.580002,97.790001,100.139999,94.239601,2171500
2021-01-06,103.0,107.650002,102.559998,107.379997,101.053009,4394000
2021-01-07,108.650002,111.540001,108.0,110.730003,104.205635,4795700
2021-01-08,111.0,111.779999,108.639999,110.559998,104.045639,3001100
2021-01-11,108.230003,109.949997,107.0,109.309998,102.869286,3312900
2021-01-12,110.260002,111.699997,108.730003,110.760002,104.233864,3119900
2021-01-13,110.550003,113.139999,110.550003,112.080002,105.476082,3015900
2021-01-14,113.029999,115.480003,112.269997,114.400002,107.659386,2841600
2021-01-15,112.230003,113.690002,111.25,112.529999,105.899559,3396100
2021-01-19,114.25,114.830002,112.559998,112.860001,106.210129,3399600
2021-01-20,113.07,114.18,111.019997,111.379997,104.817329,3931300
2021-01-21,110.360001,110.989998,106.849998,108.540001,102.144669,6253800
2021-01-22,107.110001,107.410004,103.830002,105.339996,99.133209,5438600
2021-01-25,104.0,104.440002,100.68,102.529999,96.488777,3733200
2021-01-26,102.989998,103.0,99.82,99.93,94.041977,4237600
2021-01-27,103.190002,108.220001,100.879997,102.690002,96.639343,7617300
2021-01-28,104.5,108.410004,103.040001,106.839996,100.54483,4667500
2021-01-29,105.470001,107.489998,103.389999,104.260002,98.116852,3535400
2021-02-01,105.129997,105.970001,102.57,102.860001,96.799347,3712600
2021-02-02,103.940002,107.290001,103.68,106.040001,99.791977,4621200
2021-02-03,105.940002,107.550003,105.57,107.209999,100.893021,3947700
2021-02-04,107.989998,112.949997,107.860001,112.660004,106.021912,5819400
2021-02-05,114.5,115.529999,113.400002,114.480003,107.734665,3925700
2021-02-08,115.010002,116.910004,114.800003,116.0,109.165092,3391700
2021-02-09,115.580002,117.400002,114.269997,115.93,109.099213,4071400
2021-02-10,116.940002,118.400002,116.099998,117.620003,110.689651,3982600
2021-02-11,118.0,118.43,115.75,117.160004,110.25676,3273600
2021-02-12,116.790001,118.730003,116.790001,117.75,110.812012,2497200
2021-02-16,117.459999,120.559998,116.440002,119.800003,113.125504,3985400
2021-02-17,119.370003,120.980003,117.720001,118.910004,112.285088,3104200
2021-02-18,117.5,118.290001,115.309998,117.019997,110.500381,2348900
2021-02-19,118.57,120.419998,117.93,119.559998,112.898872,2989200
2021-02-22,119.449997,123.029999,119.120003,122.580002,115.750626,2902200
2021-02-23,123.739998,124.43,120.449997,122.540001,115.712845,3003200
2021-02-24,122.459999,125.75,122.349998,124.480003,117.544769,3314200
2021-02-25,125.480003,125.709999,118.879997,119.239998,112.596695,4068000
2021-02-26,119.529999,121.32,116.669998,120.190002,113.493774,3996000
2021-03-01,122.379997,124.800003,121.870003,123.93,117.025406,2714800
2021-03-02,123.5,124.709999,122.870003,123.459999,116.581589,2486600
2021-03-03,124.339996,127.050003,124.339996,125.410004,118.422958,3043800
2021-03-04,124.43,126.190002,122.0,125.940002,118.923416,4583700
2021-03-05,127.300003,128.449997,120.779999,127.699997,120.58535,4443000
2021-03-08,128.699997,130.639999,127.900002,128.690002,121.52021,2684200
2021-03-09,127.18,129.139999,125.510002,126.300003,119.263359,2564100
2021-03-10,127.25,130.039993,126.919998,129.529999,122.313393,2068600
2021-03-11,128.830002,132.610001,128.720001,132.100006,124.74025,2296100
2021-03-12,133.949997,134.699997,131.649994,132.550003,125.165154,2217400
2021-03-15,132.5,132.729996,128.800003,132.600006,125.212379,3208100
2021-03-16,131.509995,131.669998,128.119995,128.490005,121.33136,3221700
2021-03-17,129.940002,131.679993,127.279999,131.649994,124.315269,2840800
2021-03-18,132.289993,133.580002,127.639999,128.309998,121.161377,2443800
2021-03-19,127.379997,128.070007,123.949997,126.43,119.386093,3318700
2021-03-22,125.480003,126.419998,124.389999,125.220001,118.24353,2090400
2021-03-23,123.949997,125.330002,121.209999,122.410004,115.590096,3862500
2021-03-24,124.290001,126.410004,123.529999,123.910004,117.006508,2096700
2021-03-25,123.370003,128.130005,121.440002,127.870003,120.745888,2716500
2021-03-26,129.860001,130.490005,126.57,129.589996,122.370041,2864900
2021-03-29,127.660004,128.399994,124.949997,126.489998,119.44278,2128500
2021-03-30,127.220001,128.850006,126.459999,128.559998,121.397438,2732400
2021-03-31,128.220001,129.470001,126.910004,127.230003,120.141548,2389100
2021-04-01,128.410004,130.770004,128.210007,129.779999,122.549484,2589000
2021-04-05,131.360001,133.740005,131.0,132.600006,125.212379,2583100
2021-04-06,132.100006,132.979996,131.050003,132.029999,124.674118,2264500
2021-04-07,133.089996,134.350006,132.490005,132.970001,125.561745,1805900
2021-04-08,131.380005,133.320007,129.889999,132.729996,125.335114,2193500
2021-04-09,134.0,134.449997,132.410004,134.169998,126.694916,2107200
2021-04-12,133.720001,134.630005,132.869995,134.240005,126.761009,2384600
2021-04-13,133.630005,133.800003,131.380005,132.669998,125.278465,2335600
2021-04-14,132.539993,136.449997,132.320007,135.770004,128.20575,2924400
2021-04-15,136.070007,136.080002,132.850006,134.869995,127.355904,3432600
2021-04-16,136.039993,137.75,135.259995,136.679993,129.065033,2888900
2021-04-19,135.919998,136.259995,133.889999,135.410004,127.865822,2383900
2021-04-20,134.339996,134.559998,129.979996,131.5,124.173637,2459000
2021-04-21,130.320007,133.419998,127.800003,132.910004,125.505096,3035000
2021-04-22,133.550003,134.740005,132.229996,133.0,125.590096,2305200
2021-04-23,132.589996,136.229996,131.380005,135.679993,128.120773,2531200
2021-04-26,137.0,139.940002,136.809998,138.289993,130.585327,2169600
2021-04-27,138.610001,139.539993,138.039993,138.949997,131.208588,3486700
2021-04-28,143.0,147.039993,142.0,144.360001,136.317184,4601700
2021-04-29,146.009995,149.669998,145.710007,149.229996,140.915848,3349500
2021-04-30,148.130005,150.009995,147.779999,149.080002,140.7742,3817300
2021-05-03,151.070007,151.839996,148.529999,149.919998,141.567398,2636400
2021-05-04,148.889999,152.380005,147.800003,152.020004,143.5504,4227200
2021-05-05,152.820007,154.470001,151.449997,153.600006,145.042358,3118700
2021-05-06,155.0,156.509995,152.509995,156.440002,147.724167,3664300
2021-05-07,153.679993,157.979996,153.229996,157.710007,148.923386,2480700
2021-05-10,159.139999,160.369995,157.300003,157.380005,148.611755,3298300
2021-05-11,154.809998,156.929993,153.259995,154.759995,146.137741,4332000
2021-05-12,155.899994,156.779999,152.300003,152.970001,144.447495,3298000
2021-05-13,152.240005,157.210007,152.0,156.289993,147.582504,2952900
2021-05-14,156.979996,159.259995,156.820007,158.110001,149.684219,2855700
2021-05-17,158.029999,160.479996,157.570007,159.899994,151.378815,2229500
2021-05-18,159.289993,160.850006,156.830002,156.910004,148.548157,2247700
2021-05-19,154.119995,157.339996,152.860001,157.149994,148.77536,3298100
2021-05-20,157.639999,159.009995,155.639999,157.809998,149.400177,2893400
2021-05-21,158.589996,162.330002,158.389999,159.050003,150.574142,3552000
2021-05-24,159.990005,161.679993,159.339996,160.740005,152.174057,2087700
2021-05-25,161.470001,162.479996,158.130005,158.220001,149.78833,2670200
2021-05-26,159.320007,160.5,157.979996,159.839996,151.322006,3143500
2021-05-27,161.850006,162.75,160.339996,161.789993,153.168076,3488600
2021-05-28,161.830002,162.240005,159.220001,160.779999,152.211929,3365300
2021-06-01,165.270004,166.630005,163.740005,166.25,157.390427,4188000
2021-06-02,167.0,167.399994,164.970001,165.919998,157.078003,3099400
2021-06-03,165.059998,167.339996,164.309998,166.289993,157.428253,2513400
2021-06-04,167.070007,168.0,165.029999,166.259995,157.399887,2886600
2021-06-07,163.5,165.309998,162.589996,163.550003,154.83432,3223800
2021-06-08,162.699997,163.839996,161.039993,162.729996,154.057999,3513500
2021-06-09,162.600006,162.619995,159.300003,160.600006,152.041519,3284500
2021-06-10,162.990005,163.860001,158.600006,158.740005,150.280655,3710600
2021-06-11,159.199997,160.690002,159.100006,160.649994,152.088837,3826800
2021-06-14,160.399994,160.800003,157.169998,158.710007,150.252213,3372800
2021-06-15,159.380005,162.699997,158.720001,162.110001,153.471054,2789400
2021-06-16,161.440002,163.309998,159.789993,162.199997,153.556259,3140800
2021-06-17,163.470001,163.589996,151.429993,153.550003,145.367203,4308500
2021-06-18,149.600006,150.440002,147.520004,150.020004,142.025314,8383600
2021-06-21,151.550003,154.990005,151.220001,154.889999,146.635788,2875000
2021-06-22,154.300003,155.910004,152.850006,154.889999,146.635788,2363900
2021-06-23,155.610001,157.610001,155.039993,156.369995,148.036926,2032200
2021-06-24,157.589996,158.169998,155.399994,157.570007,149.172989,2077500
2021-06-25,160.539993,162.0,159.789993,159.990005,151.464035,4238200
2021-06-28,159.410004,160.009995,155.289993,156.0,147.686646,2693100
2021-06-29,157.369995,158.320007,153.820007,154.149994,145.935226,2151000
2021-06-30,153.690002,155.220001,153.619995,154.690002,146.446457,2631800
2021-07-01,155.529999,158.059998,155.130005,157.149994,148.77536,3354200
2021-07-02,157.699997,158.949997,157.149994,157.399994,149.012039,2247700
2021-07-06,156.759995,157.380005,154.139999,155.5,147.213303,3566700
2021-07-07,153.610001,156.710007,153.139999,155.039993,146.777817,3042300
2021-07-08,151.899994,154.880005,149.449997,152.460007,144.335281,3313700
2021-07-09,155.380005,160.919998,155.350006,160.550003,151.994156,3638900
2021-07-12,159.179993,165.440002,158.080002,164.850006,156.065033,3250200
2021-07-13,164.850006,165.300003,162.639999,162.839996,154.162155,2536700
2021-07-14,163.070007,165.0,157.630005,158.839996,150.37529,4190900
2021-07-15,156.660004,160.639999,156.289993,160.350006,151.80484,3069700
2021-07-16,161.649994,161.649994,157.080002,157.520004,149.125656,1955100
2021-07-19,153.449997,154.809998,150.889999,153.610001,145.423996,3757400
2021-07-20,152.960007,159.240005,152.440002,157.979996,149.561111,3306200
2021-07-21,159.610001,164.399994,159.399994,163.210007,154.512421,2508500
2021-07-22,162.199997,163.080002,158.699997,161.429993,152.827286,2966600
2021-07-23,157.0,164.25,156.589996,160.080002,151.549225,3516300
2021-07-26,160.050003,163.0,160.0,162.339996,153.688766,2055900
2021-07-27,159.949997,163.660004,159.139999,162.539993,153.878113,2168000
2021-07-28,163.039993,163.539993,159.880005,161.389999,152.789398,2314800
2021-07-29,163.5,165.350006,162.910004,163.910004,155.17511,2587900
2021-07-30,163.160004,165.089996,160.639999,161.699997,153.082886,2661400
2021-08-02,163.139999,165.910004,158.919998,160.100006,151.568161,3934600
2021-08-03,161.050003,162.059998,155.460007,161.429993,152.827286,2868200
2021-08-04,160.279999,164.169998,159.100006,161.190002,152.600082,2722800
2021-08-05,162.220001,163.949997,162.220001,163.190002,154.4935,2749500
2021-08-06,164.850006,167.509995,164.259995,165.949997,158.270218,3394500
2021-08-09,164.839996,167.149994,163.130005,166.210007,158.518204,2239500
2021-08-10,166.210007,171.289993,166.100006,170.669998,162.77179,3442500
2021-08-11,171.0,174.940002,169.839996,174.550003,166.472244,3880500
2021-08-12,174.5,177.169998,173.410004,176.929993,168.742081,3274300
2021-08-13,177.179993,177.949997,175.789993,177.729996,169.505066,2368300
2021-08-16,176.0,177.720001,175.179993,177.320007,169.114029,2115000
2021-08-17,175.270004,176.529999,171.429993,173.279999,165.261017,2791000
2021-08-18,172.330002,175.619995,171.270004,172.020004,164.059326,1759900
2021-08-19,169.119995,171.589996,166.949997,168.100006,160.32074,2478500
2021-08-20,168.179993,169.119995,165.460007,168.220001,160.435165,2595700
2021-08-23,169.419998,171.199997,168.979996,169.350006,161.512878,2019400
2021-08-24,169.889999,171.710007,169.449997,170.050003,162.180496,1668400
2021-08-25,170.589996,174.559998,170.229996,173.929993,165.88092,2184300
2021-08-26,174.399994,174.699997,171.309998,171.630005,163.687363,1867100
2021-08-27,172.309998,175.979996,171.649994,175.800003,167.664413,1747700
2021-08-30,172.139999,173.570007,165.110001,165.190002,157.545395,4300600
2021-08-31,165.029999,167.169998,163.259995,165.970001,158.289291,3791800
2021-09-01,165.960007,166.580002,161.229996,161.679993,154.19783,3342900
2021-09-02,162.5,163.380005,159.520004,160.059998,152.652786,3118100
2021-09-03,159.990005,160.369995,156.399994,157.259995,149.982376,3361200
2021-09-07,156.949997,159.679993,156.460007,156.929993,149.667648,3437100
2021-09-08,156.490005,156.490005,152.130005,154.600006,147.445496,3342600
2021-09-09,154.839996,159.179993,154.479996,155.779999,148.570862,2904600
2021-09-10,156.910004,157.820007,155.399994,155.559998,148.361053,2855400
2021-09-13,157.070007,159.429993,156.910004,158.929993,151.575089,3349600
2021-09-14,159.589996,160.169998,153.949997,154.389999,147.245209,4075000
2021-09-15,155.220001,159.100006,154.809998,158.910004,151.556,3210800
2021-09-16,159.600006,161.240005,159.119995,160.169998,152.757706,2627300
2021-09-17,159.100006,161.149994,158.449997,159.570007,152.185471,4829600
2021-09-20,154.089996,157.009995,153.330002,156.369995,149.13356,3430000
2021-09-21,158.0,158.860001,156.320007,156.5,149.257553,2845900
2021-09-22,158.679993,161.020004,158.369995,159.619995,152.23317,3001400
2021-09-23,161.649994,167.149994,161.0,166.020004,158.336975,2977000
2021-09-24,165.130005,168.050003,164.960007,166.169998,158.480026,2695100
2021-09-27,167.690002,170.270004,167.309998,169.759995,161.903885,2611000
2021-09-28,169.440002,171.5,167.100006,167.380005,159.634079,2935900
2021-09-29,168.619995,168.619995,165.919998,166.550003,158.842453,2004500
2021-09-30,167.880005,167.880005,161.850006,161.970001,154.474411,2712000
2021-10-01,162.610001,167.839996,161.869995,166.539993,158.832916,2696400
2021-10-04,166.539993,170.279999,165.690002,166.110001,158.422806,2759000
2021-10-05,168.080002,170.690002,166.389999,168.720001,160.912048,2089100
2021-10-06,166.919998,169.029999,164.470001,167.869995,160.101364,2032000
2021-10-07,169.729996,171.429993,167.710007,167.880005,160.110931,2011100
2021-10-08,168.440002,171.279999,167.410004,168.800003,160.988342,1713200
2021-10-11,169.5,171.779999,166.050003,166.179993,158.489594,1929400
2021-10-12,166.229996,168.330002,165.160004,167.649994,159.891556,1697500
2021-10-13,167.570007,167.740005,159.550003,162.100006,154.598373,3849900
2021-10-14,165.149994,166.289993,162.740005,166.009995,158.327438,2281500
2021-10-15,168.0,170.25,167.259995,168.380005,160.587784,2762800
2021-10-18,167.300003,170.660004,167.029999,169.160004,161.331711,1760600
2021-10-19,170.199997,170.440002,167.789993,169.789993,161.93251,1955000
2021-10-20,168.919998,173.470001,168.259995,173.25,165.232422,2614000
2021-10-21,172.479996,174.649994,165.070007,165.690002,158.022247,3420600
2021-10-22,167.0,169.429993,165.630005,167.839996,160.072739,2943300
2021-10-25,168.210007,169.839996,166.220001,168.679993,160.873871,2368800
2021-10-26,169.300003,170.0,164.559998,164.850006,157.221146,3204000
2021-10-27,160.139999,161.490005,151.779999,152.5,145.442642,7343000
2021-10-28,152.809998,153.929993,150.479996,152.5,145.442642,4440300
2021-10-29,152.839996,154.070007,150.220001,151.029999,144.04068,3863700
2021-11-01,152.270004,154.830002,152.210007,153.009995,145.929077,3181700
2021-11-02,153.220001,154.009995,150.869995,151.910004,144.879959,3788000
2021-11-03,151.0,155.350006,150.660004,153.899994,146.777878,3334100
2021-11-04,153.0,155.490005,152.300003,153.460007,146.358231,2462500
2021-11-05,155.589996,157.589996,154.25,154.869995,147.702972,2389600
2021-11-08,156.479996,157.759995,154.789993,155.520004,148.322906,2279200
2021-11-09,154.559998,156.110001,153.199997,155.419998,148.227539,2154400
2021-11-10,155.479996,158.470001,155.479996,156.279999,149.047714,2274600
2021-11-11,156.279999,158.660004,155.910004,157.149994,149.877472,1822700
2021-11-12,156.830002,157.330002,155.029999,156.800003,150.116837,2143700
2021-11-15,156.800003,158.429993,155.839996,156.360001,149.695557,1772000
2021-11-16,156.5,156.5,152.75,153.820007,147.26384,2678300
2021-11-17,153.699997,155.0,151.869995,151.949997,145.473526,3107900
2021-11-18,152.070007,153.940002,150.470001,152.990005,146.469193,2485400
2021-11-19,150.5,152.550003,148.520004,151.320007,144.870377,2754900
2021-11-22,153.369995,154.649994,150.970001,153.210007,146.67984,2681000
2021-11-23,154.0,156.740005,153.210007,156.289993,149.628571,2596000
2021-11-24,155.130005,157.960007,155.059998,155.860001,149.216858,2308700
2021-11-26,150.539993,150.539993,144.369995,149.160004,142.80246,3081400
2021-11-29,151.240005,151.729996,145.699997,147.020004,140.753677,4261600
2021-11-30,145.149994,146.0,140.179993,140.529999,134.540283,6024200
2021-12-01,144.5,145.470001,138.350006,138.369995,132.472336,3540600
2021-12-02,139.710007,145.169998,139.0,143.360001,137.249664,3028400
2021-12-03,143.020004,143.75,140.679993,141.899994,135.851898,2772900
2021-12-06,144.979996,147.850006,143.929993,145.940002,139.719711,2928700
2021-12-07,147.970001,151.110001,147.279999,148.580002,142.247147,2840800
2021-12-08,148.889999,150.050003,148.009995,148.809998,142.467361,2513300
2021-12-09,148.240005,150.710007,147.059998,149.169998,142.812027,2311500
2021-12-10,150.520004,151.449997,148.5,150.410004,143.999161,2415300
2021-12-13,149.259995,149.470001,145.570007,146.039993,139.81543,2608000
2021-12-14,146.619995,149.529999,145.509995,147.919998,141.615311,2213900
2021-12-15,148.350006,148.660004,144.0,147.389999,141.10791,2702700
2021-12-16,149.729996,150.240005,147.350006,148.020004,141.711044,3341700
2021-12-17,147.350006,147.350006,142.639999,144.080002,137.938995,9081100
2021-12-20,140.389999,141.199997,136.520004,138.350006,132.453201,3246500
2021-12-21,140.369995,143.75,140.110001,143.509995,137.39328,2509900
2021-12-22,142.970001,144.529999,142.130005,143.729996,137.603882,1669400
2021-12-23,145.259995,146.720001,144.990005,145.100006,138.915497,1720300
2021-12-27,145.460007,146.089996,143.589996,145.889999,139.671814,1291800
2021-12-28,144.779999,147.880005,144.550003,146.199997,139.968628,1025700
2021-12-29,146.199997,146.729996,145.210007,145.589996,139.384613,1331900
2021-12-30,145.75,147.300003,145.339996,145.490005,139.288895,1213400
2021-12-31,145.199997,146.729996,144.979996,145.089996,138.905945,1356300
2022-01-03,146.080002,149.350006,145.940002,148.339996,142.01738,2381600
2022-01-04,150.429993,152.360001,149.759995,151.149994,144.707657,3478800
2022-01-05,152.229996,153.0,148.190002,148.259995,141.940796,2105900
2022-01-06,149.070007,151.289993,146.199997,150.729996,144.305527,2622200
2022-01-07,150.630005,155.630005,149.990005,154.690002,148.096741,3286300
2022-01-10,156.789993,157.860001,154.100006,157.149994,150.451904,3876900
2022-01-11,157.529999,158.860001,155.910004,158.509995,151.753937,2178100
2022-01-12,159.529999,161.029999,158.460007,158.789993,152.022003,2133200
2022-01-13,160.169998,162.300003,159.559998,161.369995,154.492035,2407300
2022-01-14,156.940002,160.630005,154.520004,160.559998,153.716537,3633100
2022-01-18,160.619995,162.399994,155.800003,157.080002,150.384888,2393700
2022-01-19,157.449997,158.100006,151.570007,151.610001,145.14801,2019100
2022-01-20,151.690002,154.539993,149.830002,150.270004,143.865158,1962700
2022-01-21,149.449997,149.449997,145.320007,146.520004,140.274994,2727100
2022-01-24,143.240005,148.649994,140.679993,148.300003,141.979111,3963500
2022-01-25,146.729996,154.509995,144.589996,152.160004,145.674591,5634300
2022-01-26,143.949997,149.949997,142.130005,144.899994,138.724014,7626600
2022-01-27,146.820007,148.600006,140.820007,141.679993,135.641251,4048700
2022-01-28,140.809998,142.720001,138.600006,142.619995,136.541199,3599400
2022-01-31,141.339996,147.009995,140.410004,146.729996,140.476013,3789000
2022-02-01,147.0,150.860001,145.979996,150.490005,144.07576,3063900
2022-02-02,149.479996,150.539993,146.929993,149.619995,143.242813,2446600
2022-02-03,148.910004,151.110001,147.899994,148.289993,141.969498,1978000
2022-02-04,149.0,151.880005,148.570007,150.350006,143.941742,2201200
2022-02-07,150.960007,153.479996,150.320007,152.169998,145.684143,2300400
2022-02-08,153.5,156.309998,152.639999,155.979996,149.331772,3376300
2022-02-09,156.940002,159.919998,156.779999,158.839996,152.069855,2173400
2022-02-10,158.360001,160.5,156.779999,157.509995,150.796555,2865400
2022-02-11,156.190002,160.380005,154.729996,156.0,149.921997,3041600
2022-02-14,156.600006,158.089996,154.350006,155.139999,149.09552,2598300
2022-02-15,156.990005,159.630005,156.369995,158.889999,152.699402,2090200
2022-02-16,157.460007,160.539993,157.089996,158.860001,152.670578,1761800
2022-02-17,157.089996,157.820007,153.100006,154.360001,148.345901,2201500
2022-02-18,153.759995,157.279999,153.300003,153.960007,147.961502,3158300
2022-02-22,153.520004,155.089996,151.179993,152.929993,146.971619,2095700
2022-02-23,153.830002,154.649994,148.800003,149.470001,143.646423,2942800
2022-02-24,143.009995,148.139999,141.029999,147.770004,142.01268,3693300
2022-02-25,148.820007,154.330002,148.529999,153.589996,147.605881,2019500
2022-02-28,148.979996,153.509995,147.889999,153.270004,147.29837,3408000
2022-03-01,152.380005,152.490005,140.149994,140.679993,135.198883,4335700
2022-03-02,141.949997,143.839996,139.110001,141.199997,135.698639,3700800
2022-03-03,142.119995,142.660004,136.009995,138.520004,133.123062,3837300
2022-03-04,135.009995,135.169998,131.020004,134.119995,128.894485,3864500
2022-03-07,132.490005,132.809998,124.699997,124.800003,119.937614,4877900
2022-03-08,125.93,130.75,122.43,126.080002,121.16774,3683400
2022-03-09,132.179993,135.009995,130.979996,131.910004,126.770592,3061600
2022-03-10,129.0,132.100006,127.080002,130.259995,125.184883,3328500
2022-03-11,131.460007,133.110001,129.669998,130.089996,125.021484,2514500
2022-03-14,132.949997,136.380005,132.399994,133.669998,128.462021,3001400
2022-03-15,133.729996,136.789993,132.850006,134.270004,129.038666,2853300
2022-03-16,136.990005,141.199997,134.729996,137.839996,132.469528,3376800
2022-03-17,132.070007,137.559998,131.160004,137.550003,132.190857,3154000
2022-03-18,134.029999,138.520004,134.029999,138.210007,132.82515,6579300
2022-03-21,138.199997,138.889999,133.259995,134.440002,129.202026,4071300
2022-03-22,136.360001,140.699997,135.910004,138.169998,132.786697,2964500
2022-03-23,136.770004,137.940002,132.880005,133.990005,128.769562,1994700
2022-03-24,135.210007,135.699997,133.279999,135.070007,129.807495,1883800
2022-03-25,136.089996,136.850006,134.660004,135.880005,130.585922,2240600
2022-03-28,134.949997,134.949997,131.119995,133.25,128.058365,2747600
2022-03-29,136.289993,137.860001,135.020004,135.690002,130.40332,2236600
2022-03-30,135.699997,137.320007,133.559998,134.470001,129.23085,2795600
2022-03-31,133.919998,136.139999,131.289993,131.289993,126.174744,3273000
2022-04-01,133.020004,134.050003,130.059998,130.889999,125.790337,2829600
2022-04-04,130.970001,132.869995,129.229996,131.669998,126.53994,2230200
2022-04-05,130.940002,132.350006,130.070007,130.419998,125.338638,2333500
2022-04-06,130.220001,131.039993,128.669998,129.279999,124.24305,3611400
2022-04-07,130.039993,132.740005,126.830002,129.309998,124.271896,4729800
2022-04-08,130.410004,132.639999,129.679993,131.759995,126.626434,2597200
2022-04-11,131.949997,133.949997,130.940002,131.229996,126.117073,1858000
2022-04-12,130.910004,135.0,130.630005,132.229996,127.078117,2026100
2022-04-13,130.479996,132.970001,130.309998,132.619995,127.452911,1704100
2022-04-14,132.729996,134.460007,132.179993,132.589996,127.424088,2289100
2022-04-18,132.229996,139.130005,132.0,137.979996,132.604095,2731300
2022-04-19,138.089996,142.350006,138.089996,141.589996,136.073456,3119200
2022-04-20,142.729996,144.240005,141.050003,141.850006,136.323318,2035700
2022-04-21,143.130005,144.729996,139.630005,139.979996,134.526154,1925300
2022-04-22,139.220001,139.5,135.070007,135.279999,130.009277,2458600
2022-04-25,133.919998,136.850006,131.25,136.460007,131.143326,2573800
2022-04-26,133.630005,136.289993,132.139999,132.229996,127.078117,2764100
2022-04-27,120.980003,126.559998,119.879997,124.349998,119.505135,5465100
2022-04-28,125.769997,130.509995,125.129997,129.380005,124.339157,3265200
2022-04-29,128.850006,131.0,124.360001,124.620003,119.764633,2806300
2022-05-02,125.540001,126.849998,123.75,126.639999,121.705917,2266200
2022-05-03,127.510002,130.289993,126.269997,128.649994,123.637596,2096000
2022-05-04,128.720001,134.460007,128.220001,134.300003,129.06749,2266500
2022-05-05,132.0,133.410004,129.020004,130.330002,125.252151,2605000
2022-05-06,129.850006,130.289993,125.690002,127.040001,122.090332,2434200
2022-05-09,124.779999,126.459999,122.32,123.220001,118.419159,2852100
2022-05-10,123.870003,124.989998,117.489998,121.029999,116.314484,2981800
2022-05-11,121.260002,124.589996,119.400002,119.589996,114.930595,2785600
2022-05-12,116.0,117.879997,111.580002,114.150002,109.702545,3952000
2022-05-13,115.669998,118.370003,115.260002,116.459999,112.513954,3067700
2022-05-16,115.830002,116.830002,112.68,113.970001,110.108315,2427400
2022-05-17,117.809998,120.980003,116.910004,120.410004,116.330109,2943500
2022-05-18,118.120003,118.849998,114.029999,114.389999,110.514084,2942400
2022-05-19,112.459999,114.949997,112.230003,113.330002,109.490005,2508800
2022-05-20,115.099998,115.790001,110.290001,113.699997,109.847458,2586600
2022-05-23,116.57,119.919998,115.959999,118.800003,114.774658,2243500
2022-05-24,117.190002,118.040001,113.75,116.830002,112.871407,2568500
2022-05-25,116.360001,121.110001,115.93,120.220001,116.146538,1973900
2022-05-26,121.959999,125.279999,121.5,124.410004,120.19458,1898200
2022-05-27,124.489998,126.459999,124.419998,126.459999,122.17511,1890700
2022-05-31,124.959999,128.949997,124.709999,127.860001,123.527679,3758000
2022-06-01,127.760002,128.529999,123.43,124.959999,120.725945,2400400
2022-06-02,125.730003,126.989998,123.790001,126.370003,122.088173,2070400
2022-06-03,124.879997,125.739998,123.580002,124.050003,119.846779,1908600
2022-06-06,125.260002,127.360001,123.489998,125.68,121.421539,1758100
2022-06-07,124.480003,128.610001,124.169998,128.229996,123.885139,1914500
2022-06-08,126.599998,127.949997,124.330002,125.169998,120.928825,2043400
2022-06-09,124.870003,125.050003,119.239998,119.339996,115.296349,2844100
2022-06-10,115.839996,117.190002,111.440002,112.580002,108.765411,3779300
2022-06-13,109.010002,110.910004,106.279999,107.010002,103.384155,4449700
2022-06-14,108.110001,108.550003,105.540001,106.580002,102.968712,2054200
2022-06-15,108.709999,109.580002,105.699997,108.169998,104.504829,3081600
2022-06-16,104.830002,104.940002,98.540001,102.110001,98.650169,4951500
2022-06-17,104.260002,108.239998,103.019997,107.260002,103.625671,10006800
2022-06-21,110.690002,111.309998,105.370003,106.459999,102.852783,2917500
2022-06-22,104.699997,106.75,104.32,105.629997,102.050911,2311200
2022-06-23,105.330002,105.660004,102.370003,104.209999,100.679016,2486300
2022-06-24,105.43,111.699997,105.309998,110.089996,106.359772,4053700
2022-06-27,111.25,111.25,109.0,109.599998,105.886391,2187400
2022-06-28,111.580002,113.370003,108.190002,108.519997,104.842979,1692700
2022-06-29,107.900002,108.019997,105.349998,105.610001,102.031578,2438900
2022-06-30,103.0,106.040001,101.57,104.190002,100.659698,2177900
2022-07-01,103.730003,107.529999,103.720001,106.82,103.200569,1536800
2022-07-05,103.68,106.690002,102.489998,106.660004,103.045998,1890100
2022-07-06,106.260002,107.68,104.959999,106.040001,102.447014,1576400
2022-07-07,108.050003,109.5,106.879997,108.839996,105.15213,2517100
2022-07-08,109.5,110.410004,107.389999,108.610001,104.929924,1879300
2022-07-11,107.370003,108.910004,106.860001,107.169998,103.538719,1784200
2022-07-12,104.0,109.120003,103.75,107.040001,103.413139,2510200
2022-07-13,104.949997,106.279999,102.800003,105.529999,101.954292,2064600
2022-07-14,102.68,104.459999,101.980003,103.449997,99.944756,2788500
2022-07-15,106.519997,108.980003,104.379997,108.150002,104.485519,4156600
2022-07-18,110.449997,113.25,109.709999,110.489998,106.746223,3418600
2022-07-19,110.43,113.779999,110.120003,113.019997,109.190498,2490500
2022-07-20,112.550003,114.940002,112.449997,114.760002,110.871552,2092300
2022-07-21,113.199997,114.580002,111.459999,114.269997,110.398148,3507800
2022-07-22,109.389999,111.879997,107.529999,108.93,105.239082,4201500
2022-07-25,109.699997,111.75,107.870003,110.93,107.171318,2435900
2022-07-26,109.5,110.410004,106.339996,106.360001,102.756172,2372000
2022-07-27,107.540001,109.550003,106.449997,108.940002,105.248749,2613300
2022-07-28,108.779999,109.339996,105.050003,107.709999,104.060432,3337100
2022-07-29,107.93,110.089996,107.599998,109.830002,106.108597,2366100
2022-08-01,108.419998,110.019997,106.040001,109.730003,106.011986,1898000
2022-08-02,108.839996,109.059998,106.849998,106.940002,103.316521,2209400
2022-08-03,108.410004,109.529999,107.68,109.059998,105.364677,1553700
2022-08-04,107.459999,107.970001,106.110001,106.889999,103.268204,3323200
2022-08-05,105.419998,107.059998,105.07,106.330002,103.307076,2455500
2022-08-08,107.0,109.580002,106.959999,107.82,104.754707,2890700
2022-08-09,107.93,108.019997,105.599998,106.379997,103.355644,1816500
2022-08-10,109.080002,113.419998,108.5,112.739998,109.534836,3480200
2022-08-11,114.980003,116.550003,114.330002,115.269997,111.992912,2615100
2022-08-12,116.339996,116.339996,114.559998,115.739998,112.449554,1594600
2022-08-15,113.07,114.190002,112.120003,113.660004,110.428688,2328200
2022-08-16,113.510002,115.940002,112.68,115.459999,112.177513,2191600
2022-08-17,113.150002,114.25,112.029999,113.610001,110.380112,1962600
2022-08-18,113.790001,114.269997,112.809998,113.849998,110.613289,1699300
2022-08-19,112.75,113.110001,111.830002,112.209999,109.019905,2157200
2022-08-22,109.839996,109.949997,107.889999,109.0,105.901176,2271500
2022-08-23,109.720001,111.330002,109.18,109.809998,106.688133,1809700
2022-08-24,109.849998,111.209999,108.839996,110.360001,107.222496,1662700
2022-08-25,111.190002,113.68,110.57,113.660004,110.428688,1565500
2022-08-26,114.0,114.410004,109.68,109.82,106.697853,2212200
2022-08-29,108.849998,108.93,106.610001,107.199997,104.152336,2329600
2022-08-30,107.970001,108.029999,105.989998,106.830002,103.79287,1542600
2022-08-31,107.360001,107.93,105.669998,105.82,102.811577,2845900
2022-09-01,105.309998,105.459999,102.260002,104.809998,101.830292,2016600
2022-09-02,106.720001,107.459999,103.650002,104.220001,101.257072,1863600
2022-09-06,104.639999,104.93,101.120003,102.169998,99.265327,2253700
2022-09-07,101.690002,105.199997,101.690002,104.889999,101.908012,2402700
2022-09-08,103.849998,106.559998,102.370003,106.440002,103.413956,2182200
2022-09-09,107.489998,108.949997,106.970001,108.32,105.240501,1725800
2022-09-12,109.68,111.370003,109.150002,109.790001,106.668701,2208600
2022-09-13,105.93,106.330002,100.839996,101.040001,98.167465,3118600
2022-09-14,101.540001,101.620003,98.529999,100.650002,97.788559,3350100
2022-09-15,100.940002,104.790001,100.860001,102.769997,99.848274,3272100
2022-09-16,101.559998,102.209999,99.419998,101.68,98.789276,5629200
2022-09-19,100.089996,102.849998,99.790001,102.480003,99.566528,1949800
2022-09-20,101.0,101.599998,99.57,101.370003,98.488091,2833800
2022-09-21,102.050003,103.400002,99.400002,99.489998,96.66153,3386200
2022-09-22,99.620003,99.959999,95.349998,95.470001,92.755821,2446400
2022-09-23,93.739998,95.0,92.190002,93.779999,91.113869,2544300
2022-09-26,92.949997,94.650002,90.849998,91.300003,88.704376,2547800
2022-09-27,92.989998,93.449997,90.269997,91.389999,88.791817,2736000
2022-09-28,92.07,95.660004,91.419998,95.040001,92.338043,3483600
2022-09-29,93.339996,94.470001,91.940002,93.68,91.016708,2463100
2022-09-30,93.790001,94.610001,92.019997,92.169998,89.549637,2396500
2022-10-03,94.099998,95.940002,91.959999,95.57,92.852974,2158100
2022-10-04,97.730003,99.970001,97.400002,99.870003,97.030731,3165800
2022-10-05,97.440002,99.43,96.860001,98.940002,96.127167,2515000
2022-10-06,97.720001,98.459999,96.129997,96.730003,93.980003,2302100
2022-10-07,95.290001,95.849998,93.32,93.870003,91.201317,2958100
2022-10-10,94.550003,95.120003,92.690002,93.050003,90.404625,1717600
2022-10-11,92.339996,95.790001,92.190002,93.760002,91.094437,2486800
2022-10-12,93.870003,94.82,92.980003,93.489998,90.832108,1860000
2022-10-13,92.75,98.25,90.709999,97.82,95.039017,2806700
2022-10-14,98.919998,99.589996,95.269997,95.389999,92.678093,2866300
2022-10-17,98.239998,98.849998,96.389999,97.470001,94.698967,1878500
2022-10-18,100.0,100.410004,98.050003,99.589996,96.758682,2309400
2022-10-19,96.669998,97.870003,94.580002,95.230003,92.522652,2931100
2022-10-20,95.199997,97.709999,94.330002,94.980003,92.279755,3534900
2022-10-21,94.620003,96.25,92.940002,96.25,93.513634,3593600
2022-10-24,97.57,98.5,96.43,97.559998,94.7864,2836900
2022-10-25,97.220001,102.349998,97.220001,101.580002,98.692116,2769300
2022-10-26,101.699997,103.559998,101.650002,101.919998,99.022446,2191900
2022-10-27,103.139999,104.029999,101.529999,102.129997,99.226479,3468900
2022-10-28,99.0,107.419998,98.510002,107.099998,104.055183,4403200
2022-10-31,106.07,107.089996,105.050003,106.019997,103.005882,2886900
2022-11-01,107.489998,108.330002,106.0,106.809998,103.77343,1907500
2022-11-02,106.330002,107.660004,102.980003,103.209999,100.27578,2617900
2022-11-03,100.959999,101.099998,98.349998,98.82,96.01059,2622500
2022-11-04,100.709999,102.720001,100.190002,102.529999,99.615112,2301300
2022-11-07,103.739998,104.790001,101.839996,104.739998,101.762276,2452400
2022-11-08,104.739998,106.410004,103.980003,105.540001,102.539528,1801800
2022-11-09,104.32,104.32,101.389999,101.470001,98.585243,1751500
2022-11-10,106.550003,114.120003,106.550003,113.419998,110.850967,3765000
2022-11-11,114.830002,118.400002,114.260002,116.25,113.616867,4476200
2022-11-14,114.400002,115.529999,111.440002,111.57,109.042877,3096900
2022-11-15,109.510002,110.139999,103.339996,103.559998,101.21431,5862100
2022-11-16,103.959999,104.230003,100.160004,101.760002,99.455086,3455600
2022-11-17,99.68,100.010002,97.550003,99.440002,97.187637,2923900
2022-11-18,101.139999,101.589996,98.220001,98.959999,96.718506,2773300
2022-11-21,98.190002,101.410004,98.050003,101.309998,99.015274,2227200
2022-11-22,102.089996,103.529999,101.050003,101.550003,99.24984,1946700
2022-11-23,101.089996,102.0,100.150002,101.629997,99.328018,1284400
2022-11-25,101.139999,101.949997,100.900002,101.720001,99.415993,589200
2022-11-28,100.120003,101.269997,99.129997,99.580002,97.324471,1628100
2022-11-29,99.809998,102.160004,99.279999,102.080002,99.767838,1490000
2022-11-30,102.150002,103.370003,98.5,103.239998,100.901558,3160300
2022-12-01,100.029999,102.07,98.459999,99.32,97.070351,2353100
2022-12-02,98.150002,100.25,97.5,97.690002,95.477264,2915600
2022-12-05,96.330002,96.889999,94.089996,95.019997,92.867744,3462400
2022-12-06,95.099998,96.720001,92.760002,94.029999,91.900177,3408800
2022-12-07,93.449997,94.970001,92.730003,93.230003,91.118301,2913900
2022-12-08,93.790001,94.489998,92.5,93.580002,91.460373,2786000
2022-12-09,93.099998,95.410004,93.099998,94.410004,92.271576,1992800
2022-12-12,94.93,98.110001,94.239998,97.519997,95.311127,2809800
2022-12-13,101.309998,103.220001,97.860001,98.860001,96.620773,3411800
2022-12-14,98.239998,99.300003,95.18,96.599998,94.411957,3348200
2022-12-15,94.980003,95.489998,92.300003,93.849998,91.724251,3385000
2022-12-16,91.75,92.790001,89.220001,90.099998,88.059189,6729200
2022-12-19,89.830002,90.480003,86.980003,87.870003,85.8797,5174600
2022-12-20,87.769997,88.949997,87.309998,88.389999,86.387917,4167900
2022-12-21,89.330002,90.349998,88.919998,89.720001,87.68779,4594900
2022-12-22,88.449997,89.5,87.220001,89.489998,87.463005,4602100
2022-12-23,89.809998,90.760002,89.110001,90.690002,88.635826,1902600
2022-12-27,90.830002,91.440002,89.910004,90.75,88.694466,1801500
2022-12-28,91.07,91.940002,89.540001,89.699997,87.668243,2231900
2022-12-29,90.120003,92.809998,89.93,92.669998,90.570976,1740600
2022-12-30,91.510002,93.07,91.239998,92.959999,90.854408,2065500
2023-01-03,92.660004,95.599998,92.410004,92.970001,90.864182,2619400
2023-01-04,94.559998,97.980003,94.230003,95.800003,93.630081,3177500
2023-01-05,92.5,94.360001,91.529999,93.980003,91.851311,3406400
2023-01-06,94.32,97.760002,94.209999,97.07,94.871307,3668600
2023-01-09,97.839996,99.43,96.580002,97.449997,95.242699,4384000
2023-01-10,96.599998,98.529999,95.349998,98.5,96.268921,3196000
2023-01-11,99.230003,102.68,98.82,101.790001,99.484413,4095000
2023-01-12,102.620003,102.830002,99.68,101.019997,98.731834,2581700
2023-01-13,99.410004,103.360001,98.629997,102.849998,100.520393,3229300
2023-01-17,103.0,104.339996,102.370003,103.629997,101.282722,3493400
2023-01-18,103.349998,104.639999,101.849998,101.900002,99.591911,2670900
2023-01-19,97.309998,98.57,94.010002,97.910004,95.692291,5115500
2023-01-20,99.050003,104.339996,98.879997,104.18,101.820274,4136700
2023-01-23,104.290001,107.349998,103.800003,107.120003,104.69368,3567400
2023-01-24,105.760002,108.889999,105.760002,106.510002,104.097504,3621400
2023-01-25,104.940002,116.68,103.110001,116.089996,113.460503,10490300
2023-01-26,116.5,117.830002,114.529999,116.07,113.440964,4884000
2023-01-27,117.32,119.440002,116.459999,117.580002,114.916748,3612200
2023-01-30,116.440002,117.449997,115.0,115.0,112.395187,4310700
2023-01-31,116.07,119.019997,114.800003,119.0,116.304588,4298500
2023-02-01,113.0,117.699997,111.93,116.330002,113.695068,6732300
2023-02-02,118.199997,123.089996,117.510002,121.82,119.060715,5893500
2023-02-03,118.790001,123.040001,117.75,121.440002,119.276802,3205700
2023-02-06,119.620003,120.059998,117.379997,117.639999,115.544479,2541900
2023-02-07,117.550003,120.940002,117.349998,120.099998,117.960663,2953500
2023-02-08,118.519997,119.330002,117.190002,117.220001,115.131973,2322100
2023-02-09,117.699997,118.559998,114.93,115.599998,113.540825,2180300
2023-02-10,115.0,115.809998,114.150002,115.389999,113.334564,1666600
2023-02-13,114.970001,117.540001,114.470001,117.370003,115.279297,2157400
2023-02-14,116.440002,117.400002,114.230003,115.349998,113.295273,2831100
2023-02-15,113.760002,115.889999,112.959999,114.629997,112.588104,2097200
2023-02-16,112.900002,113.720001,111.510002,111.550003,109.562973,2284400
2023-02-17,110.889999,111.459999,109.220001,111.169998,109.189735,2651600
2023-02-21,110.339996,110.339996,107.809998,108.150002,106.223534,3325300
2023-02-22,108.57,109.480003,107.800003,108.589996,106.655685,2120200
2023-02-23,109.580002,110.900002,107.290001,109.510002,107.559303,2030800
2023-02-24,107.559998,109.75,107.269997,109.639999,107.686989,1931900
2023-02-27,111.0,111.589996,108.82,109.029999,107.08786,1792400
2023-02-28,109.440002,110.589996,109.010002,109.080002,107.136971,2777500
2023-03-01,109.489998,109.82,108.089996,108.580002,106.645866,1976200
2023-03-02,106.68,108.540001,105.839996,108.190002,106.262817,2178700
2023-03-03,109.150002,110.370003,108.230003,109.779999,107.824486,1725400
2023-03-06,109.629997,110.260002,108.089996,108.5,106.567299,1758700
2023-03-07,107.889999,108.440002,105.160004,105.510002,103.630554,2823100
2023-03-08,106.050003,106.779999,104.220001,104.940002,103.070709,2338500
2023-03-09,104.68,105.080002,100.610001,100.940002,99.141968,2790600
2023-03-10,99.620003,101.43,96.449997,98.190002,96.440941,5669100
2023-03-13,94.68,96.080002,90.620003,93.32,91.657692,7336300
2023-03-14,96.919998,99.199997,94.120003,96.07,94.358711,5396100
2023-03-15,91.540001,93.040001,89.559998,92.93,91.274643,6946200
2023-03-16,90.889999,94.610001,89.440002,93.559998,91.893425,3983200
2023-03-17,92.610001,92.650002,89.43,89.709999,88.112,6716500
2023-03-20,90.959999,93.599998,89.650002,90.239998,88.632553,4952500
2023-03-21,93.900002,95.839996,93.360001,94.559998,92.875603,4360500
2023-03-22,94.800003,95.400002,90.959999,91.010002,89.388847,2689900
2023-03-23,91.339996,92.830002,88.300003,89.910004,88.308449,4584000
2023-03-24,88.099998,90.650002,86.839996,90.449997,88.838814,3069100
2023-03-27,93.279999,93.779999,90.629997,91.75,90.115662,2466900
2023-03-28,90.709999,92.389999,90.690002,91.120003,89.496887,1941700
2023-03-29,92.959999,94.239998,92.260002,94.120003,92.443443,2629800
2023-03-30,95.519997,96.32,93.949997,94.18,92.50238,3410900
2023-03-31,94.940002,96.360001,94.019997,96.160004,94.447113,2533900
2023-04-03,96.050003,97.379997,95.25,96.32,94.604263,2060300
2023-04-04,97.449997,97.940002,95.050003,96.629997,94.90873,2927200
2023-04-05,95.599998,95.599998,92.940002,94.839996,93.150612,2853800
2023-04-06,94.900002,95.68,94.370003,94.93,93.239021,2045900
2023-04-10,93.400002,95.440002,92.449997,95.220001,93.523857,2421900
2023-04-11,96.129997,99.150002,95.559998,98.43,96.676674,2899600
2023-04-12,99.290001,99.489998,95.300003,95.690002,93.985481,3419200
2023-04-13,95.559998,96.529999,94.529999,95.879997,94.172096,2438900
2023-04-14,97.779999,98.5,95.93,96.580002,94.859627,2752800
2023-04-17,95.510002,97.860001,94.0,97.830002,96.087364,2505400
2023-04-18,98.0,98.040001,96.199997,97.550003,95.812347,2549400
2023-04-19,98.099998,99.68,96.949997,99.300003,97.531174,2191200
2023-04-20,97.699997,97.699997,96.25,97.269997,95.537331,2247200
2023-04-21,96.870003,97.169998,95.190002,96.589996,94.869446,2540800
2023-04-24,96.489998,96.730003,95.82,96.339996,94.623901,1404300
2023-04-25,94.879997,95.82,94.57,94.949997,93.258659,2635200
2023-04-26,95.199997,95.980003,93.550003,94.419998,92.738098,2271400
2023-04-27,95.050003,97.0,94.059998,95.989998,94.280128,5042900
2023-04-28,93.0,98.199997,92.0,97.300003,95.566803,5343400
2023-05-01,97.290001,97.480003,92.849998,93.169998,91.510361,3047300
2023-05-02,91.699997,92.690002,88.300003,89.550003,87.954857,6385600
2023-05-03,89.889999,90.5,87.57,88.029999,86.461922,4820500
2023-05-04,86.709999,87.209999,83.93,85.629997,84.104675,5271300
2023-05-05,87.449997,89.389999,87.050003,88.010002,86.442284,2692200
2023-05-08,88.809998,89.650002,88.32,89.07,87.483398,3118000
2023-05-09,87.989998,89.389999,87.379997,89.010002,87.424477,2003000
2023-05-10,90.449997,90.93,86.080002,87.040001,85.489563,2156200
2023-05-11,86.110001,87.529999,85.230003,87.419998,85.862793,3009900
2023-05-12,87.370003,87.510002,85.519997,86.339996,85.388077,2639700
2023-05-15,86.980003,89.25,86.550003,89.120003,88.137436,2541600
2023-05-16,94.0,94.449997,90.870003,90.949997,89.947258,8300300
2023-05-17,92.010002,94.839996,91.110001,94.690002,93.646027,4784100
2023-05-18,94.690002,99.580002,94.209999,99.230003,98.135971,5913900
2023-05-19,99.510002,99.989998,96.529999,97.93,96.850304,5463100
2023-05-22,98.440002,100.080002,98.290001,99.449997,98.353546,2843500
2023-05-23,99.5,103.870003,99.410004,102.169998,101.043549,4960400
2023-05-24,101.309998,102.040001,98.779999,99.489998,98.393105,2577200
2023-05-25,99.489998,100.599998,98.720001,99.919998,98.818359,2796800
2023-05-26,100.480003,103.099998,100.019997,102.849998,101.716057,3093100
2023-05-30,103.209999,105.050003,102.599998,104.709999,103.55555,3313300
2023-05-31,103.599998,104.75,101.639999,104.209999,103.061066,5192400
2023-06-01,105.029999,106.910004,103.690002,106.239998,105.06868,3424500
2023-06-02,108.339996,111.379997,107.889999,110.489998,109.271828,4997100
2023-06-05,110.959999,110.959999,108.989998,109.0,107.798256,2035800
2023-06-06,109.110001,112.449997,109.0,112.019997,110.78495,3404600
2023-06-07,112.629997,114.110001,112.260002,113.540001,112.2882,2415800
2023-06-08,113.0,113.449997,110.75,111.629997,110.399254,2985000
2023-06-09,112.239998,112.379997,110.650002,111.489998,110.260796,2141500
2023-06-12,111.120003,112.580002,110.75,111.830002,110.597054,2105200
2023-06-13,111.889999,114.120003,111.330002,113.650002,112.396988,2682800
2023-06-14,114.0,114.910004,111.68,112.330002,111.091537,2376500
2023-06-15,111.110001,112.089996,108.559998,111.650002,110.419037,2928800
2023-06-16,112.019997,112.239998,109.57,110.07,108.856453,4280800
2023-06-20,109.230003,109.760002,108.339996,109.120003,107.916931,2230300
2023-06-21,108.690002,109.410004,107.949997,108.279999,107.086189,1741500
2023-06-22,107.93,107.93,106.089996,106.910004,105.7313,1563000
2023-06-23,105.5,107.389999,105.150002,106.599998,105.424713,2271600
2023-06-26,106.940002,109.160004,106.18,106.220001,105.048904,1805600
2023-06-27,106.199997,109.25,106.099998,108.699997,107.501564,1659600
2023-06-28,108.470001,109.290001,106.879997,109.260002,108.055389,2561500
2023-06-29,109.050003,109.669998,107.980003,109.260002,108.055389,2722500
2023-06-30,110.419998,110.940002,108.730003,109.370003,108.164177,2212800
2023-07-03,109.470001,111.489998,109.199997,111.050003,109.825653,826600
2023-07-05,109.5,110.589996,108.68,109.120003,107.916931,2574300
2023-07-06,107.5,107.580002,105.550003,107.260002,106.077438,2072300
2023-07-07,107.160004,109.269997,106.82,108.040001,106.848839,1448500
2023-07-10,107.900002,110.309998,107.809998,109.449997,108.243286,3185500
2023-07-11,110.5,112.540001,109.720001,112.199997,110.962967,2940100
2023-07-12,114.199997,114.919998,112.25,112.739998,111.497017,1825200
2023-07-13,112.959999,114.480003,112.610001,114.18,112.921143,1554400
2023-07-14,114.57,114.860001,111.150002,111.550003,110.320145,1784200
2023-07-17,111.080002,113.830002,111.010002,113.43,112.179413,1654000
2023-07-18,113.910004,116.580002,113.75,116.07,114.790306,3081800
2023-07-19,116.559998,118.959999,116.059998,117.959999,116.659462,3486500
2023-07-20,114.989998,116.769997,113.660004,114.989998,113.722214,5867300
2023-07-21,116.440002,118.690002,113.529999,115.57,114.295822,5495200
2023-07-24,115.529999,117.489998,115.099998,117.220001,115.927628,3173500
2023-07-25,117.339996,117.529999,114.32,114.510002,113.247505,2586100
2023-07-26,115.059998,116.610001,113.800003,114.040001,112.782684,2666000
2023-07-27,115.120003,116.629997,113.529999,114.019997,112.762901,2582200
2023-07-28,116.129997,116.300003,114.360001,114.849998,113.583755,2062700
2023-07-31,115.169998,117.050003,115.089996,117.019997,115.729828,3082200
2023-08-01,116.25,116.919998,115.269997,116.480003,115.195786,2889400
2023-08-02,114.739998,114.739998,111.660004,113.25,112.001396,2300000
2023-08-03,112.809998,113.379997,111.620003,112.919998,111.675034,1954000
2023-08-04,112.580002,114.610001,112.099998,113.379997,112.728951,2250500
2023-08-07,114.099998,115.290001,113.910004,115.269997,114.608093,2420400
2023-08-08,112.330002,114.800003,111.129997,114.589996,113.931999,2028300
2023-08-09,114.080002,114.5,111.760002,111.809998,111.167961,1919600
2023-08-10,112.639999,113.160004,110.050003,110.540001,109.905258,1961300
2023-08-11,110.0,110.910004,109.0,110.379997,109.746178,1606400
2023-08-14,109.480003,109.620003,107.760002,109.160004,108.533188,2137500
2023-08-15,107.440002,107.440002,105.629997,106.910004,106.296104,2625400
2023-08-16,106.480003,106.900002,104.57,104.919998,104.317528,1695900
2023-08-17,105.400002,106.260002,104.470001,105.07,104.466667,1822200
2023-08-18,103.809998,105.5,103.809998,105.040001,104.436844,1517300
2023-08-21,105.269997,105.300003,103.199997,104.389999,103.790573,1533400
2023-08-22,104.529999,104.57,100.080002,100.300003,99.72406,3079200
2023-08-23,100.25,101.660004,99.75,101.620003,101.036484,1832700
2023-08-24,101.830002,103.199997,100.82,101.480003,100.897285,1548300
2023-08-25,101.489998,102.080002,99.879997,100.849998,100.270897,1264200
2023-08-28,101.790001,102.669998,100.959999,101.589996,101.006645,1446000
2023-08-29,101.360001,104.379997,101.239998,103.519997,102.925568,2089200
2023-08-30,103.599998,104.0,102.220001,102.559998,101.971077,1647000
2023-08-31,103.099998,103.43,102.040001,102.389999,101.802055,1875500
2023-09-01,103.160004,104.489998,103.160004,103.5,102.905685,1556800
2023-09-05,103.07,103.779999,101.510002,101.739998,101.155785,1976100
2023-09-06,101.07,101.690002,99.540001,101.459999,100.877396,2229500
2023-09-07,100.629997,100.900002,99.660004,99.919998,99.346237,2138000
2023-09-08,99.879997,100.050003,98.730003,99.919998,99.346237,2431900
2023-09-11,100.879997,101.739998,99.849998,100.029999,99.455605,1820000
2023-09-12,99.730003,101.809998,99.029999,101.050003,100.469757,2670700
2023-09-13,101.739998,101.970001,99.360001,100.339996,99.763824,1802900
2023-09-14,101.400002,102.660004,101.400002,102.260002,101.672806,1848300
2023-09-15,101.919998,104.610001,101.230003,104.459999,103.860168,4096900
2023-09-18,103.889999,103.970001,102.110001,102.580002,101.990967,1479200
2023-09-19,102.580002,102.970001,101.639999,101.690002,101.106079,1388800
2023-09-20,102.489998,103.290001,100.300003,100.559998,99.982559,1441700
2023-09-21,100.150002,100.510002,98.889999,98.93,98.361923,1667800
2023-09-22,98.849998,99.080002,97.610001,98.269997,97.705711,2089200
2023-09-25,97.650002,98.699997,97.019997,97.879997,97.317955,1599000
2023-09-26,97.0,98.589996,96.169998,97.099998,96.542435,2132100
2023-09-27,97.510002,97.550003,94.720001,95.489998,94.941673,2418300
2023-09-28,95.449997,97.089996,95.07,97.010002,96.45295,1840700
2023-09-29,97.690002,98.650002,96.589996,97.050003,96.492722,1859300
2023-10-02,96.870003,97.5,94.650002,95.120003,94.573807,2997700
2023-10-03,94.07,94.519997,92.529999,93.050003,92.515694,2191800
2023-10-04,93.279999,93.589996,91.790001,92.610001,92.078217,2518500
2023-10-05,91.849998,92.519997,90.879997,92.110001,91.581085,2275900
2023-10-06,91.349998,94.459999,91.019997,93.540001,93.002876,2314900
2023-10-09,92.589996,94.879997,92.370003,94.330002,93.788338,2243900
2023-10-10,95.230003,98.290001,95.230003,96.980003,96.423126,2467900
2023-10-11,97.0,98.589996,95.849998,97.120003,96.562325,1486800
2023-10-12,97.709999,97.879997,95.440002,96.910004,96.353531,1846900
2023-10-13,97.699997,98.230003,94.57,95.199997,94.653343,2246100
2023-10-16,96.410004,97.510002,95.540001,97.150002,96.592148,1645500
2023-10-17,95.910004,99.260002,95.910004,98.040001,97.477036,2113600
2023-10-18,97.040001,97.57,95.589996,95.93,95.37915,1574900
2023-10-19,94.510002,95.18,92.309998,92.699997,92.167694,3480100
2023-10-20,92.400002,92.860001,89.739998,90.230003,89.711884,2483500
2023-10-23,90.059998,91.769997,89.5,90.379997,89.861015,1834400
2023-10-24,90.709999,91.32,88.830002,89.199997,88.68779,2597600
2023-10-25,88.599998,90.129997,88.230003,88.970001,88.459122,2369400
2023-10-26,89.410004,91.089996,89.080002,89.510002,88.996017,3549700
2023-10-27,96.489998,99.769997,96.160004,97.739998,97.178757,6534100
2023-10-30,98.620003,101.260002,98.419998,100.540001,99.962685,3923400
2023-10-31,100.879997,101.830002,99.82,101.290001,100.708374,2619200
2023-11-01,101.650002,101.720001,99.370003,100.269997,99.694229,2186000
2023-11-02,102.0,104.93,101.379997,104.650002,104.04908,3287100
2023-11-03,105.870003,108.129997,105.870003,106.32,105.709488,3375700
2023-11-06,106.099998,106.919998,104.639999,105.449997,104.844482,2340500
2023-11-07,104.839996,105.739998,104.440002,105.010002,104.407013,2009700
2023-11-08,105.0,105.849998,104.32,105.080002,104.476616,2054000
2023-11-09,105.760002,106.019997,103.989998,104.489998,103.889999,1801900
2023-11-10,104.0,104.629997,102.629997,104.580002,104.580002,2503700
2023-11-13,104.040001,106.059998,103.790001,104.370003,104.370003,3009900
2023-11-14,106.93,108.120003,106.754997,107.974998,107.974998,549080
