Date,Open,High,Low,Close,Adj Close,Volume
2012-01-27,25.0,25.93,25.0,25.790001,9.455082,544400
2012-01-30,25.84,26.059999,25.440001,26.059999,9.554066,188000
2012-01-31,26.16,26.6,25.57,26.07,9.557736,256500
2012-02-01,26.35,26.59,26.059999,26.110001,9.572394,131400
2012-02-02,26.200001,26.5,26.200001,26.309999,9.645719,69800
2012-02-03,26.35,26.48,26.18,26.48,9.708051,35400
2012-02-06,26.23,26.299999,26.200001,26.290001,9.63839,16000
2012-02-07,26.299999,26.32,26.18,26.27,9.631062,33400
2012-02-08,26.290001,26.299999,26.24,26.290001,9.63839,14000
2012-02-09,26.27,26.280001,26.030001,26.18,9.598061,29700
2012-02-10,26.129999,26.15,26.0,26.040001,9.546734,25700
2012-02-13,26.049999,26.299999,26.0,26.24,9.620062,19300
2012-02-14,26.209999,26.25,26.129999,26.15,9.587057,11600
2012-02-15,26.23,26.24,26.08,26.08,9.561397,8700
2012-02-16,26.1,26.559999,26.1,26.219999,9.612728,95700
2012-02-17,26.25,26.59,26.25,26.59,9.748374,91400
2012-02-21,26.59,26.84,26.559999,26.67,9.777702,49500
2012-02-22,26.620001,26.870001,26.17,26.49,9.711715,76100
2012-02-23,26.49,26.690001,26.27,26.370001,9.66772,46100
2012-02-24,26.42,26.85,26.32,26.549999,9.733712,48500
2012-02-27,26.51,26.51,25.6,26.25,9.623724,118200
2012-02-28,26.209999,26.41,26.0,26.35,9.660386,97000
2012-02-29,26.32,26.4,26.01,26.15,9.587057,76400
2012-03-01,26.15,26.4,26.1,26.200001,9.605396,106000
2012-03-02,25.549999,25.83,25.299999,25.67,9.411084,499900
2012-03-05,25.639999,25.67,25.5,25.620001,9.392757,124300
2012-03-06,25.58,25.67,25.4,25.66,9.407422,107300
2012-03-07,25.66,25.99,25.549999,25.700001,9.422085,111100
2012-03-08,25.9,25.9,25.58,25.799999,9.458742,87200
2012-03-09,25.75,25.860001,25.610001,25.74,9.436754,55600
2012-03-12,25.76,25.83,25.65,25.83,9.469742,56200
2012-03-13,25.9,25.9,25.690001,25.75,9.440415,80300
2012-03-14,25.5,25.52,24.98,25.389999,9.3692,47600
2012-03-15,25.4,25.530001,25.34,25.41,9.376576,90500
2012-03-16,25.43,25.450001,25.120001,25.23,9.310158,59700
2012-03-19,25.25,25.450001,25.209999,25.440001,9.387648,53000
2012-03-20,25.450001,25.5,25.15,25.5,9.409783,54700
2012-03-21,25.25,25.5,25.129999,25.450001,9.391338,111500
2012-03-22,25.389999,25.48,25.25,25.48,9.402405,79200
2012-03-23,25.459999,25.459999,25.26,25.459999,9.395027,71400
2012-03-26,25.41,25.48,25.24,25.35,9.354436,55200
2012-03-27,25.4,25.65,25.32,25.559999,9.431929,121600
2012-03-28,25.450001,25.9,25.450001,25.700001,9.48359,79200
2012-03-29,25.709999,25.83,25.5,25.77,9.509421,59600
2012-03-30,25.83,25.84,25.52,25.610001,9.45038,80100
2012-04-02,25.549999,25.84,25.549999,25.690001,9.479899,55500
2012-04-03,25.65,25.870001,25.65,25.799999,9.520487,63900
2012-04-04,25.75,25.879999,25.709999,25.83,9.531559,83300
2012-04-05,25.93,25.93,25.799999,25.799999,9.520487,77200
2012-04-09,25.799999,25.950001,25.76,25.82,9.527872,37800
2012-04-10,25.83,25.85,25.76,25.84,9.53525,87700
2012-04-11,25.889999,26.0,25.879999,25.959999,9.579531,68600
2012-04-12,25.950001,26.0,25.860001,25.9,9.557391,36300
2012-04-13,25.870001,26.040001,25.860001,26.0,9.594292,27900
2012-04-16,26.0,26.0,25.860001,25.93,9.568462,35800
2012-04-17,25.860001,26.08,25.700001,26.08,9.623812,63200
2012-04-18,25.93,25.950001,25.68,25.9,9.61899,14800
2012-04-19,25.9,26.059999,25.76,25.889999,9.615274,10200
2012-04-20,25.92,26.42,25.76,26.15,9.711831,106800
2012-04-23,26.09,26.25,25.76,26.1,9.693257,103200
2012-04-24,26.110001,26.360001,25.969999,26.17,9.719257,179400
2012-04-25,26.25,26.299999,26.110001,26.25,9.74897,78600
2012-04-26,26.299999,26.4,26.200001,26.33,9.778681,140100
2012-04-27,26.370001,26.370001,26.01,26.040001,9.670985,69300
2012-04-30,26.25,26.35,26.139999,26.209999,9.734116,51000
2012-05-01,26.1,26.209999,26.030001,26.129999,9.704404,48700
2012-05-02,26.09,26.139999,25.98,26.030001,9.667265,63000
2012-05-03,26.030001,26.040001,25.780001,26.01,9.659838,64000
2012-05-04,26.030001,26.25,25.93,26.25,9.74897,84400
2012-05-07,26.200001,26.23,26.139999,26.190001,9.726696,57000
2012-05-08,26.17,26.17,25.34,25.98,9.648696,156500
2012-05-09,25.93,25.959999,25.85,25.93,9.630133,25700
2012-05-10,25.92,25.92,25.85,25.879999,9.611558,54000
2012-05-11,25.879999,25.9,25.76,25.860001,9.604132,66000
2012-05-14,25.870001,25.9,25.76,25.82,9.589274,101000
2012-05-15,25.84,26.0,25.799999,25.799999,9.581845,118000
2012-05-16,25.68,25.709999,25.549999,25.620001,9.576993,16200
2012-05-17,25.51,25.639999,25.459999,25.469999,9.52092,137800
2012-05-18,25.4,25.4,25.08,25.120001,9.390084,99200
2012-05-21,25.16,25.549999,25.07,25.469999,9.52092,76900
2012-05-22,25.469999,25.540001,25.299999,25.4,9.494747,73000
2012-05-23,25.4,25.59,25.299999,25.52,9.539611,138000
2012-05-24,25.52,25.59,25.35,25.49,9.528393,80200
2012-05-25,25.49,25.68,25.450001,25.67,9.595678,57800
2012-05-29,25.690001,26.5,25.690001,25.93,9.692867,113700
2012-05-30,25.85,26.07,25.85,25.969999,9.707818,47000
2012-05-31,25.98,26.15,25.91,26.0,9.719037,87100
2012-06-01,25.9,26.370001,25.9,26.1,9.756413,90900
2012-06-04,26.09,26.459999,25.91,26.299999,9.831176,113100
2012-06-05,26.280001,26.49,26.16,26.299999,9.831176,79200
2012-06-06,26.280001,26.4,26.200001,26.34,9.84613,56700
2012-06-07,26.35,26.48,26.280001,26.440001,9.883512,50800
2012-06-08,26.469999,26.540001,26.370001,26.49,9.902204,59900
2012-06-11,26.43,26.690001,26.43,26.67,9.969488,59300
2012-06-12,26.6,26.780001,26.52,26.610001,9.94706,107900
2012-06-13,26.620001,26.620001,25.950001,26.0,9.780416,85300
2012-06-14,26.620001,26.620001,25.65,25.9,9.742799,128600
2012-06-15,25.93,26.24,25.860001,26.120001,9.825557,99700
2012-06-18,26.139999,26.299999,26.0,26.290001,9.889504,65500
2012-06-19,26.27,26.42,26.18,26.379999,9.923357,65300
2012-06-20,26.370001,26.4,26.200001,26.24,9.870691,73300
2012-06-21,26.299999,26.5,26.290001,26.389999,9.927123,51900
2012-06-22,26.35,26.59,26.219999,26.280001,9.885739,45600
2012-06-25,26.299999,26.299999,26.1,26.139999,9.83308,59000
2012-06-26,26.139999,26.459999,26.139999,26.379999,9.923357,92100
2012-06-27,26.25,26.49,26.129999,26.49,9.964741,77800
2012-06-28,26.49,26.99,26.26,26.889999,10.115207,130000
2012-06-29,26.790001,26.889999,26.620001,26.889999,10.115207,64700
2012-07-02,26.91,26.91,26.629999,26.82,10.088873,44700
2012-07-03,26.889999,27.040001,26.74,26.85,10.100161,23100
2012-07-05,26.92,26.92,26.690001,26.9,10.118969,115200
2012-07-06,26.940001,26.940001,26.860001,26.870001,10.10768,53700
2012-07-09,26.5,26.780001,26.33,26.6,10.006119,109500
2012-07-10,25.959999,26.6,25.959999,26.4,9.930882,73500
2012-07-11,26.4,26.66,26.370001,26.66,10.028687,51700
2012-07-12,26.629999,26.690001,26.450001,26.59,10.002351,122600
2012-07-13,26.5,26.700001,26.5,26.530001,9.979789,82500
2012-07-16,26.450001,26.84,26.440001,26.780001,10.073824,76400
2012-07-17,26.85,27.01,26.52,26.549999,9.98731,101300
2012-07-18,26.43,26.83,26.43,26.690001,10.103524,68500
2012-07-19,26.6,26.690001,26.540001,26.58,10.061878,49700
2012-07-20,26.66,26.67,26.5,26.6,10.069453,71700
2012-07-23,26.26,26.51,26.26,26.4,9.993746,56800
2012-07-24,26.43,26.49,26.0,26.209999,9.92182,170900
2012-07-25,26.35,26.35,26.110001,26.24,9.933173,63700
2012-07-26,26.26,26.35,25.98,26.02,9.849894,118600
2012-07-27,26.01,26.370001,26.01,26.32,9.963458,45600
2012-07-30,26.25,26.42,26.24,26.41,9.997526,61300
2012-07-31,26.49,26.59,26.370001,26.5,10.0316,87600
2012-08-01,26.58,26.83,26.49,26.549999,10.050529,82900
2012-08-02,26.59,26.6,26.41,26.450001,10.012672,66800
2012-08-03,26.43,26.98,26.43,26.82,10.152734,84800
2012-08-06,26.66,27.26,26.549999,26.65,10.08838,91400
2012-08-07,26.75,26.870001,26.280001,26.51,10.035378,125400
2012-08-08,26.5,26.75,26.459999,26.75,10.126232,60700
2012-08-09,26.75,27.059999,26.629999,26.73,10.11867,69300
2012-08-10,26.57,27.33,26.57,27.200001,10.296585,78400
2012-08-13,27.16,27.16,26.950001,26.98,10.213301,54400
2012-08-14,26.950001,27.139999,26.620001,26.629999,10.080808,67900
2012-08-15,26.559999,26.66,26.469999,26.549999,10.113952,47100
2012-08-16,26.610001,27.07,26.57,26.780001,10.201567,82900
2012-08-17,26.860001,27.030001,26.74,26.75,10.190137,44400
2012-08-20,26.719999,26.870001,26.639999,26.67,10.159668,50100
2012-08-21,26.68,26.85,26.5,26.85,10.228233,82700
2012-08-22,26.809999,26.9,26.75,26.75,10.190137,86400
2012-08-23,26.85,27.0,26.540001,26.799999,10.209182,100100
2012-08-24,26.700001,26.780001,26.549999,26.639999,10.148235,49400
2012-08-27,26.690001,26.75,26.43,26.530001,10.106334,80500
2012-08-28,26.450001,26.540001,26.309999,26.4,10.056812,130200
2012-08-29,26.35,26.700001,26.35,26.700001,10.17109,95900
2012-08-30,26.719999,26.719999,26.459999,26.5,10.094908,74700
2012-08-31,26.52,26.639999,26.360001,26.530001,10.106334,57700
2012-09-04,26.6,26.709999,26.57,26.690001,10.167284,35800
2012-09-05,26.74,26.82,26.620001,26.799999,10.209182,49800
2012-09-06,26.860001,26.950001,26.620001,26.690001,10.167284,74300
2012-09-07,26.76,26.82,26.610001,26.690001,10.167284,58900
2012-09-10,26.75,26.91,26.59,26.809999,10.212995,45100
2012-09-11,26.799999,26.93,26.719999,26.870001,10.235851,46200
2012-09-12,26.75,26.950001,26.73,26.870001,10.299862,51500
2012-09-13,26.879999,27.07,26.85,26.92,10.319035,89700
2012-09-14,26.879999,26.879999,26.530001,26.57,10.184872,196800
2012-09-17,26.690001,26.75,26.440001,26.540001,10.17337,84900
2012-09-18,26.52,26.75,26.379999,26.719999,10.242371,94900
2012-09-19,26.73,26.879999,26.549999,26.870001,10.299862,134000
2012-09-20,26.870001,26.870001,26.709999,26.75,10.253865,80000
2012-09-21,26.76,26.889999,26.719999,26.870001,10.299862,74400
2012-09-24,26.790001,26.969999,26.700001,26.799999,10.273038,99500
2012-09-25,26.799999,26.799999,26.65,26.799999,10.273038,93300
2012-09-26,26.780001,26.83,26.66,26.74,10.250036,103200
2012-09-27,26.75,27.07,26.719999,26.83,10.284534,91200
2012-09-28,26.77,27.17,26.77,27.07,10.376533,92700
2012-10-01,27.0,27.129999,26.719999,26.870001,10.299862,122400
2012-10-02,26.91,26.92,26.75,26.82,10.280703,59000
2012-10-03,26.889999,27.290001,26.85,27.25,10.445528,130000
2012-10-04,27.25,27.59,27.1,27.58,10.572021,122400
2012-10-05,27.57,27.68,27.27,27.41,10.50686,87800
2012-10-08,27.43,27.690001,27.32,27.4,10.503024,81800
2012-10-09,27.4,27.5,27.190001,27.299999,10.464697,51900
2012-10-10,27.32,27.41,26.73,26.969999,10.338203,158400
2012-10-11,27.02,27.02,26.75,26.860001,10.296033,101600
2012-10-12,26.940001,27.27,26.879999,27.26,10.449361,60100
2012-10-15,27.26,27.299999,26.9,26.9,10.311369,69700
2012-10-16,26.940001,27.08,26.860001,26.950001,10.330535,86400
2012-10-17,26.83,26.99,26.76,26.85,10.356382,76300
2012-10-18,26.809999,26.9,26.76,26.85,10.356382,60600
2012-10-19,26.959999,27.07,26.860001,27.0,10.414233,54400
2012-10-22,26.98,26.98,26.76,26.92,10.383377,49300
2012-10-23,26.84,26.84,26.57,26.58,10.252236,83700
2012-10-24,26.58,26.85,26.58,26.6,10.259953,72300
2012-10-25,26.57,26.68,26.48,26.49,10.217522,54300
2012-10-26,26.549999,26.6,26.51,26.540001,10.236805,34100
2012-10-31,26.639999,26.68,26.43,26.540001,10.236805,72400
2012-11-01,26.52,26.76,26.459999,26.49,10.217522,53200
2012-11-02,26.52,26.809999,26.52,26.68,10.290802,44000
2012-11-05,26.6,26.780001,26.6,26.74,10.31395,20400
2012-11-06,26.799999,26.99,26.41,26.58,10.252236,187800
2012-11-07,26.43,26.549999,26.309999,26.5,10.221379,55000
2012-11-08,26.51,26.940001,26.51,26.76,10.321668,75500
2012-11-09,26.559999,27.01,26.469999,26.99,10.410377,75300
2012-11-12,26.719999,27.209999,26.65,27.0,10.414233,21000
2012-11-13,27.0,27.049999,26.870001,26.870001,10.364084,63000
2012-11-14,26.74,26.83,26.41,26.549999,10.304707,72600
2012-11-15,26.469999,26.51,26.030001,26.1,10.130053,135400
2012-11-16,26.129999,26.370001,26.08,26.15,10.149458,77900
2012-11-19,26.34,26.639999,26.200001,26.6,10.324116,50400
2012-11-20,26.639999,26.67,26.16,26.290001,10.2038,100300
2012-11-21,26.360001,26.49,26.309999,26.370001,10.234847,52100
2012-11-23,26.4,26.5,26.4,26.48,10.277539,18800
2012-11-26,26.52,26.530001,26.200001,26.24,10.184389,72800
2012-11-27,26.379999,26.4,25.92,25.959999,10.075712,170100
2012-11-28,25.969999,26.34,25.969999,26.120001,10.137813,153500
2012-11-29,26.16,26.32,26.16,26.309999,10.211561,95200
2012-11-30,26.41,26.43,26.030001,26.1,10.130053,125300
2012-12-03,26.129999,26.59,26.129999,26.57,10.312473,99300
2012-12-04,26.58,26.719999,26.5,26.719999,10.370685,55600
2012-12-05,26.73,26.9,26.639999,26.790001,10.397853,63000
2012-12-06,26.75,27.139999,26.690001,26.93,10.452195,66100
2012-12-07,26.940001,27.17,26.940001,27.0,10.479364,137900
2012-12-10,27.08,27.209999,26.940001,27.09,10.514297,83300
2012-12-11,27.049999,27.290001,27.049999,27.209999,10.56087,103000
2012-12-12,26.6,27.049999,26.6,26.84,10.671002,23800
2012-12-13,26.940001,26.940001,26.49,26.620001,10.583537,96700
2012-12-14,26.65,26.99,26.65,26.860001,10.67895,67600
2012-12-17,26.82,26.82,26.27,26.459999,10.519917,110400
2012-12-18,26.530001,26.74,26.48,26.639999,10.591483,69200
2012-12-19,26.799999,26.950001,26.719999,26.940001,10.710759,96400
2012-12-20,27.0,27.059999,26.84,26.99,10.730637,76500
2012-12-21,26.889999,27.0,26.6,26.959999,10.718702,52900
2012-12-24,27.0,27.07,26.950001,26.959999,10.718702,27900
2012-12-26,27.0,27.049999,26.690001,26.9,10.694853,28600
2012-12-27,26.9,26.98,26.719999,26.959999,10.718702,68200
2012-12-28,26.969999,27.01,26.799999,26.85,10.674972,50600
2012-12-31,26.76,27.01,26.719999,27.0,10.734608,37900
2013-01-02,27.200001,27.25,26.690001,27.0,10.734608,106800
2013-01-03,26.969999,27.110001,26.66,26.75,10.635217,57700
2013-01-04,26.77,26.889999,26.6,26.77,10.643171,115300
2013-01-07,26.799999,26.83,26.41,26.639999,10.591483,105100
2013-01-08,26.719999,26.950001,26.719999,26.84,10.671002,90200
2013-01-09,27.0,27.0,26.84,26.85,10.674972,82800
2013-01-10,26.9,27.17,26.9,26.93,10.706788,104400
2013-01-11,26.879999,27.08,26.879999,27.030001,10.746544,53200
2013-01-14,27.110001,27.440001,27.08,27.42,10.9016,51600
2013-01-15,27.33,27.42,27.059999,27.23,10.826048,89000
2013-01-16,27.129999,27.26,27.030001,27.219999,10.888856,26600
2013-01-17,27.200001,27.370001,27.049999,27.200001,10.880857,128900
2013-01-18,27.25,27.27,27.1,27.16,10.864856,54500
2013-01-22,27.309999,27.370001,27.030001,27.08,10.832853,105500
2013-01-23,27.049999,27.18,26.879999,27.09,10.836859,98300
2013-01-24,27.120001,27.200001,26.76,26.82,10.72885,81100
2013-01-25,26.799999,27.1,26.690001,26.98,10.792853,99300
2013-01-28,26.9,26.98,26.08,26.370001,10.54884,397300
2013-01-29,26.4,26.450001,26.18,26.26,10.504838,88500
2013-01-30,26.370001,26.540001,26.24,26.25,10.500832,107000
2013-01-31,26.379999,26.629999,26.33,26.459999,10.584835,133400
2013-02-01,26.459999,26.629999,26.35,26.370001,10.54884,108200
2013-02-04,26.370001,26.49,26.209999,26.35,10.540836,88800
2013-02-05,26.450001,26.879999,26.360001,26.870001,10.748844,153900
2013-02-06,26.82,27.09,26.719999,26.99,10.796855,157400
2013-02-07,27.07,27.190001,26.68,26.82,10.72885,60100
2013-02-08,26.9,27.09,26.559999,26.73,10.692839,55700
2013-02-11,28.059999,28.059999,26.85,27.030001,10.812855,83300
2013-02-12,26.469999,27.15,26.290001,27.139999,10.856861,66300
2013-02-13,27.129999,27.129999,26.719999,26.809999,10.791245,82600
2013-02-14,26.85,27.110001,26.85,26.969999,10.855648,64400
2013-02-15,27.059999,27.129999,26.91,27.02,10.875776,46500
2013-02-19,27.049999,27.26,26.9,27.26,10.972376,127800
2013-02-20,27.049999,27.219999,26.959999,27.0,10.867722,62100
2013-02-21,27.01,27.190001,26.92,27.129999,10.920049,66400
2013-02-22,27.1,27.200001,27.07,27.17,10.936148,122700
2013-02-25,27.18,27.18,26.719999,26.82,10.795273,85100
2013-02-26,26.799999,27.040001,26.73,26.92,10.835526,59800
2013-02-27,27.0,27.139999,26.799999,26.950001,10.847603,82200
2013-02-28,27.73,27.75,26.809999,26.82,10.795273,54100
2013-03-01,26.82,26.940001,26.82,26.870001,10.815403,31100
2013-03-04,26.85,27.15,26.85,26.98,10.859674,68400
2013-03-05,27.110001,27.110001,26.879999,26.959999,10.851629,67300
2013-03-06,26.85,26.950001,26.719999,26.82,10.795273,109300
2013-03-07,26.790001,26.84,26.66,26.75,10.7671,64800
2013-03-08,26.700001,26.879999,26.700001,26.83,10.799295,69100
2013-03-11,26.799999,26.98,26.74,26.93,10.839549,55200
2013-03-12,26.969999,26.98,26.889999,26.959999,10.851629,55400
2013-03-13,26.75,26.93,26.530001,26.58,10.765352,48600
2013-03-14,26.52,26.93,26.35,26.42,10.700555,150500
2013-03-15,26.27,26.48,26.209999,26.4,10.692452,87100
2013-03-18,26.1,26.48,25.73,26.41,10.696502,91500
2013-03-19,26.309999,26.59,26.290001,26.51,10.737002,64700
2013-03-20,26.549999,26.719999,26.49,26.719999,10.822064,53200
2013-03-21,26.719999,26.719999,26.35,26.6,10.773455,57300
2013-03-22,26.58,26.67,26.379999,26.49,10.728908,50300
2013-03-25,26.5,26.59,26.26,26.309999,10.656001,69900
2013-03-26,26.4,26.540001,26.290001,26.35,10.672198,63800
2013-03-27,26.33,26.59,26.27,26.49,10.728908,78300
2013-03-28,26.790001,26.790001,26.360001,26.75,10.834211,246800
2013-04-01,26.75,27.02,26.65,27.01,10.939509,120200
2013-04-02,27.09,27.09,26.9,26.98,10.927364,45800
2013-04-03,27.040001,27.040001,26.83,26.950001,10.915215,72200
2013-04-04,26.940001,27.0,26.6,26.700001,10.813958,95100
2013-04-05,26.75,26.75,26.5,26.59,10.769405,97500
2013-04-08,26.700001,26.75,26.51,26.58,10.765352,73100
2013-04-09,26.700001,26.719999,26.459999,26.6,10.773455,53200
2013-04-10,26.65,26.950001,26.65,26.92,10.903064,95500
2013-04-11,26.9,26.959999,26.75,26.91,10.899011,66300
2013-04-12,26.950001,27.110001,26.9,27.08,10.96786,152000
2013-04-15,27.17,27.17,26.700001,27.07,10.963816,56300
2013-04-16,27.0,27.200001,26.85,26.940001,10.91116,90800
2013-04-17,26.85,26.940001,26.610001,26.940001,10.979222,14000
2013-04-18,26.950001,26.969999,26.5,26.77,10.909938,105900
2013-04-19,26.77,26.799999,26.459999,26.59,10.836584,68200
2013-04-22,26.709999,26.75,26.5,26.620001,10.848803,97100
2013-04-23,26.559999,26.58,26.41,26.42,10.767303,211400
2013-04-24,26.4,26.58,26.290001,26.57,10.828432,170400
2013-04-25,26.5,26.639999,26.4,26.459999,10.783604,151800
2013-04-26,26.459999,26.67,26.389999,26.639999,10.856962,79700
2013-04-29,26.65,26.75,26.549999,26.74,10.897711,30800
2013-04-30,26.790001,26.99,26.77,26.940001,10.979222,58600
2013-05-01,26.93,27.049999,26.889999,27.0,11.003672,89600
2013-05-02,27.030001,27.1,26.98,27.07,11.0322,51300
2013-05-03,27.030001,27.35,27.01,27.309999,11.130013,118800
2013-05-06,27.26,27.74,27.26,27.700001,11.288958,98000
2013-05-07,27.620001,27.75,27.4,27.469999,11.195215,78800
2013-05-08,27.59,27.65,27.32,27.549999,11.227822,47600
2013-05-09,27.610001,27.67,27.42,27.66,11.272657,60800
2013-05-10,27.75,28.200001,27.700001,28.17,11.480508,87500
2013-05-13,28.049999,28.379999,27.879999,28.030001,11.423446,54800
2013-05-14,28.139999,28.25,27.870001,27.9,11.370462,54900
2013-05-15,27.73,27.73,27.280001,27.459999,11.258533,13000
2013-05-16,27.52,27.52,27.32,27.440001,11.250337,32500
2013-05-17,27.58,27.68,27.379999,27.450001,11.254437,25000
2013-05-20,27.5,27.950001,27.5,27.84,11.414329,55600
2013-05-21,27.780001,28.08,27.780001,27.92,11.447127,94300
2013-05-22,27.950001,28.08,27.790001,27.870001,11.426636,48800
2013-05-23,27.690001,28.0,27.549999,27.969999,11.467633,75200
2013-05-24,27.940001,27.940001,27.65,27.719999,11.365133,32800
2013-05-28,27.780001,27.940001,27.309999,27.35,11.213434,51300
2013-05-29,27.200001,27.25,26.33,27.040001,11.086334,169500
2013-05-30,27.09,27.23,26.620001,26.700001,10.946938,73600
2013-05-31,26.85,26.950001,26.5,26.540001,10.881336,65100
2013-06-03,26.76,26.76,26.18,26.35,10.803441,99600
2013-06-04,26.35,26.629999,26.209999,26.559999,10.889537,78000
2013-06-05,26.450001,26.549999,26.1,26.290001,10.77884,130900
2013-06-06,26.25,26.360001,26.02,26.08,10.692729,76400
2013-06-07,26.129999,26.200001,25.83,25.98,10.651737,125600
2013-06-10,25.84,25.98,25.709999,25.85,10.598433,146200
2013-06-11,25.200001,25.799999,24.559999,25.18,10.323738,435800
2013-06-12,25.18,25.24,24.700001,24.83,10.180247,257900
2013-06-13,24.6,25.5,24.58,25.49,10.450838,204700
2013-06-14,25.5,25.540001,25.0,25.299999,10.37294,90400
2013-06-17,25.309999,25.6,25.299999,25.49,10.450838,57500
2013-06-18,25.370001,25.6,25.360001,25.549999,10.475438,109700
2013-06-19,25.27,25.950001,25.08,25.629999,10.577374,133900
2013-06-20,25.200001,25.33,24.610001,24.76,10.218329,148400
2013-06-21,24.889999,24.9,24.540001,24.65,10.172928,100300
2013-06-24,24.58,25.030001,24.01,24.84,10.251347,144600
2013-06-25,24.950001,25.139999,24.530001,24.92,10.284364,95900
2013-06-26,25.200001,25.719999,25.059999,25.700001,10.606268,87400
2013-06-27,25.719999,25.940001,25.610001,25.66,10.589756,66500
2013-06-28,25.799999,25.799999,25.049999,25.049999,10.338008,71200
2013-07-01,25.139999,25.57,25.129999,25.129999,10.371023,59600
2013-07-02,25.17,25.34,24.889999,24.950001,10.296738,68800
2013-07-03,24.76,24.870001,24.700001,24.74,10.210073,25100
2013-07-05,24.690001,24.73,23.969999,23.98,9.896425,110100
2013-07-08,23.9,23.98,23.559999,23.67,9.768491,138900
2013-07-09,23.860001,24.190001,23.68,24.0,9.904684,113100
2013-07-10,24.24,24.58,24.17,24.379999,10.061502,52900
2013-07-11,25.23,25.23,24.43,24.559999,10.135788,74200
2013-07-12,24.57,24.67,24.51,24.6,10.152298,31100
2013-07-15,24.77,25.48,24.77,25.15,10.379276,139500
2013-07-16,25.200001,25.290001,24.73,25.139999,10.375159,56200
2013-07-17,25.030001,25.18,24.879999,25.01,10.39053,49400
2013-07-18,25.1,25.129999,24.66,25.120001,10.436228,87300
2013-07-19,25.129999,25.200001,24.68,24.700001,10.261736,77100
2013-07-22,24.6,24.700001,24.42,24.43,10.149566,48200
2013-07-23,24.4,24.4,24.0,24.129999,10.024923,79200
2013-07-24,24.059999,24.1,23.85,23.92,9.937682,51600
2013-07-25,23.709999,24.1,23.65,23.690001,9.842128,84000
2013-07-26,23.9,24.17,23.610001,24.07,9.999997,36800
2013-07-29,23.9,24.15,23.76,23.92,9.937682,6200
2013-07-30,24.08,24.09,23.82,23.889999,9.925212,43400
2013-07-31,23.870001,23.959999,23.610001,23.639999,9.821354,55100
2013-08-01,23.82,23.82,22.41,22.82,9.480679,266000
2013-08-02,22.85,23.08,22.6,22.639999,9.405896,239000
2013-08-05,22.889999,22.889999,22.6,22.73,9.443287,112800
2013-08-06,22.6,22.870001,22.5,22.76,9.455753,103400
2013-08-07,22.85,23.0,22.42,22.959999,9.538838,176700
2013-08-08,23.110001,23.309999,22.709999,22.940001,9.530538,133700
2013-08-09,22.860001,23.5,22.549999,23.459999,9.746571,142700
2013-08-12,23.440001,23.809999,23.049999,23.049999,9.576232,123000
2013-08-13,23.190001,23.190001,22.700001,22.83,9.484835,91300
2013-08-14,22.66,22.91,22.360001,22.370001,9.362213,106000
2013-08-15,22.190001,22.450001,21.879999,22.07,9.236656,180900
2013-08-16,22.370001,22.41,21.559999,21.870001,9.15295,178900
2013-08-19,22.0,22.129999,21.5,21.59,9.035769,172300
2013-08-20,21.530001,22.200001,21.530001,22.040001,9.224097,129700
2013-08-21,22.16,22.16,21.799999,21.99,9.203165,75500
2013-08-22,21.9,22.26,21.85,22.25,9.311985,72300
2013-08-23,22.379999,23.110001,22.200001,22.780001,9.533802,192600
2013-08-26,22.9,23.049999,22.76,22.889999,9.579837,93700
2013-08-27,22.790001,23.040001,22.68,22.690001,9.496133,113200
2013-08-28,22.66,22.91,22.280001,22.889999,9.579837,64200
2013-08-29,22.700001,22.84,22.450001,22.559999,9.441726,80400
2013-08-30,22.700001,22.85,22.51,22.799999,9.54217,65700
2013-09-03,22.84,23.299999,22.84,23.15,9.68865,116000
2013-09-04,23.120001,23.27,23.02,23.17,9.697023,76800
2013-09-05,23.17,23.17,22.209999,22.32,9.341286,195500
2013-09-06,22.49,22.959999,22.379999,22.75,9.521247,80400
2013-09-09,22.950001,23.129999,22.620001,22.75,9.521247,85900
2013-09-10,22.690001,22.75,22.07,22.35,9.353835,196900
2013-09-11,22.57,22.67,22.299999,22.610001,9.462655,96800
2013-09-12,22.870001,22.870001,22.549999,22.65,9.479388,74500
2013-09-13,22.799999,22.799999,22.43,22.459999,9.399873,78800
2013-09-16,22.73,22.73,22.52,22.68,9.491947,50600
2013-09-17,22.639999,22.719999,22.58,22.690001,9.496133,84300
2013-09-18,22.530001,23.25,22.280001,23.15,9.760489,156000
2013-09-19,23.23,23.23,22.719999,22.73,9.583408,91500
2013-09-20,22.940001,22.969999,22.68,22.879999,9.646649,46100
2013-09-23,22.879999,23.1,22.85,23.09,9.735191,65700
2013-09-24,23.120001,23.33,23.0,23.25,9.802648,77900
2013-09-25,23.15,23.49,23.15,23.25,9.802648,74600
2013-09-26,23.379999,23.42,23.200001,23.219999,9.790005,34600
2013-09-27,23.280001,23.32,22.83,22.93,9.667736,42800
2013-09-30,22.969999,23.120001,22.879999,22.879999,9.646649,90200
2013-10-01,22.85,23.0,22.809999,22.93,9.667736,47300
2013-10-02,22.959999,23.01,22.540001,22.629999,9.541246,101500
2013-10-03,22.549999,22.85,22.51,22.74,9.587628,88400
2013-10-04,22.82,22.889999,22.6,22.709999,9.574977,53500
2013-10-07,22.66,22.879999,22.620001,22.620001,9.537033,66500
2013-10-08,22.610001,22.73,22.42,22.549999,9.507519,77600
2013-10-09,22.52,22.67,22.34,22.389999,9.440063,54300
2013-10-10,22.57,22.66,22.370001,22.6,9.528599,71400
2013-10-11,22.68,23.030001,22.610001,23.030001,9.709896,55200
2013-10-14,22.950001,22.950001,22.66,22.719999,9.579191,75400
2013-10-15,22.77,22.77,22.379999,22.67,9.558113,43100
2013-10-16,22.58,22.65,22.440001,22.450001,9.535598,111700
2013-10-17,22.48,23.049999,22.389999,23.049999,9.790445,297700
2013-10-18,23.07,23.67,23.0,23.459999,9.964595,194800
2013-10-21,23.4,23.6,23.16,23.559999,10.007068,68900
2013-10-22,23.57,23.6,23.34,23.559999,10.007068,103700
2013-10-23,23.6,23.709999,23.549999,23.67,10.053797,57500
2013-10-24,23.969999,23.969999,23.51,23.690001,10.062289,52100
2013-10-25,23.610001,23.98,23.6,23.9,10.151486,74900
2013-10-28,23.959999,23.98,23.629999,23.91,10.155732,64200
2013-10-29,23.950001,23.969999,23.73,23.879999,10.142987,65100
2013-10-30,23.959999,23.98,23.700001,23.889999,10.147232,81400
2013-10-31,23.969999,23.969999,23.700001,23.860001,10.134496,72700
2013-11-01,23.98,23.98,23.52,23.530001,9.994328,92500
2013-11-04,23.43,23.719999,23.26,23.549999,10.002824,62700
2013-11-05,23.35,23.52,23.08,23.200001,9.85416,63100
2013-11-06,23.24,23.379999,22.84,22.889999,9.722485,68500
2013-11-07,22.889999,23.1,22.889999,23.059999,9.794692,51700
2013-11-08,22.92,23.030001,22.5,22.75,9.663023,129600
2013-11-11,22.950001,23.0,22.629999,23.0,9.769215,43300
2013-11-12,23.0,23.0,22.84,22.98,9.760715,68800
2013-11-13,23.02,23.02,22.66,22.690001,9.708089,55600
2013-11-14,22.68,22.780001,22.530001,22.719999,9.720926,82000
2013-11-15,22.870001,23.02,22.65,23.02,9.849283,81000
2013-11-18,22.959999,23.280001,22.719999,23.120001,9.89206,86300
2013-11-19,23.0,23.15,22.440001,22.57,9.656747,61700
2013-11-20,22.57,22.82,22.530001,22.65,9.690971,121000
2013-11-21,22.559999,22.57,22.08,22.4,9.584009,186400
2013-11-22,22.299999,22.41,22.16,22.32,9.54978,111600
2013-11-25,22.27,22.360001,22.24,22.34,9.558338,57400
2013-11-26,22.469999,22.92,22.27,22.790001,9.750876,145300
2013-11-27,22.870001,23.0,22.700001,22.85,9.776544,126000
2013-11-29,22.9,23.040001,22.780001,22.99,9.836447,64000
2013-12-02,23.01,23.18,22.75,23.08,9.874953,139100
2013-12-03,23.139999,23.219999,22.969999,23.219999,9.934856,408400
2013-12-04,23.139999,23.139999,22.67,22.82,9.763714,111300
2013-12-05,22.719999,23.059999,22.57,22.65,9.690971,101700
2013-12-06,22.629999,22.84,22.629999,22.76,9.738041,58900
2013-12-09,22.82,22.91,22.51,22.65,9.690971,70200
2013-12-10,22.75,22.92,22.639999,22.860001,9.78083,85300
2013-12-11,23.059999,23.059999,22.85,22.879999,9.78938,86800
2013-12-12,22.76,22.93,22.58,22.65,9.690971,68700
2013-12-13,22.77,22.790001,22.620001,22.700001,9.712365,95800
2013-12-16,22.66,22.809999,22.48,22.51,9.631077,109000
2013-12-17,22.33,22.52,22.280001,22.389999,9.57974,156800
2013-12-18,22.17,22.360001,22.01,22.17,9.556889,146500
2013-12-19,22.17,22.190001,21.83,22.129999,9.539643,180200
2013-12-20,22.139999,22.209999,22.0,22.059999,9.509468,176400
2013-12-23,22.209999,22.5,22.030001,22.23,9.582748,304700
2013-12-24,22.17,22.299999,22.1,22.25,9.591369,99800
2013-12-26,22.25,22.48,22.1,22.1,9.526711,79700
2013-12-27,22.110001,22.23,22.0,22.129999,9.539643,148100
2013-12-30,22.1,22.200001,22.0,22.09,9.522403,149100
2013-12-31,22.02,22.389999,21.870001,22.32,9.621547,313000
2014-01-02,22.32,22.379999,22.07,22.25,9.591369,48600
2014-01-03,22.34,22.360001,22.200001,22.35,9.63448,53300
2014-01-06,22.4,22.43,22.299999,22.4,9.656034,49800
2014-01-07,22.52,22.83,22.41,22.75,9.80691,120100
2014-01-08,22.65,22.82,22.58,22.719999,9.793973,69500
2014-01-09,22.790001,22.799999,22.34,22.35,9.63448,104300
2014-01-10,22.459999,22.75,22.450001,22.700001,9.785355,140400
2014-01-13,22.82,22.969999,22.639999,22.91,9.875877,169600
2014-01-14,22.870001,23.09,22.860001,22.959999,9.897429,246000
2014-01-15,22.860001,22.860001,22.6,22.799999,9.900474,289900
2014-01-16,22.76,22.84,22.620001,22.639999,9.830997,108300
2014-01-17,22.73,22.860001,22.620001,22.65,9.835336,161800
2014-01-21,22.65,23.09,22.65,23.049999,10.009029,126700
2014-01-22,23.0,23.08,22.950001,23.030001,10.00035,72100
2014-01-23,23.09,23.219999,23.0,23.139999,10.048111,102200
2014-01-24,23.16,23.209999,22.950001,23.07,10.017716,66000
2014-01-27,23.190001,23.190001,22.75,22.83,9.913505,91400
2014-01-28,22.940001,23.129999,22.84,23.129999,10.043767,148400
2014-01-29,23.01,23.190001,22.969999,23.110001,10.035087,94700
2014-01-30,23.23,23.23,23.09,23.209999,10.078506,51400
2014-01-31,23.16,23.290001,23.08,23.280001,10.108904,47700
2014-02-03,23.32,23.379999,23.129999,23.27,10.104564,74100
2014-02-04,23.34,23.360001,23.15,23.33,10.130618,46000
2014-02-05,23.32,23.42,23.0,23.07,10.017716,99700
2014-02-06,23.120001,23.219999,23.0,23.049999,10.009029,63500
2014-02-07,23.08,23.139999,22.950001,23.08,10.022055,108900
2014-02-10,23.1,23.17,23.049999,23.129999,10.043767,42700
2014-02-11,23.15,23.219999,23.110001,23.200001,10.074165,43200
2014-02-12,23.07,23.139999,23.030001,23.120001,10.112209,56900
2014-02-13,23.1,23.25,23.030001,23.25,10.169079,47400
2014-02-14,23.23,23.440001,23.209999,23.4,10.234686,76400
2014-02-18,23.49,23.49,23.309999,23.34,10.208444,47500
2014-02-19,23.370001,23.6,23.35,23.57,10.309035,88000
2014-02-20,23.559999,23.610001,23.440001,23.540001,10.295922,67100
2014-02-21,23.58,23.6,23.389999,23.41,10.239056,42500
2014-02-24,23.440001,23.58,23.290001,23.48,10.269677,52500
2014-02-25,23.51,23.52,23.379999,23.459999,10.260926,31300
2014-02-26,23.32,23.32,23.129999,23.17,10.134089,142400
2014-02-27,23.17,23.360001,23.16,23.299999,10.190944,194100
2014-02-28,23.34,23.34,23.120001,23.200001,10.14721,176400
2014-03-03,23.18,23.18,22.950001,22.959999,10.042232,183500
2014-03-04,23.040001,23.309999,23.01,23.290001,10.186579,377200
2014-03-05,23.24,23.299999,23.15,23.299999,10.190944,81600
2014-03-06,23.290001,23.290001,23.08,23.110001,10.107844,217200
2014-03-07,23.129999,23.129999,22.799999,22.83,9.98538,202200
2014-03-10,22.940001,22.940001,22.860001,22.9,10.015995,82300
2014-03-11,22.99,23.030001,22.799999,22.809999,9.976626,164400
2014-03-12,22.68,22.82,22.610001,22.74,10.019365,114600
2014-03-13,22.790001,23.15,22.709999,23.08,10.169174,141600
2014-03-14,23.08,23.08,22.91,22.950001,10.111895,107700
2014-03-17,22.98,23.120001,22.91,23.08,10.169174,108200
2014-03-18,23.1,23.15,23.01,23.1,10.177986,70300
2014-03-19,23.049999,23.200001,22.940001,23.09,10.173578,108100
2014-03-20,23.09,23.15,22.889999,23.1,10.177986,118900
2014-03-21,23.18,23.27,22.969999,23.190001,10.217641,89800
2014-03-24,23.15,23.209999,23.049999,23.110001,10.182391,39400
2014-03-25,23.18,23.209999,23.07,23.09,10.173578,74100
2014-03-26,23.1,23.18,22.959999,23.040001,10.151546,77100
2014-03-27,23.09,23.16,23.0,23.07,10.164768,89800
2014-03-28,23.02,23.450001,23.02,23.1,10.177986,170100
2014-03-31,23.18,23.190001,23.07,23.15,10.200015,90400
2014-04-01,23.219999,23.219999,23.049999,23.1,10.177986,67000
2014-04-02,23.1,23.110001,22.82,22.82,10.054617,148800
2014-04-03,22.93,22.940001,22.879999,22.93,10.103083,29300
2014-04-04,23.030001,23.030001,22.85,22.940001,10.107487,50000
2014-04-07,22.9,22.99,22.879999,22.99,10.129523,27900
2014-04-08,22.940001,23.200001,22.940001,23.16,10.204421,86400
2014-04-09,23.129999,23.290001,23.110001,23.280001,10.257297,37700
2014-04-10,23.280001,23.440001,23.280001,23.290001,10.261704,44700
2014-04-11,23.34,23.35,23.200001,23.280001,10.257297,46900
2014-04-14,23.33,23.35,23.190001,23.200001,10.222048,67100
2014-04-15,23.190001,23.23,23.120001,23.15,10.273972,31400
2014-04-16,23.23,23.299999,23.15,23.299999,10.340539,71400
2014-04-17,23.200001,23.24,23.15,23.16,10.278407,26900
2014-04-21,23.15,23.280001,23.110001,23.139999,10.269534,36400
2014-04-22,23.219999,23.219999,23.049999,23.15,10.273972,43000
2014-04-23,23.1,23.34,23.1,23.290001,10.336108,44700
2014-04-24,23.299999,23.33,23.27,23.309999,10.344982,24600
2014-04-25,23.309999,23.34,23.110001,23.15,10.273972,41800
2014-04-28,23.26,23.360001,23.09,23.120001,10.260652,40900
2014-04-29,23.139999,23.23,22.950001,23.030001,10.220716,155100
2014-04-30,23.0,23.07,23.0,23.059999,10.234031,48900
2014-05-01,23.110001,23.17,23.059999,23.09,10.247341,45300
2014-05-02,23.09,23.219999,23.059999,23.200001,10.296162,60100
2014-05-05,23.24,23.290001,23.200001,23.25,10.31835,69500
2014-05-06,23.27,23.299999,23.209999,23.290001,10.336108,34700
2014-05-07,23.299999,23.370001,23.290001,23.309999,10.344982,38400
2014-05-08,23.360001,23.389999,23.299999,23.379999,10.376043,40300
2014-05-09,23.389999,23.5,23.370001,23.49,10.424862,81300
2014-05-12,23.5,23.540001,23.440001,23.459999,10.411549,76600
2014-05-13,23.440001,23.549999,23.440001,23.549999,10.45149,46600
2014-05-14,23.49,23.530001,23.139999,23.209999,10.374168,56300
2014-05-15,23.280001,23.35,23.15,23.17,10.356286,63700
2014-05-16,23.17,23.49,23.17,23.49,10.499317,61500
2014-05-19,23.469999,23.49,23.33,23.450001,10.481442,43300
2014-05-20,23.52,23.549999,23.41,23.5,10.50378,24100
2014-05-21,23.549999,23.690001,23.5,23.52,10.512725,78900
2014-05-22,23.67,23.67,23.469999,23.530001,10.517198,42500
2014-05-23,23.6,23.6,23.469999,23.5,10.50378,36700
2014-05-27,23.610001,23.67,23.450001,23.49,10.499317,99300
2014-05-28,23.629999,23.66,23.4,23.51,10.508254,76300
2014-05-29,23.52,23.59,23.43,23.49,10.499317,38100
2014-05-30,23.559999,23.559999,23.42,23.469999,10.49038,43400
2014-06-02,23.52,23.530001,23.42,23.450001,10.481442,56300
2014-06-03,23.43,23.5,23.15,23.15,10.347347,70600
2014-06-04,23.26,23.35,23.15,23.33,10.427803,78300
2014-06-05,23.450001,23.49,23.33,23.48,10.494845,94700
2014-06-06,23.549999,23.959999,23.51,23.83,10.651282,114900
2014-06-09,23.9,23.959999,23.66,23.83,10.651282,98500
2014-06-10,23.9,23.940001,23.83,23.91,10.687042,96700
2014-06-11,23.91,24.16,23.75,24.040001,10.745154,153000
2014-06-12,24.059999,24.42,23.93,24.360001,10.888185,135800
2014-06-13,24.34,24.51,24.110001,24.42,10.914997,88600
2014-06-16,24.450001,24.450001,24.24,24.24,10.834544,40800
2014-06-17,24.290001,24.290001,23.82,24.01,10.731738,58700
2014-06-18,23.879999,23.93,23.540001,23.690001,10.662881,130900
2014-06-19,23.620001,23.67,23.290001,23.370001,10.518847,161500
2014-06-20,23.4,23.52,23.24,23.52,10.586358,112300
2014-06-23,23.52,23.58,23.34,23.360001,10.514348,115800
2014-06-24,23.35,23.42,23.200001,23.25,10.464829,119900
2014-06-25,23.26,23.4,23.26,23.360001,10.514348,57000
2014-06-26,23.450001,23.49,23.290001,23.35,10.509834,72100
2014-06-27,23.389999,23.43,23.379999,23.4,10.532343,28900
2014-06-30,23.43,23.65,23.43,23.65,10.644873,67700
2014-07-01,23.77,23.82,23.629999,23.76,10.694385,52800
2014-07-02,23.860001,23.860001,23.190001,23.25,10.464829,141000
2014-07-03,23.360001,23.360001,23.049999,23.1,10.397314,91000
2014-07-07,23.15,23.299999,23.129999,23.23,10.455834,55300
2014-07-08,23.299999,23.360001,23.219999,23.27,10.473835,55700
2014-07-09,23.27,23.32,23.24,23.299999,10.487338,31300
2014-07-10,23.280001,23.33,23.200001,23.280001,10.478334,43000
2014-07-11,23.370001,23.41,23.299999,23.360001,10.514348,25900
2014-07-14,23.450001,23.450001,23.26,23.35,10.509834,88900
2014-07-15,23.35,23.389999,23.290001,23.360001,10.514348,63600
2014-07-16,23.209999,23.35,23.200001,23.25,10.540183,37300
2014-07-17,23.33,23.43,23.26,23.35,10.585511,51300
2014-07-18,23.4,23.4,23.35,23.35,10.585511,54000
2014-07-21,23.42,23.59,23.370001,23.42,10.617255,55200
2014-07-22,23.58,23.58,23.209999,23.219999,10.526582,72700
2014-07-23,23.25,23.49,23.25,23.33,10.576456,40100
2014-07-24,23.309999,23.34,23.040001,23.110001,10.476713,171100
2014-07-25,23.15,23.17,22.889999,22.93,10.395113,137400
2014-07-28,22.950001,23.02,22.92,22.99,10.422313,75000
2014-07-29,22.99,23.129999,22.98,23.1,10.472179,36400
2014-07-30,23.049999,23.07,22.85,22.959999,10.40871,120900
2014-07-31,22.84,22.870001,22.52,22.68,10.281776,175800
2014-08-01,22.59,22.870001,22.51,22.860001,10.363383,114700
2014-08-04,22.82,22.889999,22.719999,22.889999,10.37698,55400
2014-08-05,22.879999,22.92,22.66,22.83,10.349779,71300
2014-08-06,22.77,23.030001,22.77,22.91,10.386049,32800
2014-08-07,23.030001,23.15,22.92,23.120001,10.481248,86800
2014-08-08,23.23,23.24,23.110001,23.129999,10.485784,63400
2014-08-11,23.209999,23.309999,23.120001,23.299999,10.56285,43400
2014-08-12,23.280001,23.43,23.200001,23.4,10.608181,45700
2014-08-13,23.32,23.32,23.15,23.18,10.583982,27000
2014-08-14,23.23,23.26,23.190001,23.26,10.620516,28600
2014-08-15,23.290001,23.5,23.23,23.360001,10.666174,118100
2014-08-18,23.48,23.540001,23.290001,23.290001,10.634212,58800
2014-08-19,23.360001,23.360001,23.16,23.24,10.611386,39300
2014-08-20,23.27,23.389999,23.209999,23.290001,10.634212,35700
2014-08-21,23.35,23.48,23.25,23.43,10.698136,42700
2014-08-22,23.35,23.4,23.24,23.26,10.620516,60100
2014-08-25,23.389999,23.48,23.17,23.26,10.620516,57800
2014-08-26,23.34,23.389999,23.219999,23.25,10.615949,68000
2014-08-27,23.32,23.34,23.18,23.219999,10.60225,52700
2014-08-28,23.26,23.280001,23.209999,23.26,10.620516,30100
2014-08-29,23.299999,23.299999,23.219999,23.26,10.620516,33000
2014-09-02,23.16,23.200001,23.07,23.18,10.583982,62900
2014-09-03,23.17,23.35,23.15,23.309999,10.643345,64300
2014-09-04,23.190001,23.35,23.190001,23.26,10.620516,55700
2014-09-05,23.26,23.379999,23.23,23.379999,10.675309,68700
2014-09-08,23.299999,23.379999,23.27,23.360001,10.666174,58600
2014-09-09,23.360001,23.360001,22.959999,23.059999,10.529195,145500
2014-09-10,23.129999,23.200001,23.08,23.15,10.570287,73000
2014-09-11,23.190001,23.25,23.1,23.25,10.615949,40300
2014-09-12,23.190001,23.209999,23.07,23.15,10.570287,46900
2014-09-15,23.23,23.23,23.08,23.139999,10.565721,33900
2014-09-16,23.17,23.200001,23.08,23.139999,10.565721,69700
2014-09-17,23.09,23.24,23.09,23.23,10.683918,74600
2014-09-18,23.219999,23.34,23.18,23.26,10.697719,57300
2014-09-19,23.34,23.34,23.26,23.33,10.729912,35900
2014-09-22,23.360001,23.389999,23.290001,23.35,10.739107,93200
2014-09-23,23.299999,23.35,23.200001,23.219999,10.679318,41300
2014-09-24,23.290001,23.42,23.26,23.27,10.702316,77100
2014-09-25,23.360001,23.370001,23.139999,23.15,10.647128,64500
2014-09-26,23.08,23.1,22.870001,23.059999,10.605731,102800
2014-09-29,23.049999,23.219999,22.959999,23.200001,10.670121,117200
2014-09-30,23.4,23.6,23.25,23.6,10.854088,160500
2014-10-01,23.459999,23.639999,23.41,23.42,10.771304,187000
2014-10-02,23.450001,23.620001,23.299999,23.5,10.808099,94500
2014-10-03,23.52,23.75,23.379999,23.709999,10.904678,116100
2014-10-06,23.65,23.85,23.65,23.83,10.959872,107000
2014-10-07,23.700001,23.969999,23.700001,23.940001,11.010463,72100
2014-10-08,23.92,23.969999,23.809999,23.950001,11.01506,65300
2014-10-09,23.99,23.99,23.66,23.85,10.969069,116300
2014-10-10,23.73,23.9,23.43,23.65,10.877087,109800
2014-10-13,23.559999,23.879999,23.559999,23.67,10.886289,36000
2014-10-14,23.76,23.82,23.549999,23.690001,10.895483,63700
2014-10-15,23.530001,23.65,23.33,23.65,10.954307,110400
2014-10-16,23.6,23.959999,23.41,23.93,11.083998,58600
2014-10-17,23.85,23.92,23.629999,23.83,11.037682,52500
2014-10-20,23.84,23.84,23.6,23.66,10.958939,55200
2014-10-21,23.799999,23.84,23.67,23.82,11.03305,57100
2014-10-22,23.82,23.82,23.68,23.790001,11.019159,51700
2014-10-23,23.889999,23.92,23.73,23.9,11.070105,54200
2014-10-24,23.92,24.049999,23.85,23.98,11.10716,91900
2014-10-27,23.98,24.219999,23.870001,24.08,11.153479,59100
2014-10-28,24.15,24.190001,24.02,24.120001,11.172005,56700
2014-10-29,24.059999,24.17,23.940001,24.01,11.121058,61200
2014-10-30,24.0,24.1,23.959999,24.1,11.162741,69200
2014-10-31,24.24,24.25,24.1,24.209999,11.213694,73800
2014-11-03,24.25,24.25,24.16,24.200001,11.209058,57200
2014-11-04,24.23,24.360001,24.18,24.33,11.269278,43300
2014-11-05,24.4,24.42,24.200001,24.35,11.278536,62400
2014-11-06,24.27,24.42,24.190001,24.42,11.310961,86200
2014-11-07,24.389999,24.5,24.290001,24.290001,11.250746,77100
2014-11-10,24.4,24.49,24.219999,24.299999,11.255376,113400
2014-11-11,24.26,24.34,24.18,24.33,11.269278,55000
2014-11-12,24.18,24.4,24.16,24.4,11.379803,80500
2014-11-13,24.4,24.450001,24.15,24.15,11.263211,137900
2014-11-14,24.15,24.35,24.15,24.18,11.277202,85000
2014-11-17,24.18,24.25,24.09,24.09,11.235226,79800
2014-11-18,24.040001,24.42,24.02,24.290001,11.328507,106800
2014-11-19,24.299999,24.33,24.139999,24.15,11.263211,73100
2014-11-20,24.200001,24.24,24.120001,24.15,11.263211,47700
2014-11-21,24.209999,24.5,24.200001,24.389999,11.375139,203000
2014-11-24,24.389999,24.620001,24.290001,24.51,11.431108,98100
2014-11-25,24.52,24.66,24.459999,24.65,11.496406,34300
2014-11-26,24.59,24.92,24.52,24.85,11.589676,87800
2014-11-28,24.93,25.290001,24.799999,25.1,11.706285,53000
2014-12-01,25.17,25.450001,25.0,25.09,11.701608,170000
2014-12-02,25.059999,25.110001,24.879999,25.0,11.659636,75100
2014-12-03,24.950001,25.23,24.950001,25.1,11.706285,186200
2014-12-04,25.049999,25.139999,24.84,24.93,11.626989,100500
2014-12-05,24.91,25.200001,24.91,24.969999,11.645648,85000
2014-12-08,25.09,25.09,24.870001,24.93,11.626989,98900
2014-12-09,24.790001,24.950001,24.65,24.93,11.626989,87900
2014-12-10,24.870001,25.0,24.709999,24.870001,11.599005,75600
2014-12-11,24.799999,25.17,24.77,25.059999,11.687616,116700
2014-12-12,24.950001,25.24,24.860001,25.18,11.743587,122800
2014-12-15,25.389999,25.540001,25.200001,25.209999,11.757579,96200
2014-12-16,25.08,25.309999,24.24,24.540001,11.445105,214500
2014-12-17,23.959999,24.280001,23.6,24.209999,11.600347,115500
2014-12-18,24.299999,24.59,24.219999,24.280001,11.633887,135000
2014-12-19,24.200001,24.309999,24.049999,24.209999,11.600347,108200
2014-12-22,24.07,24.15,23.940001,24.040001,11.518892,69600
2014-12-23,24.15,24.280001,23.98,24.200001,11.595555,92000
2014-12-24,24.08,24.35,23.950001,24.32,11.653054,39700
2014-12-26,24.379999,24.629999,24.280001,24.559999,11.768048,49700
2014-12-29,24.540001,24.610001,24.4,24.5,11.739304,75900
2014-12-30,24.389999,24.58,24.389999,24.549999,11.763253,98000
2014-12-31,24.75,24.799999,24.459999,24.559999,11.768048,159100
2015-01-02,24.48,24.76,24.469999,24.639999,11.806374,62700
2015-01-05,24.51,25.190001,24.51,25.16,12.055544,172600
2015-01-06,25.08,25.190001,24.889999,25.15,12.050754,95500
2015-01-07,25.190001,25.379999,25.07,25.299999,12.122625,122200
2015-01-08,25.26,25.49,25.139999,25.49,12.213665,95300
2015-01-09,25.41,25.76,25.059999,25.059999,12.007627,210100
2015-01-12,24.950001,25.799999,24.950001,25.799999,12.362198,124900
2015-01-13,25.629999,25.74,25.49,25.51,12.22325,88200
2015-01-14,25.25,25.549999,25.120001,25.52,12.308615,80700
2015-01-15,25.549999,25.700001,25.360001,25.360001,12.231445,73400
2015-01-16,25.32,25.4,25.040001,25.120001,12.115698,159200
2015-01-20,25.07,25.43,25.07,25.41,12.255559,64400
2015-01-21,25.41,25.51,25.41,25.51,12.303798,43400
2015-01-22,25.65,25.66,25.4,25.530001,12.313441,50200
2015-01-23,25.43,25.709999,25.41,25.65,12.371324,65100
2015-01-26,25.620001,25.690001,25.51,25.58,12.337555,52000
2015-01-27,25.57,25.67,25.48,25.559999,12.327909,65500
2015-01-28,25.5,25.9,25.440001,25.799999,12.44366,71000
2015-01-29,25.93,26.51,25.83,25.950001,12.516014,203700
2015-01-30,25.91,26.09,25.82,25.889999,12.487066,67200
2015-02-02,25.799999,26.0,25.719999,25.99,12.535301,101800
2015-02-03,25.84,26.5,25.799999,26.5,12.781277,66300
2015-02-04,26.27,26.27,25.68,25.799999,12.44366,110500
2015-02-05,25.52,25.83,25.120001,25.76,12.424373,149000
2015-02-06,25.610001,25.870001,25.25,25.65,12.371324,146900
2015-02-09,25.469999,26.02,25.440001,25.98,12.530475,158700
2015-02-10,26.02,26.02,25.82,25.82,12.453309,39500
2015-02-11,25.540001,25.870001,25.469999,25.790001,12.519814,51300
2015-02-12,25.76,25.82,25.530001,25.549999,12.403312,97300
2015-02-13,25.49,25.790001,25.49,25.639999,12.447002,80700
2015-02-17,25.6,25.6,24.99,25.02,12.146021,105800
2015-02-18,24.879999,25.0,24.799999,24.959999,12.116891,70300
2015-02-19,24.99,25.1,24.809999,25.09,12.180001,39200
2015-02-20,24.959999,25.67,24.73,25.59,12.422734,226700
2015-02-23,25.6,25.6,25.299999,25.379999,12.320789,104400
2015-02-24,25.299999,25.459999,25.15,25.34,12.301365,59900
2015-02-25,25.4,25.5,25.299999,25.41,12.335343,65700
2015-02-26,25.52,25.799999,25.440001,25.57,12.413019,75900
2015-02-27,25.469999,25.85,25.35,25.780001,12.514964,39300
2015-03-02,25.709999,25.940001,25.690001,25.879999,12.563505,53400
2015-03-03,25.73,25.84,25.6,25.719999,12.485837,33300
2015-03-04,25.629999,25.93,25.629999,25.93,12.587776,33000
2015-03-05,25.860001,26.129999,25.860001,26.110001,12.67516,59400
2015-03-06,25.860001,25.969999,25.18,25.379999,12.320789,111200
2015-03-09,25.379999,25.51,25.290001,25.309999,12.286798,48500
2015-03-10,25.200001,25.280001,25.15,25.209999,12.238254,27800
2015-03-11,25.1,25.57,25.1,25.450001,12.437152,43800
2015-03-12,25.360001,25.700001,25.17,25.27,12.349188,56700
2015-03-13,25.23,25.73,25.190001,25.549999,12.486024,43600
2015-03-16,25.42,25.42,25.24,25.290001,12.358963,49600
2015-03-17,25.120001,25.190001,24.610001,24.799999,12.119495,88600
2015-03-18,24.84,24.99,24.610001,24.610001,12.02665,133300
2015-03-19,24.66,24.77,24.65,24.709999,12.075519,64900
2015-03-20,24.700001,24.82,24.549999,24.690001,12.065752,111100
2015-03-23,24.709999,24.709999,24.58,24.58,12.011992,85400
2015-03-24,24.68,24.700001,24.52,24.559999,12.002219,113700
2015-03-25,24.559999,24.68,24.559999,24.68,12.060857,56300
2015-03-26,24.59,24.860001,24.59,24.639999,12.041305,59400
2015-03-27,24.6,24.83,24.6,24.780001,12.109729,29600
2015-03-30,24.74,24.959999,24.74,24.85,12.143937,25100
2015-03-31,24.74,24.99,24.719999,24.85,12.143937,56000
2015-04-01,24.82,24.969999,24.77,24.959999,12.197693,48600
2015-04-02,24.860001,25.09,24.860001,25.08,12.256337,46800
2015-04-06,25.129999,25.17,25.0,25.09,12.261223,70200
2015-04-07,25.059999,25.27,25.0,25.26,12.344301,66400
2015-04-08,25.200001,25.25,25.129999,25.15,12.290549,34900
2015-04-09,25.1,25.23,24.98,25.02,12.227016,54500
2015-04-10,25.1,25.24,25.1,25.18,12.305207,41200
2015-04-13,25.1,25.219999,25.059999,25.18,12.305207,40900
2015-04-14,25.129999,25.25,25.120001,25.25,12.339416,33500
2015-04-15,25.1,25.16,24.809999,24.82,12.210033,67300
2015-04-16,24.9,25.09,24.85,25.0,12.298581,55500
2015-04-17,24.83,25.200001,24.83,25.200001,12.396972,44100
2015-04-20,25.24,25.299999,25.139999,25.17,12.382212,46700
2015-04-21,25.129999,25.299999,25.059999,25.299999,12.446165,36900
2015-04-22,25.370001,25.620001,25.25,25.25,12.421568,22700
2015-04-23,25.200001,25.34,25.16,25.309999,12.451083,42900
2015-04-24,25.209999,25.26,25.1,25.129999,12.362535,70300
2015-04-27,25.16,25.25,25.16,25.25,12.421568,25800
2015-04-28,25.190001,25.24,25.120001,25.17,12.382212,38500
2015-04-29,25.01,25.15,24.950001,25.139999,12.367453,55100
2015-04-30,25.08,25.120001,24.889999,25.040001,12.318258,48700
2015-05-01,24.99,25.16,24.99,25.09,12.342859,32400
2015-05-04,25.0,25.1,24.98,25.040001,12.318258,45400
2015-05-05,24.98,25.02,24.870001,24.870001,12.23463,28900
2015-05-06,25.02,25.02,24.870001,24.879999,12.239553,65900
2015-05-07,24.9,25.18,24.780001,25.059999,12.328096,88400
2015-05-08,25.030001,25.129999,24.99,25.059999,12.328096,48400
2015-05-11,25.0,25.059999,24.77,24.799999,12.200186,66700
2015-05-12,24.790001,25.030001,24.790001,25.01,12.3035,66700
2015-05-13,24.889999,24.92,24.43,24.49,12.12868,79300
2015-05-14,24.48,24.76,24.43,24.450001,12.108869,79800
2015-05-15,24.469999,24.540001,24.440001,24.49,12.12868,68300
2015-05-18,24.459999,24.48,24.25,24.299999,12.034584,74500
2015-05-19,24.209999,24.379999,24.18,24.34,12.054394,45000
2015-05-20,24.26,24.639999,24.17,24.629999,12.198017,63300
2015-05-21,24.66,24.950001,24.24,24.25,12.009822,90100
2015-05-22,24.26,24.49,24.26,24.459999,12.113815,49600
2015-05-26,24.379999,24.42,24.32,24.360001,12.064295,33200
2015-05-27,24.290001,24.51,24.290001,24.450001,12.108869,47400
2015-05-28,24.370001,24.370001,24.25,24.309999,12.039534,33500
2015-05-29,24.389999,24.459999,23.73,24.01,11.890959,114800
2015-06-01,24.040001,24.1,23.76,24.01,11.890959,115300
2015-06-02,23.950001,24.02,23.77,23.889999,11.831527,83400
2015-06-03,23.889999,24.0,23.809999,23.879999,11.826578,130800
2015-06-04,23.799999,23.950001,23.68,23.92,11.846388,88000
2015-06-05,23.700001,23.870001,23.700001,23.799999,11.786957,50900
2015-06-08,23.700001,23.790001,23.559999,23.59,11.682953,68100
2015-06-09,23.559999,23.68,23.219999,23.26,11.51952,182600
2015-06-10,23.18,23.209999,23.059999,23.15,11.465041,216700
2015-06-11,23.190001,23.309999,23.139999,23.17,11.474957,159300
2015-06-12,23.24,23.280001,23.049999,23.120001,11.450187,150600
2015-06-15,23.110001,23.209999,23.01,23.1,11.440279,81600
2015-06-16,23.059999,23.25,23.030001,23.219999,11.499712,83300
2015-06-17,23.15,23.16,23.040001,23.07,11.508183,51000
2015-06-18,23.02,23.280001,23.01,23.280001,11.612944,141200
2015-06-19,23.24,23.65,23.24,23.639999,11.792532,135000
2015-06-22,23.610001,23.690001,23.41,23.59,11.767585,61900
2015-06-23,23.549999,23.549999,23.370001,23.459999,11.702742,96600
2015-06-24,23.33,23.950001,23.33,23.82,11.882323,103500
2015-06-25,23.700001,23.709999,23.280001,23.35,11.647863,46000
2015-06-26,23.26,23.370001,23.01,23.049999,11.498213,80300
2015-06-29,22.93,23.059999,22.610001,22.83,11.38847,226300
2015-06-30,22.879999,23.24,22.879999,23.17,11.558083,63900
2015-07-01,23.17,23.35,23.129999,23.32,11.632901,51000
2015-07-02,23.32,23.540001,23.23,23.530001,11.737649,78100
2015-07-06,23.370001,23.639999,23.35,23.639999,11.792532,48600
2015-07-07,23.59,23.780001,23.5,23.73,11.837425,83400
2015-07-08,23.690001,23.780001,23.5,23.77,11.857377,95800
2015-07-09,23.690001,23.700001,23.610001,23.610001,11.777566,30800
2015-07-10,23.6,23.700001,23.450001,23.700001,11.82246,74900
2015-07-13,23.559999,23.91,23.469999,23.709999,11.827445,59400
2015-07-14,23.6,23.74,23.559999,23.73,11.837425,113000
2015-07-15,23.530001,23.790001,23.530001,23.790001,11.951468,48800
2015-07-16,23.719999,23.77,23.52,23.6,11.856009,76700
2015-07-17,23.559999,23.700001,23.309999,23.379999,11.745496,99600
2015-07-20,23.379999,23.440001,23.219999,23.290001,11.700282,70300
2015-07-21,23.219999,23.309999,23.190001,23.190001,11.650039,52500
2015-07-22,23.15,23.35,23.15,23.18,11.645017,83500
2015-07-23,23.110001,23.25,23.1,23.200001,11.655065,104800
2015-07-24,23.139999,23.360001,23.110001,23.299999,11.705298,55500
2015-07-27,23.209999,23.549999,23.209999,23.32,11.71535,47400
2015-07-28,23.309999,23.440001,23.25,23.33,11.720372,80700
2015-07-29,23.26,23.58,23.23,23.549999,11.830891,40800
2015-07-30,23.389999,23.530001,23.16,23.16,11.634967,126300
2015-07-31,23.190001,23.41,23.190001,23.35,11.730416,160500
2015-08-03,23.32,23.610001,23.32,23.610001,11.861038,56300
2015-08-04,23.450001,23.83,23.33,23.790001,11.951468,109800
2015-08-05,23.68,23.77,23.440001,23.75,11.931368,120900
2015-08-06,23.65,24.32,23.57,23.950001,12.031845,174200
2015-08-07,23.73,24.1,23.73,24.09,12.102173,53400
2015-08-10,23.950001,24.030001,23.68,23.77,11.941416,86300
2015-08-11,23.610001,24.139999,23.610001,24.030001,12.072033,104300
2015-08-12,23.77,24.139999,23.700001,24.09,12.186868,81700
2015-08-13,24.040001,24.34,23.76,24.32,12.303226,85900
2015-08-14,24.190001,24.26,24.02,24.030001,12.156516,63300
2015-08-17,24.0,24.0,23.690001,23.700001,11.989573,110400
2015-08-18,23.700001,23.780001,23.58,23.73,12.004751,67200
2015-08-19,23.610001,23.91,23.559999,23.76,12.019922,177900
2015-08-20,23.66,23.92,23.66,23.82,12.050283,52600
2015-08-21,23.709999,23.809999,23.48,23.58,11.928866,98500
2015-08-24,23.25,23.709999,23.059999,23.57,11.923804,143800
2015-08-25,23.5,23.799999,23.379999,23.469999,11.87322,54400
2015-08-26,23.5,23.639999,23.370001,23.49,11.88333,55800
2015-08-27,23.42,23.690001,23.33,23.59,11.933924,74400
2015-08-28,23.639999,23.639999,23.290001,23.34,11.807458,221300
2015-08-31,23.299999,23.379999,23.25,23.34,11.807458,71600
2015-09-01,23.34,23.42,23.26,23.280001,11.777095,74800
2015-09-02,23.24,23.59,23.24,23.540001,11.908636,35000
2015-09-03,23.440001,23.68,23.41,23.59,11.933924,80000
2015-09-04,23.59,24.02,23.549999,23.950001,12.116049,92900
2015-09-08,23.879999,24.219999,23.83,24.200001,12.242521,92700
2015-09-09,24.15,24.15,23.85,24.120001,12.202048,66700
2015-09-10,24.120001,24.200001,23.98,24.1,12.191929,54400
2015-09-11,23.76,24.25,23.76,24.24,12.262751,57900
2015-09-14,24.110001,24.209999,23.969999,23.969999,12.12616,49700
2015-09-15,23.92,24.18,23.700001,23.83,12.055337,71000
2015-09-16,23.73,23.84,23.65,23.82,12.135328,33100
2015-09-17,23.709999,24.25,23.629999,24.15,12.303443,39500
2015-09-18,24.07,24.700001,24.07,24.549999,12.507227,79600
2015-09-21,24.469999,24.530001,24.26,24.389999,12.425716,31700
2015-09-22,24.370001,24.530001,24.27,24.440001,12.451192,67700
2015-09-23,24.27,24.48,24.26,24.42,12.440996,65500
2015-09-24,24.43,24.68,24.41,24.540001,12.502133,88600
2015-09-25,24.700001,24.83,24.67,24.75,12.609125,131700
2015-09-28,24.780001,25.0,24.76,24.84,12.654972,96300
2015-09-29,24.879999,24.92,24.629999,24.77,12.619305,45200
2015-09-30,24.860001,25.040001,24.66,24.879999,12.675356,68900
2015-10-01,24.799999,24.82,24.67,24.76,12.614212,43500
2015-10-02,24.809999,24.83,24.719999,24.82,12.644785,60200
2015-10-05,24.950001,25.07,24.709999,24.940001,12.705921,95400
2015-10-06,24.870001,25.209999,24.82,24.98,12.726297,94500
2015-10-07,24.940001,25.18,24.74,25.129999,12.802718,55900
2015-10-08,25.08,25.139999,24.969999,25.1,12.787432,44800
2015-10-09,25.129999,25.129999,25.01,25.08,12.777242,27200
2015-10-12,25.030001,25.120001,25.0,25.110001,12.792525,22300
2015-10-13,24.98,25.450001,24.98,25.34,12.909701,106400
2015-10-14,25.26,25.549999,25.200001,25.33,12.990217,124900
2015-10-15,25.469999,25.469999,25.139999,25.219999,12.933801,71700
2015-10-16,25.25,25.450001,25.129999,25.35,13.000472,100100
2015-10-19,25.299999,25.41,25.299999,25.360001,13.005602,42600
2015-10-20,25.370001,25.389999,25.219999,25.24,12.944061,63900
2015-10-21,25.219999,25.24,24.9,24.950001,12.795337,64500
2015-10-22,24.940001,25.09,24.940001,25.01,12.826118,29600
2015-10-23,24.98,25.34,24.709999,25.190001,12.918422,99400
2015-10-26,25.24,25.41,25.08,25.35,13.000472,60200
2015-10-27,25.35,25.5,25.35,25.5,13.077402,64400
2015-10-28,25.5,25.610001,25.389999,25.48,13.067138,66800
2015-10-29,25.48,25.52,25.08,25.299999,12.974835,53900
2015-10-30,25.290001,25.32,25.110001,25.200001,12.923551,66000
2015-11-02,25.18,25.379999,25.1,25.17,12.908162,47200
2015-11-03,25.040001,25.209999,25.040001,25.15,12.897916,65800
2015-11-04,25.1,25.35,25.1,25.290001,12.969706,53500
2015-11-05,25.290001,25.57,25.15,25.559999,13.108168,72500
2015-11-06,25.48,25.48,24.959999,25.0,12.820984,122000
2015-11-09,24.99,24.99,24.049999,24.09,12.354297,118300
2015-11-10,24.09,24.23,23.67,24.0,12.394058,122200
2015-11-11,23.950001,23.98,23.799999,23.879999,12.33209,81500
2015-11-12,23.85,24.26,23.799999,24.209999,12.502508,109600
2015-11-13,24.1,24.219999,23.809999,23.870001,12.326925,87600
2015-11-16,23.83,23.959999,23.799999,23.889999,12.337251,77900
2015-11-17,23.959999,24.17,23.889999,24.02,12.404387,57600
2015-11-18,24.040001,24.34,24.040001,24.33,12.564483,42700
2015-11-19,24.24,24.41,24.24,24.370001,12.585136,43200
2015-11-20,24.43,24.52,24.309999,24.42,12.610957,60400
2015-11-23,24.48,24.540001,24.370001,24.52,12.662602,36600
2015-11-24,24.530001,24.530001,24.32,24.459999,12.631617,62100
2015-11-25,24.379999,24.41,24.17,24.190001,12.49218,51400
2015-11-27,24.35,24.35,24.1,24.23,12.512838,10300
2015-11-30,24.219999,24.35,24.200001,24.32,12.559316,37200
2015-12-01,24.23,24.73,24.219999,24.709999,12.760722,81200
2015-12-02,24.719999,25.1,24.719999,25.0,12.910482,72100
2015-12-03,24.889999,25.02,24.73,24.85,12.833014,89800
2015-12-04,24.75,25.48,24.75,25.33,13.080898,119500
2015-12-07,25.299999,25.639999,24.940001,25.639999,13.240991,84300
2015-12-08,25.59,25.59,25.0,25.43,13.132543,72400
2015-12-09,25.33,25.74,25.290001,25.67,13.256488,73000
2015-12-10,25.700001,25.99,25.549999,25.860001,13.354598,113500
2015-12-11,25.73,25.74,24.6,25.09,12.956956,169800
2015-12-14,24.91,25.5,24.9,25.440001,13.137704,107900
2015-12-15,25.83,25.91,25.6,25.75,13.297796,186100
2015-12-16,25.32,25.469999,24.93,25.440001,13.502669,78100
2015-12-17,25.34,25.950001,24.559999,25.83,13.709665,356400
2015-12-18,25.73,25.85,25.52,25.540001,13.555755,105000
2015-12-21,25.57,25.68,25.35,25.5,13.534516,82100
2015-12-22,25.42,25.700001,24.5,25.0,13.269135,142400
2015-12-23,24.879999,25.190001,24.68,25.1,13.32221,104200
2015-12-24,25.280001,25.700001,25.09,25.1,13.32221,56700
2015-12-28,25.23,25.23,25.040001,25.17,13.359361,65800
2015-12-29,25.17,25.43,25.110001,25.309999,13.433672,67000
2015-12-30,25.290001,25.540001,25.16,25.389999,13.476132,58500
2015-12-31,25.51,25.629999,25.26,25.309999,13.433672,79900
2016-01-04,25.120001,25.540001,25.120001,25.51,13.539825,74000
2016-01-05,25.459999,25.49,25.16,25.49,13.529205,69800
2016-01-06,25.4,25.5,25.26,25.48,13.523894,50700
2016-01-07,25.299999,25.5,25.25,25.48,13.523894,72100
2016-01-08,25.4,25.5,25.15,25.43,13.497363,42600
2016-01-11,25.440001,25.67,25.34,25.370001,13.46552,60300
2016-01-12,25.5,25.5,25.34,25.450001,13.50798,46000
2016-01-13,25.32,25.67,25.23,25.52,13.6346,109900
2016-01-14,25.540001,26.030001,25.440001,25.58,13.666661,198400
2016-01-15,25.48,25.629999,25.110001,25.209999,13.468977,121200
2016-01-19,25.32,25.32,24.83,24.889999,13.298007,140900
2016-01-20,24.73,24.9,24.02,24.700001,13.196499,197500
2016-01-21,24.700001,24.85,24.65,24.75,13.223208,40600
2016-01-22,24.879999,25.16,24.809999,25.16,13.442266,56800
2016-01-25,25.25,25.309999,24.639999,24.65,13.169785,60500
2016-01-26,24.65,25.0,24.65,24.99,13.351437,69000
2016-01-27,24.879999,24.99,24.76,24.99,13.351437,44500
2016-01-28,25.0,25.309999,24.92,25.120001,13.420891,65800
2016-01-29,25.280001,25.379999,25.059999,25.110001,13.415545,81800
2016-02-01,25.18,25.4,25.049999,25.370001,13.554461,45900
2016-02-02,25.27,25.49,25.25,25.49,13.618572,55500
2016-02-03,25.48,25.49,25.049999,25.17,13.447603,73000
2016-02-04,25.25,25.459999,25.190001,25.32,13.527749,30200
2016-02-05,25.25,26.01,25.25,25.959999,13.869679,149300
2016-02-08,25.870001,25.99,25.700001,25.959999,13.869679,106700
2016-02-09,25.870001,26.0,25.780001,25.98,13.880362,117900
2016-02-10,25.809999,26.02,25.719999,25.860001,13.905638,67600
2016-02-11,25.719999,26.15,25.719999,25.75,13.846485,132700
2016-02-12,26.0,26.040001,25.799999,25.93,13.943281,41300
2016-02-16,25.9,25.959999,25.52,25.75,13.846485,101100
2016-02-17,25.74,26.0,25.709999,25.959999,13.959412,61600
2016-02-18,26.0,26.34,25.860001,26.280001,14.131488,74800
2016-02-19,26.16,26.309999,26.120001,26.219999,14.099216,24400
2016-02-22,26.25,26.25,25.75,25.84,13.89489,77800
2016-02-23,25.860001,26.1,25.860001,26.1,14.034695,56400
2016-02-24,26.15,26.549999,25.950001,26.290001,14.136858,78200
2016-02-25,26.620001,26.620001,25.93,26.190001,14.083081,53600
2016-02-26,26.34,26.34,26.110001,26.209999,14.093846,32000
2016-02-29,26.450001,26.450001,26.110001,26.290001,14.136858,54600
2016-03-01,26.200001,26.41,26.059999,26.17,14.072337,72800
2016-03-02,26.190001,26.299999,26.07,26.1,14.034695,28800
2016-03-03,26.26,26.26,25.469999,25.549999,13.738941,149800
2016-03-04,25.68,26.15,25.66,26.030001,13.997055,101500
2016-03-07,26.32,26.32,25.98,26.09,14.029318,70900
2016-03-08,26.25,26.280001,26.18,26.280001,14.131488,31600
2016-03-09,26.17,26.26,25.91,26.200001,14.088464,72900
2016-03-10,26.139999,26.35,26.030001,26.049999,14.007804,39000
2016-03-11,26.040001,26.5,25.959999,26.459999,14.228274,59700
2016-03-14,26.42,26.629999,26.280001,26.629999,14.319684,71000
2016-03-15,26.65,26.93,26.59,26.75,14.384215,74100
2016-03-16,26.77,26.77,26.08,26.33,14.247316,60100
2016-03-17,26.309999,26.370001,25.84,25.84,13.982172,111400
2016-03-18,25.77,25.99,25.700001,25.75,13.933472,77100
2016-03-21,25.889999,25.98,25.68,25.83,13.976765,62600
2016-03-22,25.799999,26.370001,25.799999,26.18,14.166154,66000
2016-03-23,26.370001,26.450001,26.219999,26.35,14.258138,55700
2016-03-24,26.700001,26.709999,26.200001,26.59,14.388001,70500
2016-03-28,26.809999,26.809999,26.6,26.67,14.431292,92600
2016-03-29,26.77,26.77,26.219999,26.309999,14.236492,83100
2016-03-30,26.280001,26.34,26.219999,26.25,14.204028,42300
2016-03-31,26.389999,26.74,26.33,26.6,14.393415,46800
2016-04-01,26.42,26.700001,26.389999,26.700001,14.447527,50800
2016-04-04,26.73,26.790001,26.139999,26.17,14.160732,132600
2016-04-05,26.219999,26.440001,25.98,26.02,14.079573,49500
2016-04-06,26.27,26.370001,25.969999,26.139999,14.144506,39200
2016-04-07,26.02,26.190001,25.9,26.01,14.074159,46600
2016-04-08,25.98,26.190001,25.940001,26.17,14.160732,66500
2016-04-11,26.280001,26.379999,26.15,26.299999,14.231081,72900
2016-04-12,26.17,26.280001,26.040001,26.190001,14.171557,65600
2016-04-13,25.93,26.17,25.93,26.030001,14.175372,48000
2016-04-14,26.02,26.17,25.969999,26.139999,14.235278,75100
2016-04-15,26.309999,26.309999,26.08,26.200001,14.267953,51500
2016-04-18,26.15,26.35,26.120001,26.280001,14.311519,59800
2016-04-19,26.35,26.65,26.16,26.58,14.474893,56000
2016-04-20,26.639999,26.690001,26.24,26.65,14.513014,56500
2016-04-21,26.700001,26.700001,26.18,26.18,14.257064,48900
2016-04-22,26.299999,26.43,26.08,26.120001,14.224381,85100
2016-04-25,26.030001,26.299999,26.030001,26.25,14.295181,52400
2016-04-26,26.16,26.33,26.110001,26.120001,14.224381,59800
2016-04-27,26.07,26.27,26.049999,26.09,14.208054,65500
2016-04-28,26.09,26.219999,25.950001,26.030001,14.175372,90400
2016-04-29,26.190001,26.299999,26.02,26.26,14.300628,65900
2016-05-02,26.68,26.68,26.34,26.51,14.436767,49000
2016-05-03,26.33,26.549999,26.33,26.540001,14.453107,30700
2016-05-04,26.42,26.5,26.129999,26.200001,14.267953,47500
2016-05-05,26.530001,26.700001,26.200001,26.68,14.529343,65600
2016-05-06,26.639999,26.67,26.129999,26.58,14.474893,54700
2016-05-09,26.459999,26.790001,26.35,26.790001,14.589246,63500
2016-05-10,26.690001,27.24,26.549999,26.690001,14.534792,122700
2016-05-11,26.43,26.450001,26.209999,26.299999,14.412581,57600
2016-05-12,26.26,26.969999,26.209999,26.700001,14.631795,48700
2016-05-13,26.58,26.780001,26.360001,26.57,14.560551,58800
2016-05-16,26.5,26.67,26.1,26.139999,14.32491,170600
2016-05-17,26.110001,26.33,25.75,26.280001,14.401628,99100
2016-05-18,26.110001,26.42,26.030001,26.309999,14.418069,53800
2016-05-19,26.4,26.4,25.940001,25.959999,14.226263,83100
2016-05-20,25.959999,26.0,25.84,25.950001,14.220787,56900
2016-05-23,26.0,26.049999,25.82,25.9,14.193386,43500
2016-05-24,25.9,25.9,25.629999,25.700001,14.083778,90800
2016-05-25,25.700001,25.75,25.559999,25.66,14.061863,127500
2016-05-26,25.84,25.9,25.34,25.42,13.930343,104600
2016-05-27,25.540001,25.540001,25.049999,25.219999,13.820743,121300
2016-05-31,25.27,25.27,24.530001,24.92,13.656341,171400
2016-06-01,24.85,25.690001,24.790001,25.4,13.919382,117000
2016-06-02,25.27,25.620001,25.02,25.379999,13.908422,103300
2016-06-03,25.58,25.77,25.5,25.76,14.116665,85200
2016-06-06,25.76,26.469999,25.549999,26.15,14.330379,146200
2016-06-07,26.25,26.98,26.030001,26.799999,14.686593,385200
2016-06-08,26.75,27.0,26.48,26.67,14.615356,95600
2016-06-09,26.51,26.700001,26.42,26.690001,14.626308,115900
2016-06-10,26.860001,26.98,26.700001,26.700001,14.631795,64400
2016-06-13,26.700001,26.700001,26.41,26.559999,14.555071,48900
2016-06-14,26.33,26.870001,26.33,26.860001,14.719469,65200
2016-06-15,26.610001,27.0,26.610001,26.99,14.883251,68800
2016-06-16,27.1,27.1,26.559999,26.67,14.706796,131200
2016-06-17,27.049999,27.15,26.719999,27.120001,14.954938,72700
2016-06-20,26.99,27.120001,26.799999,27.1,14.943899,61000
2016-06-21,26.959999,27.200001,26.959999,27.049999,14.916333,49000
2016-06-22,26.93,27.049999,26.4,26.450001,14.585473,132400
2016-06-23,26.639999,26.639999,26.309999,26.540001,14.635103,54300
2016-06-24,26.25,27.129999,26.25,27.07,14.927367,85100
2016-06-27,27.200001,27.709999,26.99,27.49,15.158963,95900
2016-06-28,27.389999,27.59,27.23,27.42,15.120367,71300
2016-06-29,26.77,27.049999,26.1,26.68,14.712298,168800
2016-06-30,26.700001,26.9,26.65,26.780001,14.767443,83100
2016-07-01,26.91,26.98,26.360001,26.540001,14.635103,125400
2016-07-05,26.6,26.65,26.309999,26.440001,14.579962,70400
2016-07-06,26.629999,26.75,26.4,26.700001,14.723335,98000
2016-07-07,26.83,26.889999,26.6,26.780001,14.767443,109000
2016-07-08,26.639999,26.870001,26.43,26.799999,14.778478,65400
2016-07-11,26.969999,26.969999,26.33,26.469999,14.596499,78700
2016-07-12,26.450001,26.549999,26.389999,26.459999,14.590989,113200
2016-07-13,26.700001,26.700001,26.190001,26.389999,14.64482,71000
2016-07-14,26.379999,27.0,26.379999,26.889999,14.922282,159000
2016-07-15,26.73,26.93,26.73,26.93,14.944482,36900
2016-07-18,26.940001,27.1,26.549999,26.99,14.977781,103800
2016-07-19,27.1,27.549999,26.950001,27.18,15.08322,76800
2016-07-20,27.4,27.4,27.049999,27.280001,15.138709,42600
2016-07-21,27.4,27.59,27.17,27.290001,15.144262,61700
2016-07-22,27.24,27.360001,27.139999,27.35,15.177557,50000
2016-07-25,27.23,27.49,27.07,27.07,15.022179,66500
2016-07-26,27.5,27.5,27.139999,27.16,15.072121,90700
2016-07-27,27.129999,27.379999,26.959999,27.200001,15.094316,62200
2016-07-28,27.08,27.25,26.91,27.09,15.03327,45900
2016-07-29,27.33,27.33,26.969999,27.219999,15.105412,41700
2016-08-01,27.290001,27.75,27.15,27.459999,15.2386,87800
2016-08-02,27.290001,27.639999,27.219999,27.35,15.177557,61800
2016-08-03,27.290001,27.620001,27.290001,27.48,15.249705,43900
2016-08-04,27.360001,27.59,27.360001,27.540001,15.282991,41900
2016-08-05,27.440001,27.57,27.0,27.200001,15.094316,101500
2016-08-08,27.15,27.440001,27.07,27.280001,15.138709,44700
2016-08-09,27.129999,27.35,27.1,27.299999,15.149806,33500
2016-08-10,27.219999,27.219999,27.09,27.219999,15.198385,28300
2016-08-11,27.139999,27.309999,26.959999,26.98,15.064382,39600
2016-08-12,27.08,27.190001,27.08,27.15,15.159304,26500
2016-08-15,27.200001,27.200001,26.83,26.93,15.036464,66700
2016-08-16,27.049999,27.059999,26.629999,26.780001,14.952707,65300
2016-08-17,26.629999,26.959999,26.620001,26.889999,15.014127,51000
2016-08-18,27.35,27.35,26.9,27.1,15.131378,63900
2016-08-19,27.139999,27.25,26.719999,26.99,15.069967,36600
2016-08-22,27.0,27.27,26.92,27.139999,15.153718,34700
2016-08-23,27.120001,27.74,27.120001,27.35,15.270972,70900
2016-08-24,27.23,27.379999,27.16,27.209999,15.192804,31800
2016-08-25,27.110001,27.559999,27.110001,27.280001,15.231885,38700
2016-08-26,27.43,27.52,27.16,27.16,15.164888,35400
2016-08-29,27.16,27.469999,27.139999,27.299999,15.243051,35300
2016-08-30,27.280001,27.379999,27.030001,27.33,15.259807,47000
2016-08-31,27.459999,27.700001,27.200001,27.290001,15.237474,84400
2016-09-01,27.42,27.42,27.15,27.280001,15.231885,51200
2016-09-02,27.200001,27.639999,27.200001,27.370001,15.282139,74300
2016-09-06,27.299999,27.6,27.299999,27.4,15.298883,35000
2016-09-07,27.610001,27.66,27.35,27.450001,15.326812,59700
2016-09-08,27.43,27.65,27.35,27.52,15.365898,82000
2016-09-09,27.690001,27.690001,26.709999,26.73,14.924793,135500
2016-09-12,26.450001,26.700001,26.4,26.6,14.852208,93300
2016-09-13,26.43,26.85,25.6,25.870001,14.444611,153400
2016-09-14,25.620001,26.18,25.620001,26.040001,14.633997,110100
2016-09-15,26.02,26.15,25.809999,26.0,14.611517,58300
2016-09-16,26.15,26.15,25.879999,25.91,14.560946,55700
2016-09-19,25.93,26.049999,25.559999,25.67,14.426069,85800
2016-09-20,25.809999,25.809999,25.6,25.6,14.386731,59300
2016-09-21,25.6,25.93,25.5,25.73,14.459792,105500
2016-09-22,25.969999,26.25,25.93,26.25,14.752014,76300
2016-09-23,26.280001,26.440001,26.02,26.190001,14.7183,56000
2016-09-26,26.02,26.35,25.950001,26.129999,14.684574,49000
2016-09-27,26.15,26.219999,25.719999,25.959999,14.589037,122400
2016-09-28,25.879999,26.110001,25.76,25.98,14.600278,43400
2016-09-29,25.950001,26.16,25.76,25.99,14.605896,54500
2016-09-30,26.16,26.16,25.549999,25.68,14.431685,96800
2016-10-03,25.82,25.82,25.51,25.719999,14.454165,42200
2016-10-04,25.700001,25.700001,25.02,25.059999,14.083257,105200
2016-10-05,25.09,25.360001,24.799999,24.84,13.959621,117400
2016-10-06,24.93,25.09,24.33,24.33,13.673014,221200
2016-10-07,24.309999,24.950001,24.040001,24.950001,14.021442,268300
2016-10-10,24.870001,25.43,24.870001,25.43,14.291186,165100
2016-10-11,25.41,25.41,24.690001,25.26,14.195652,127000
2016-10-12,25.02,25.07,24.559999,24.77,14.012926,151100
2016-10-13,24.65,24.84,24.34,24.34,13.769673,54700
2016-10-14,24.51,24.51,23.969999,24.02,13.588625,143300
2016-10-17,24.209999,24.48,24.049999,24.42,13.81492,69400
2016-10-18,24.459999,24.84,24.27,24.280001,13.735719,101400
2016-10-19,24.32,24.620001,24.299999,24.540001,13.882812,82500
2016-10-20,24.450001,24.959999,24.450001,24.959999,14.120409,49000
2016-10-21,24.85,24.889999,24.700001,24.709999,13.97898,23700
2016-10-24,24.91,24.99,24.690001,24.969999,14.12606,36400
2016-10-25,24.98,24.98,24.65,24.93,14.103442,56300
2016-10-26,24.950001,25.110001,24.709999,24.83,14.046865,51000
2016-10-27,25.08,25.08,24.700001,24.93,14.103442,52200
2016-10-28,24.860001,24.940001,24.629999,24.85,14.058186,36500
2016-10-31,24.9,25.07,24.870001,25.030001,14.160012,70500
2016-11-01,24.950001,25.09,23.98,23.98,13.566004,152400
2016-11-02,24.17,24.25,23.82,24.1,13.63389,161000
2016-11-03,24.049999,24.280001,23.950001,24.059999,13.611258,91900
2016-11-04,24.309999,24.9,23.82,23.860001,13.498118,358800
2016-11-07,24.120001,24.280001,23.879999,24.01,13.582973,186200
2016-11-08,24.08,24.309999,23.48,23.6,13.351028,313300
2016-11-09,23.26,23.469999,23.0,23.129999,13.178395,275300
2016-11-10,23.01,23.190001,22.620001,22.690001,12.927702,284500
2016-11-11,22.620001,23.299999,22.6,23.209999,13.223967,238700
2016-11-14,23.219999,23.219999,22.870001,23.17,13.20119,206600
2016-11-15,23.209999,23.389999,23.01,23.120001,13.172696,121700
2016-11-16,23.15,23.26,22.889999,23.110001,13.167004,171800
2016-11-17,23.190001,23.59,23.139999,23.200001,13.21828,126400
2016-11-18,23.219999,23.360001,22.92,23.16,13.195486,115900
2016-11-21,23.280001,23.450001,23.08,23.360001,13.30944,111300
2016-11-22,23.440001,23.549999,23.23,23.32,13.286648,128200
2016-11-23,23.290001,23.57,23.09,23.34,13.29804,133200
2016-11-25,23.35,23.48,23.299999,23.450001,13.360713,32900
2016-11-28,23.4,23.48,23.360001,23.450001,13.360713,80300
2016-11-29,23.360001,23.450001,23.190001,23.23,13.235371,105600
2016-11-30,23.33,23.41,23.17,23.24,13.241067,102000
2016-12-01,23.299999,23.700001,23.16,23.620001,13.457577,228200
2016-12-02,23.52,23.870001,23.34,23.809999,13.565829,151200
2016-12-05,23.879999,23.969999,23.67,23.950001,13.645587,72000
2016-12-06,23.85,24.09,23.85,23.940001,13.63989,66400
2016-12-07,23.92,23.940001,23.34,23.43,13.349322,179200
2016-12-08,23.6,23.870001,23.450001,23.48,13.377813,90700
2016-12-09,23.51,23.65,23.459999,23.469999,13.37211,67800
2016-12-12,23.549999,23.74,23.309999,23.35,13.303741,150500
2016-12-13,23.33,23.4,23.09,23.09,13.155609,196900
2016-12-14,23.059999,23.110001,22.83,22.98,13.188313,204900
2016-12-15,22.799999,22.9,22.67,22.790001,13.079274,137300
2016-12-16,22.84,22.99,22.75,22.940001,13.165359,130100
2016-12-19,22.9,23.08,22.52,22.610001,12.975976,241200
2016-12-20,22.58,22.799999,22.58,22.690001,13.021887,117100
2016-12-21,22.610001,22.73,22.559999,22.6,12.970227,113500
2016-12-22,22.6,22.83,22.6,22.799999,13.085011,135300
2016-12-23,22.73,22.870001,22.719999,22.83,13.102233,110700
2016-12-27,22.85,22.99,22.76,22.82,13.096494,113200
2016-12-28,22.809999,22.99,22.809999,22.940001,13.165359,92200
2016-12-29,22.860001,23.139999,22.809999,23.01,13.205535,207700
2016-12-30,22.92,23.15,22.91,23.1,13.257179,120700
2017-01-03,23.049999,23.18,22.940001,23.120001,13.268659,98400
2017-01-04,23.18,23.18,22.969999,23.07,13.239964,85000
2017-01-05,23.030001,23.290001,23.030001,23.26,13.349016,113400
2017-01-06,23.25,23.32,23.200001,23.280001,13.360493,76800
2017-01-09,23.309999,23.309999,23.110001,23.16,13.291615,159300
2017-01-10,23.219999,23.35,23.16,23.27,13.354747,131800
2017-01-11,23.280001,23.48,23.17,23.209999,13.416597,123000
2017-01-12,23.24,23.32,23.15,23.190001,13.405042,80700
2017-01-13,23.15,23.24,22.940001,23.120001,13.364575,138400
2017-01-17,23.23,23.32,23.110001,23.110001,13.358797,64800
2017-01-18,23.17,23.33,23.15,23.280001,13.457069,78800
2017-01-19,23.360001,23.360001,22.889999,23.15,13.381922,176700
2017-01-20,23.129999,23.18,23.040001,23.08,13.341449,50200
2017-01-23,23.200001,23.32,23.08,23.25,13.439731,68900
2017-01-24,23.200001,23.48,23.200001,23.309999,13.474407,49800
2017-01-25,23.23,23.32,23.120001,23.209999,13.416597,63600
2017-01-26,23.299999,23.299999,23.15,23.17,13.393476,74500
2017-01-27,23.219999,23.23,23.08,23.139999,13.376139,62800
2017-01-30,23.129999,23.16,23.0,23.0,13.295211,70900
2017-01-31,23.09,23.24,23.01,23.18,13.39926,212100
2017-02-01,23.23,23.459999,23.139999,23.299999,13.468627,139100
2017-02-02,23.389999,23.469999,23.07,23.200001,13.410819,103100
2017-02-03,23.120001,23.24,23.059999,23.209999,13.416597,65100
2017-02-06,23.290001,23.34,23.1,23.309999,13.474407,133600
2017-02-07,23.370001,23.98,23.309999,23.940001,13.838578,237500
2017-02-08,24.01,24.440001,24.0,24.16,13.965752,194800
2017-02-09,24.219999,24.219999,23.950001,24.0,13.873262,190000
2017-02-10,24.08,24.129999,23.92,24.01,13.879038,68900
2017-02-13,24.049999,24.1,23.58,23.67,13.682507,145400
2017-02-14,23.77,23.889999,23.549999,23.59,13.636268,76900
2017-02-15,23.41,23.559999,23.08,23.09,13.442396,88500
2017-02-16,23.059999,23.209999,22.91,23.02,13.401647,126700
2017-02-17,23.139999,23.32,23.049999,23.299999,13.564655,94600
2017-02-21,23.209999,23.629999,23.129999,23.559999,13.716013,97500
2017-02-22,23.690001,23.76,23.6,23.67,13.780054,104900
2017-02-23,23.77,23.85,23.67,23.74,13.820816,37400
2017-02-24,23.790001,23.790001,23.290001,23.719999,13.809162,77700
2017-02-27,23.73,23.9,23.6,23.84,13.879025,66700
2017-02-28,23.75,24.08,23.719999,23.870001,13.896492,70100
2017-03-01,23.799999,23.860001,23.52,23.6,13.739303,92900
2017-03-02,23.559999,23.77,23.559999,23.620001,13.750948,36700
2017-03-03,23.66,23.690001,23.440001,23.51,13.686912,61200
2017-03-06,23.639999,23.73,23.469999,23.59,13.733484,53900
2017-03-07,23.6,23.77,23.530001,23.67,13.780054,70500
2017-03-08,23.67,23.700001,23.35,23.389999,13.617047,69800
2017-03-09,23.280001,23.48,22.799999,22.92,13.343424,151900
2017-03-10,22.940001,23.120001,22.93,23.049999,13.419115,47000
2017-03-13,22.959999,23.200001,22.959999,23.040001,13.413287,44900
2017-03-14,23.030001,23.049999,22.860001,22.92,13.343424,32900
2017-03-15,22.780001,23.1,22.75,23.040001,13.511735,66800
2017-03-16,23.139999,23.65,22.98,23.389999,13.716991,132000
2017-03-17,23.379999,23.549999,23.25,23.309999,13.670076,69100
2017-03-20,23.309999,23.82,23.25,23.57,13.822556,64400
2017-03-21,23.709999,23.73,23.48,23.610001,13.846013,52200
2017-03-22,23.690001,23.91,23.610001,23.790001,13.951574,78500
2017-03-23,23.85,23.940001,23.68,23.790001,13.951574,59000
2017-03-24,23.92,23.98,23.700001,23.77,13.939842,26100
2017-03-27,23.799999,23.85,23.57,23.75,13.928113,36300
2017-03-28,23.780001,24.059999,23.73,23.870001,13.998487,64300
2017-03-29,23.99,24.0,23.85,24.0,14.074725,51200
2017-03-30,23.9,24.049999,23.799999,23.799999,13.957441,32100
2017-03-31,23.940001,23.940001,23.75,23.860001,13.99262,29400
2017-04-03,24.01,24.049999,23.74,23.98,14.063002,54800
2017-04-04,24.030001,24.07,23.959999,24.0,14.074725,37000
2017-04-05,24.09,24.09,23.91,23.98,14.063002,30900
2017-04-06,23.969999,24.030001,23.950001,23.99,14.068859,22800
2017-04-07,23.85,24.09,23.83,23.84,13.980895,33600
2017-04-10,23.860001,24.0,23.860001,23.99,14.068859,20100
2017-04-11,23.93,24.09,23.82,23.940001,14.039537,30500
2017-04-12,24.08,24.25,23.98,24.1,14.133375,55500
2017-04-13,24.15,24.35,24.129999,24.32,14.262387,48200
2017-04-17,24.299999,24.41,24.200001,24.41,14.315165,32500
2017-04-18,24.450001,24.639999,24.389999,24.58,14.41487,109000
2017-04-19,24.389999,24.51,24.18,24.209999,14.295004,61100
2017-04-20,24.299999,24.299999,23.940001,24.08,14.218241,36400
2017-04-21,24.120001,24.219999,24.08,24.129999,14.247766,41500
2017-04-24,24.200001,24.200001,23.799999,23.860001,14.088337,68600
2017-04-25,23.860001,24.16,23.860001,23.940001,14.135579,49300
2017-04-26,24.209999,24.209999,24.049999,24.120001,14.241864,26100
2017-04-27,24.0,24.200001,23.940001,24.129999,14.247766,16500
2017-04-28,24.139999,24.42,24.049999,24.360001,14.383573,34200
2017-05-01,24.52,24.57,24.379999,24.530001,14.483951,78500
2017-05-02,24.469999,24.549999,24.459999,24.540001,14.48985,19800
2017-05-03,24.42,24.559999,24.33,24.459999,14.442615,55600
2017-05-04,24.469999,24.49,24.15,24.16,14.265482,63800
2017-05-05,24.280001,24.540001,24.16,24.370001,14.389471,61600
2017-05-08,24.49,24.530001,24.290001,24.5,14.466234,36800
2017-05-09,24.610001,24.610001,24.370001,24.48,14.454428,51300
2017-05-10,24.4,24.43,24.200001,24.34,14.470475,33400
2017-05-11,24.35,24.43,24.08,24.41,14.512091,54300
2017-05-12,24.549999,24.85,24.4,24.799999,14.74395,111500
2017-05-15,24.709999,24.889999,24.610001,24.780001,14.732069,68800
2017-05-16,24.709999,24.82,24.57,24.790001,14.738006,103200
2017-05-17,24.76,24.889999,24.68,24.68,14.672618,101900
2017-05-18,24.68,24.9,24.67,24.77,14.726123,30400
2017-05-19,24.889999,24.889999,24.690001,24.77,14.726123,45300
2017-05-22,24.809999,25.0,24.76,25.0,14.862854,70900
2017-05-23,24.91,24.98,24.809999,24.809999,14.749899,39700
2017-05-24,24.75,25.27,24.75,24.860001,14.779629,138200
2017-05-25,25.049999,25.24,24.959999,25.01,14.868799,53700
2017-05-26,24.959999,25.190001,24.959999,25.110001,14.928251,17700
2017-05-30,25.17,25.17,25.049999,25.15,14.952036,25100
2017-05-31,25.17,25.26,25.129999,25.25,15.011485,20900
2017-06-01,25.200001,25.690001,25.200001,25.65,15.249292,104100
2017-06-02,25.6,25.700001,25.34,25.52,15.172003,53600
2017-06-05,25.5,25.5,25.200001,25.24,15.005539,37200
2017-06-06,25.389999,25.42,25.190001,25.33,15.059052,37000
2017-06-07,25.27,25.35,25.110001,25.17,14.963924,50900
2017-06-08,25.15,25.34,25.15,25.280001,15.029319,24400
2017-06-09,25.49,25.5,25.33,25.360001,15.076885,39200
2017-06-12,25.4,25.450001,25.23,25.24,15.005539,30100
2017-06-13,25.219999,25.35,25.1,25.34,15.06499,36100
2017-06-14,25.15,25.190001,25.0,25.1,15.021301,54600
2017-06-15,25.0,25.15,24.84,24.9,14.90161,50400
2017-06-16,25.08,25.299999,25.030001,25.1,15.021301,25200
2017-06-19,25.07,25.209999,25.049999,25.200001,15.081153,32700
2017-06-20,25.200001,25.469999,25.200001,25.34,15.164935,22200
2017-06-21,25.33,25.41,25.24,25.360001,15.176905,45600
2017-06-22,25.43,25.49,25.27,25.4,15.200834,33600
2017-06-23,25.48,25.58,25.309999,25.42,15.212811,36600
2017-06-26,25.450001,25.52,25.370001,25.469999,15.242733,19200
2017-06-27,25.469999,25.57,24.92,25.35,15.170919,66500
2017-06-28,25.209999,25.5,25.209999,25.370001,15.182888,41700
2017-06-29,25.309999,25.309999,25.09,25.25,15.111071,25500
2017-06-30,25.34,25.459999,25.200001,25.23,15.09911,45200
2017-07-03,25.129999,26.09,25.129999,25.98,15.54795,133900
2017-07-05,25.92,25.92,25.42,25.469999,15.242733,80100
2017-07-06,25.299999,25.5,25.059999,25.059999,14.997364,61200
2017-07-07,25.030001,25.219999,25.02,25.030001,14.979411,55300
2017-07-10,25.01,25.08,24.950001,25.08,15.009338,45800
2017-07-11,25.059999,25.200001,25.030001,25.17,15.063194,61000
2017-07-12,25.049999,25.43,25.049999,25.25,15.212002,30600
2017-07-13,25.299999,25.4,25.09,25.15,15.151759,42600
2017-07-14,25.209999,25.299999,25.08,25.209999,15.187903,27700
2017-07-17,25.23,25.280001,25.15,25.200001,15.181882,38600
2017-07-18,25.27,25.290001,25.07,25.08,15.109589,28800
2017-07-19,25.09,25.24,24.83,24.98,15.049343,44400
2017-07-20,25.1,25.33,24.959999,25.33,15.260201,23500
2017-07-21,25.25,25.25,25.15,25.15,15.151759,18500
2017-07-24,25.129999,25.129999,24.83,24.92,15.013189,32500
2017-07-25,24.950001,24.950001,24.549999,24.76,14.916793,56700
2017-07-26,24.620001,24.709999,24.26,24.48,14.748112,81100
2017-07-27,24.43,24.48,24.07,24.440001,14.724018,116500
2017-07-28,24.32,24.65,24.32,24.610001,14.826435,65000
2017-07-31,24.6,24.84,24.559999,24.66,14.856557,42600
2017-08-01,24.57,24.93,24.57,24.92,15.013189,37000
2017-08-02,24.950001,24.959999,24.799999,24.950001,15.031267,50800
2017-08-03,24.940001,24.940001,24.709999,24.76,14.916793,37700
2017-08-04,24.75,24.84,24.690001,24.77,14.922825,23300
2017-08-07,24.799999,24.82,24.559999,24.73,14.898726,28600
2017-08-08,24.620001,24.639999,24.42,24.48,14.748112,71400
2017-08-09,24.33,24.51,24.26,24.35,14.669793,42100
2017-08-10,24.33,24.389999,24.049999,24.09,14.513151,93800
2017-08-11,24.15,24.280001,24.1,24.27,14.621594,37900
2017-08-14,24.32,24.65,24.32,24.6,14.820402,73000
2017-08-15,24.6,24.6,24.209999,24.450001,14.730036,47400
2017-08-16,24.280001,24.459999,24.16,24.280001,14.728222,39500
2017-08-17,24.24,24.280001,24.059999,24.09,14.612966,32700
2017-08-18,24.07,24.27,23.969999,24.25,14.710021,47300
2017-08-21,24.24,24.309999,24.049999,24.049999,14.588704,27700
2017-08-22,24.15,24.4,24.129999,24.33,14.758546,65200
2017-08-23,24.360001,24.75,24.049999,24.23,14.697889,121100
2017-08-24,24.299999,24.610001,24.25,24.610001,14.928401,56500
2017-08-25,24.549999,24.690001,24.450001,24.52,14.873807,48500
2017-08-28,24.549999,24.620001,24.370001,24.540001,14.885937,54900
2017-08-29,24.32,24.65,24.32,24.639999,14.946598,37400
2017-08-30,24.59,24.700001,24.5,24.700001,14.982995,22700
2017-08-31,24.700001,24.73,24.42,24.73,15.001189,41900
2017-09-01,24.709999,24.74,24.559999,24.610001,14.928401,37800
2017-09-05,24.67,24.690001,24.360001,24.5,14.86167,40700
2017-09-06,24.57,24.610001,24.360001,24.41,14.807076,34600
2017-09-07,24.4,24.65,24.4,24.450001,14.831337,61000
2017-09-08,24.49,24.559999,24.459999,24.530001,14.879859,38200
2017-09-11,24.450001,24.540001,24.41,24.48,14.849537,35300
2017-09-12,24.48,24.51,24.32,24.450001,14.831337,33900
2017-09-13,24.35,24.43,24.219999,24.219999,14.792865,35300
2017-09-14,24.32,24.33,24.01,24.290001,14.835616,49600
2017-09-15,24.1,24.200001,24.049999,24.18,14.768432,64000
2017-09-18,24.200001,24.200001,24.110001,24.110001,14.725678,39800
2017-09-19,24.1,24.18,24.0,24.0,14.658489,64100
2017-09-20,24.09,24.129999,23.940001,23.959999,14.634057,78300
2017-09-21,23.98,24.049999,23.940001,24.0,14.658489,18600
2017-09-22,23.969999,24.1,23.950001,24.0,14.658489,40300
2017-09-25,24.0,24.040001,23.92,24.040001,14.682921,40600
2017-09-26,24.030001,24.08,23.959999,24.07,14.701247,27200
2017-09-27,24.08,24.190001,23.83,24.01,14.664599,66900
2017-09-28,24.08,24.08,23.85,24.08,14.707358,58200
2017-09-29,24.1,24.1,23.9,24.040001,14.682921,50000
2017-10-02,24.040001,24.049999,23.9,23.91,14.603519,36300
2017-10-03,23.85,23.92,23.67,23.68,14.463051,80300
2017-10-04,23.67,23.879999,23.67,23.790001,14.530231,72100
2017-10-05,23.76,23.959999,23.629999,23.65,14.444722,52800
2017-10-06,23.610001,23.860001,23.610001,23.85,14.566877,53100
2017-10-09,23.98,23.98,23.23,23.360001,14.267606,197400
2017-10-10,23.309999,23.629999,23.309999,23.530001,14.371432,98800
2017-10-11,23.280001,23.4,23.040001,23.1,14.20965,396100
2017-10-12,23.1,23.450001,23.1,23.41,14.400337,80400
2017-10-13,23.440001,23.48,23.27,23.48,14.443396,59800
2017-10-16,23.5,23.77,23.450001,23.700001,14.578728,36700
2017-10-17,23.76,23.860001,23.33,23.51,14.461857,74400
2017-10-18,23.530001,23.540001,23.25,23.25,14.301926,99800
2017-10-19,23.200001,23.450001,23.120001,23.450001,14.424949,41800
2017-10-20,23.309999,23.43,23.129999,23.17,14.252707,68600
2017-10-23,23.17,23.309999,23.15,23.280001,14.320378,71600
2017-10-24,23.209999,23.299999,23.049999,23.15,14.240408,74000
2017-10-25,23.120001,23.16,22.690001,22.76,14.000505,168500
2017-10-26,22.75,22.860001,22.5,22.77,14.006652,115000
2017-10-27,22.790001,22.969999,22.73,22.940001,14.111227,44800
2017-10-30,22.93,23.09,22.85,22.85,14.055865,32900
2017-10-31,22.780001,23.0,22.780001,22.9,14.086619,46900
2017-11-01,22.92,23.200001,22.92,23.139999,14.234261,94800
2017-11-02,23.0,23.15,22.83,23.02,14.160436,49800
2017-11-03,22.969999,23.1,22.950001,22.959999,14.12353,57800
2017-11-06,23.030001,23.16,22.9,23.059999,14.185046,33700
2017-11-07,23.16,23.16,23.040001,23.1,14.20965,39000
2017-11-08,23.120001,23.120001,22.950001,22.969999,14.129677,42200
2017-11-09,22.860001,22.959999,22.5,22.690001,13.957449,94000
2017-11-10,22.690001,22.860001,22.549999,22.559999,13.877472,63300
2017-11-13,22.67,22.93,22.59,22.639999,13.926691,61800
2017-11-14,22.57,22.9,22.559999,22.76,14.000505,82000
2017-11-15,22.620001,22.75,22.459999,22.52,13.955264,77400
2017-11-16,22.549999,22.700001,22.549999,22.559999,13.980051,48100
2017-11-17,22.559999,22.65,22.540001,22.57,13.986251,47000
2017-11-20,22.57,22.57,22.389999,22.450001,13.911888,55500
2017-11-21,22.549999,22.639999,22.280001,22.280001,13.806545,42600
2017-11-22,22.299999,22.450001,22.209999,22.389999,13.874707,68000
2017-11-24,22.209999,22.42,22.139999,22.309999,13.825133,81200
2017-11-27,22.4,22.440001,22.16,22.17,13.738374,44400
2017-11-28,22.280001,22.58,22.200001,22.34,13.843725,93800
2017-11-29,22.33,22.379999,22.24,22.24,13.781751,28400
2017-11-30,22.24,22.360001,22.15,22.24,13.781751,90200
2017-12-01,22.309999,22.48,22.290001,22.459999,13.918085,50200
2017-12-04,22.52,22.540001,22.110001,22.18,13.744576,129500
2017-12-05,22.120001,22.33,22.120001,22.33,13.837523,58500
2017-12-06,22.33,22.629999,22.25,22.49,13.936683,114700
2017-12-07,22.49,22.629999,22.309999,22.49,13.936683,71800
2017-12-08,22.629999,22.690001,22.41,22.49,13.936683,50200
2017-12-11,22.6,22.67,22.48,22.620001,14.017233,56500
2017-12-12,22.68,22.73,22.49,22.690001,14.060613,80500
2017-12-13,22.67,22.67,22.33,22.42,13.996309,106100
2017-12-14,22.58,22.629999,22.370001,22.440001,14.008793,73400
2017-12-15,22.5,22.610001,22.35,22.57,14.089951,80000
2017-12-18,22.610001,22.83,22.41,22.5,14.046256,130500
2017-12-19,22.5,22.5,22.34,22.34,13.946372,87700
2017-12-20,22.290001,22.370001,22.129999,22.190001,13.852726,189500
2017-12-21,22.200001,22.51,22.120001,22.209999,13.865211,83000
2017-12-22,22.280001,22.309999,22.120001,22.200001,13.858973,89300
2017-12-26,22.17,22.24,22.01,22.200001,13.858973,91200
2017-12-27,22.360001,22.360001,21.969999,22.059999,13.771575,189500
2017-12-28,22.07,22.25,22.07,22.190001,13.852726,155800
2017-12-29,22.129999,22.23,22.02,22.190001,13.852726,223600
2018-01-02,22.15,22.440001,22.15,22.25,13.890186,88700
2018-01-03,22.33,22.440001,22.27,22.42,13.996309,73200
2018-01-04,22.42,22.5,22.23,22.33,13.940126,77300
2018-01-05,22.379999,22.379999,22.15,22.190001,13.852726,89500
2018-01-08,22.190001,22.25,21.940001,22.08,13.784052,136800
2018-01-09,22.09,22.1,21.950001,21.969999,13.71539,120600
2018-01-10,21.92,21.940001,21.57,21.74,13.571795,272500
2018-01-11,21.700001,21.85,21.66,21.73,13.565557,221800
2018-01-12,21.67,21.860001,21.67,21.799999,13.60926,105400
2018-01-16,22.0,22.01,21.75,21.790001,13.603014,120200
2018-01-17,21.6,21.76,21.6,21.610001,13.594839,107900
2018-01-18,21.58,21.6,21.299999,21.35,13.431274,137900
2018-01-19,21.450001,21.450001,21.25,21.360001,13.437561,104500
2018-01-22,21.41,21.469999,21.26,21.309999,13.406108,119100
2018-01-23,21.26,21.450001,21.26,21.43,13.481595,131600
2018-01-24,21.4,21.5,21.370001,21.370001,13.443851,76100
2018-01-25,21.370001,21.52,21.309999,21.5,13.525635,159800
2018-01-26,21.4,21.540001,21.4,21.469999,13.506758,99200
2018-01-29,21.49,21.49,21.200001,21.219999,13.34949,111500
2018-01-30,21.200001,21.360001,21.18,21.190001,13.330619,99400
2018-01-31,21.309999,21.450001,21.299999,21.34,13.424978,76800
2018-02-01,21.389999,21.77,21.389999,21.690001,13.64517,96100
2018-02-02,21.65,21.700001,21.49,21.67,13.632585,126700
2018-02-05,21.59,21.620001,21.450001,21.469999,13.506758,95100
2018-02-06,21.360001,22.190001,21.15,21.77,13.695495,206500
2018-02-07,21.690001,21.91,21.690001,21.75,13.682918,46200
2018-02-08,21.68,21.690001,21.450001,21.469999,13.506758,54500
2018-02-09,21.469999,21.52,21.41,21.5,13.525635,85600
2018-02-12,21.57,21.57,21.450001,21.49,13.519348,59900
2018-02-13,21.58,21.719999,21.58,21.690001,13.64517,59000
2018-02-14,21.389999,21.57,21.389999,21.51,13.636921,45200
2018-02-15,21.52,21.59,21.5,21.51,13.636921,34800
2018-02-16,21.52,21.559999,21.450001,21.5,13.630577,61100
2018-02-20,21.49,21.49,21.200001,21.24,13.465749,46100
2018-02-21,21.25,21.629999,21.24,21.41,13.573518,144300
2018-02-22,21.41,21.629999,21.41,21.51,13.636921,33700
2018-02-23,21.620001,21.780001,21.57,21.620001,13.706664,44400
2018-02-26,21.719999,21.82,21.6,21.6,13.693983,40500
2018-02-27,21.559999,21.68,21.530001,21.559999,13.668622,53500
2018-02-28,21.629999,21.719999,21.549999,21.6,13.693983,43200
2018-03-01,21.6,21.75,21.559999,21.74,13.782739,32200
2018-03-02,21.74,21.74,21.549999,21.68,13.744698,43100
2018-03-05,21.639999,21.700001,21.620001,21.68,13.744698,38600
2018-03-06,21.68,21.75,21.65,21.719999,13.77006,37400
2018-03-07,21.74,21.809999,21.709999,21.790001,13.814439,24800
2018-03-08,21.82,22.040001,21.82,22.040001,13.972937,60700
2018-03-09,21.93,22.02,21.75,21.84,13.846142,55800
2018-03-12,21.809999,21.98,21.790001,21.950001,13.915873,55500
2018-03-13,21.92,22.370001,21.92,22.24,14.099723,213800
2018-03-14,22.110001,22.17,21.98,22.01,14.059485,63000
2018-03-15,21.93,22.110001,21.75,22.030001,14.072258,81500
2018-03-16,21.98,22.200001,21.98,22.200001,14.180859,49400
2018-03-19,22.040001,22.09,21.92,22.0,14.053104,31400
2018-03-20,22.0,22.040001,21.85,21.85,13.957283,19700
2018-03-21,21.799999,21.959999,21.629999,21.639999,13.823132,37200
2018-03-22,21.639999,21.639999,21.389999,21.389999,13.663447,48500
2018-03-23,21.35,21.370001,21.290001,21.360001,13.644284,43700
2018-03-26,21.49,21.540001,21.41,21.540001,13.759261,43600
2018-03-27,21.450001,21.639999,21.450001,21.559999,13.772036,71400
2018-03-28,21.610001,21.639999,21.34,21.469999,13.714541,236800
2018-03-29,21.549999,21.639999,21.389999,21.59,13.791197,156700
2018-04-02,21.5,21.9,21.48,21.620001,13.810366,77100
2018-04-03,21.57,21.75,21.57,21.67,13.842305,102100
2018-04-04,21.59,21.65,21.51,21.57,13.778426,80700
2018-04-05,21.549999,21.59,21.48,21.51,13.740097,77200
2018-04-06,21.530001,21.530001,21.35,21.379999,13.657057,52900
2018-04-09,21.309999,21.66,21.309999,21.610001,13.80398,62400
2018-04-10,21.74,21.74,21.57,21.629999,13.816751,25500
2018-04-11,21.66,21.66,21.41,21.59,13.791197,42600
2018-04-12,21.540001,21.620001,21.49,21.5,13.733704,59700
2018-04-13,21.530001,21.530001,21.34,21.34,13.631507,30300
2018-04-16,21.34,21.4,21.32,21.33,13.625119,56700
2018-04-17,21.41,21.48,21.34,21.459999,13.708159,43100
2018-04-18,21.34,21.34,21.190001,21.24,13.674037,49200
2018-04-19,21.200001,21.25,20.84,21.0,13.519535,134800
2018-04-20,21.049999,21.049999,20.860001,20.879999,13.442277,137200
2018-04-23,21.0,21.049999,20.9,20.92,13.468025,28500
2018-04-24,20.959999,20.98,20.9,20.940001,13.480906,40900
2018-04-25,20.92,21.23,20.92,21.23,13.6676,70800
2018-04-26,21.219999,21.26,21.15,21.15,13.616094,27700
2018-04-27,21.17,21.17,21.030001,21.059999,13.558156,37600
2018-04-30,21.15,21.190001,20.92,20.959999,13.493779,58800
2018-05-01,20.959999,21.1,20.82,20.860001,13.429401,62900
2018-05-02,20.870001,21.059999,20.860001,20.91,13.461588,46300
2018-05-03,20.870001,20.959999,20.700001,20.879999,13.442277,63800
2018-05-04,20.879999,21.07,20.82,21.059999,13.558156,33700
2018-05-07,21.08,21.08,20.83,20.83,13.410093,33700
2018-05-08,20.83,20.879999,20.700001,20.709999,13.332831,91000
2018-05-09,20.74,20.860001,20.74,20.790001,13.384334,43600
2018-05-10,20.790001,20.98,20.73,20.93,13.474465,43800
2018-05-11,20.889999,20.91,20.82,20.84,13.416527,18600
2018-05-14,20.9,20.9,20.74,20.74,13.352142,61800
2018-05-15,20.690001,20.700001,20.549999,20.65,13.2942,61400
2018-05-16,20.52,20.799999,20.52,20.65,13.402602,62100
2018-05-17,20.629999,20.65,20.51,20.549999,13.337687,38000
2018-05-18,20.6,20.799999,20.48,20.620001,13.383122,72700
2018-05-21,20.68,20.73,20.6,20.66,13.409085,45600
2018-05-22,20.68,20.74,20.51,20.57,13.350667,67800
2018-05-23,20.610001,20.74,20.549999,20.67,13.415574,75800
2018-05-24,20.77,20.77,20.59,20.700001,13.435048,66700
2018-05-25,20.67,20.93,20.67,20.860001,13.538888,40200
2018-05-29,20.870001,21.1,20.83,20.93,13.584319,82800
2018-05-30,20.9,21.299999,20.9,21.15,13.727117,179300
2018-05-31,21.15,21.209999,21.08,21.129999,13.714128,115800
2018-06-01,21.15,21.18,21.01,21.09,13.688169,56500
2018-06-04,21.129999,21.17,20.83,21.1,13.694657,118600
2018-06-05,21.120001,21.17,21.120001,21.129999,13.714128,44400
2018-06-06,21.25,21.25,21.110001,21.129999,13.714128,58300
2018-06-07,21.16,21.200001,21.040001,21.08,13.681678,83400
2018-06-08,21.02,21.1,20.92,20.92,13.57783,51400
2018-06-11,20.91,21.35,20.91,21.299999,13.824469,96900
2018-06-12,21.16,21.32,21.16,21.190001,13.753072,108500
2018-06-13,21.09,21.129999,20.9,20.940001,13.698778,67600
2018-06-14,20.969999,21.02,20.82,20.959999,13.711855,175800
2018-06-15,20.99,21.08,20.9,20.9,13.672607,20200
2018-06-18,20.99,21.0,20.82,20.889999,13.666059,273900
2018-06-19,20.950001,20.950001,20.75,20.790001,13.600646,43500
2018-06-20,20.790001,20.85,20.700001,20.790001,13.600646,180000
2018-06-21,20.67,20.809999,20.629999,20.68,13.528686,54800
2018-06-22,20.709999,21.0,20.6,20.959999,13.711855,110100
2018-06-25,20.860001,20.959999,20.52,20.82,13.620271,74500
2018-06-26,20.780001,20.93,20.780001,20.879999,13.659521,29700
2018-06-27,20.99,20.99,20.65,20.73,13.561391,83500
2018-06-28,20.77,20.82,20.66,20.82,13.620271,99500
2018-06-29,20.85,20.9,20.790001,20.870001,13.652981,51900
2018-07-02,20.83,20.969999,20.73,20.77,13.587553,65000
2018-07-03,20.870001,20.889999,20.790001,20.799999,13.607185,18400
2018-07-05,20.940001,21.24,20.76,20.940001,13.698778,100100
2018-07-06,20.92,21.059999,20.85,20.950001,13.705315,61400
2018-07-09,20.92,21.0,20.9,20.9,13.672607,53700
2018-07-10,20.959999,20.969999,20.83,20.889999,13.666059,99800
2018-07-11,20.76,20.870001,20.58,20.68,13.637709,73700
2018-07-12,20.700001,20.99,20.700001,20.969999,13.828948,129500
2018-07-13,21.07,21.07,20.83,20.99,13.842137,31700
2018-07-16,21.0,21.02,20.92,20.950001,13.815762,33000
2018-07-17,21.09,21.09,20.959999,21.049999,13.881709,28700
2018-07-18,20.98,21.02,20.809999,20.85,13.749819,45200
2018-07-19,20.780001,20.860001,20.73,20.82,13.730028,49900
2018-07-20,20.75,20.860001,20.75,20.83,13.736629,22600
2018-07-23,20.91,20.91,20.790001,20.83,13.736629,19700
2018-07-24,20.9,21.030001,20.82,20.9,13.78279,42400
2018-07-25,20.99,21.030001,20.870001,20.889999,13.776192,23100
2018-07-26,20.959999,20.959999,20.83,20.83,13.736629,29300
2018-07-27,20.940001,20.969999,20.83,20.83,13.736629,37600
2018-07-30,20.9,20.940001,20.84,20.940001,13.809171,40800
2018-07-31,21.129999,21.129999,20.91,20.91,13.789381,50500
2018-08-01,20.91,20.91,20.870001,20.9,13.78279,44900
2018-08-02,20.9,20.9,20.83,20.870001,13.763004,34800
2018-08-03,20.83,20.84,20.790001,20.790001,13.710247,35200
2018-08-06,20.809999,20.950001,20.799999,20.950001,13.815762,64300
2018-08-07,20.950001,20.98,20.870001,20.889999,13.776192,29900
2018-08-08,20.85,20.889999,20.809999,20.84,13.743221,49900
2018-08-09,20.82,20.83,20.75,20.75,13.68387,29100
2018-08-10,20.700001,20.82,20.700001,20.790001,13.710247,28200
2018-08-13,20.709999,21.07,20.709999,21.01,13.85533,61900
2018-08-14,21.040001,21.040001,20.959999,21.02,13.861922,27800
2018-08-15,20.77,20.870001,20.75,20.84,13.853282,46200
2018-08-16,20.75,20.85,20.67,20.73,13.780161,50200
2018-08-17,20.67,20.809999,20.67,20.76,13.800102,40200
2018-08-20,20.780001,21.09,20.780001,21.049999,13.992881,38500
2018-08-21,21.0,21.139999,21.0,21.129999,14.046055,45100
2018-08-22,21.120001,21.129999,20.9,21.120001,14.039417,47700
2018-08-23,21.02,21.15,21.02,21.08,14.012828,36900
2018-08-24,21.120001,21.190001,20.959999,21.190001,14.085942,39600
2018-08-27,21.200001,21.200001,20.959999,20.99,13.952993,32500
2018-08-28,20.950001,20.969999,20.9,20.940001,13.919759,36600
2018-08-29,20.969999,21.299999,20.959999,21.059999,13.99952,28100
2018-08-30,21.1,21.1,20.940001,20.969999,13.939697,49400
2018-08-31,21.08,21.129999,21.0,21.07,14.006174,36800
2018-09-04,21.1,21.219999,21.08,21.190001,14.085942,43600
2018-09-05,21.09,21.200001,21.08,21.08,14.012828,42000
2018-09-06,21.059999,21.16,20.98,21.059999,13.99952,26000
2018-09-07,21.01,21.08,20.780001,20.82,13.839985,36700
2018-09-10,20.809999,20.83,20.6,20.83,13.846639,138100
2018-09-11,20.75,20.780001,20.73,20.73,13.780161,50300
2018-09-12,20.82,20.969999,20.77,20.92,13.906465,35400
2018-09-13,20.940001,21.049999,20.91,21.049999,13.992881,33900
2018-09-14,21.049999,21.049999,20.9,20.9,13.893168,35000
2018-09-17,21.01,21.040001,20.9,21.01,13.966288,24800
2018-09-18,20.91,21.030001,20.9,21.01,13.966288,45800
2018-09-19,20.809999,20.809999,20.65,20.73,13.890572,45600
2018-09-20,20.690001,20.959999,20.690001,20.85,13.97098,54600
2018-09-21,20.809999,20.9,20.719999,20.719999,13.883874,22100
2018-09-24,20.82,20.82,20.610001,20.620001,13.81687,39300
2018-09-25,20.66,20.66,20.51,20.549999,13.769958,54600
2018-09-26,20.52,20.57,20.23,20.290001,13.595739,189500
2018-09-27,20.35,20.530001,20.33,20.52,13.749861,50300
2018-09-28,20.6,20.620001,20.440001,20.57,13.783362,33400
2018-10-01,20.620001,20.629999,20.5,20.549999,13.769958,37700
2018-10-02,20.59,20.610001,20.52,20.59,13.796765,25300
2018-10-03,20.620001,20.620001,20.35,20.370001,13.649347,64300
2018-10-04,20.35,20.43,20.059999,20.059999,13.441623,74800
2018-10-05,20.049999,20.18,19.85,19.9,13.334409,72400
2018-10-08,19.9,20.139999,19.9,20.09,13.461727,64700
2018-10-09,20.0,20.450001,19.99,20.24,13.562239,67100
2018-10-10,20.139999,20.139999,19.700001,19.860001,13.41832,100000
2018-10-11,19.85,19.9,19.75,19.85,13.411567,68000
2018-10-12,19.85,20.01,19.809999,19.879999,13.431839,62300
2018-10-15,19.889999,19.99,19.889999,19.959999,13.485892,35000
2018-10-16,20.01,20.1,19.969999,20.01,13.51967,46900
2018-10-17,20.01,20.049999,19.75,19.75,13.344004,42700
2018-10-18,19.799999,19.799999,19.700001,19.700001,13.310222,30400
2018-10-19,19.74,19.780001,19.52,19.559999,13.215634,39000
2018-10-22,19.559999,19.65,19.41,19.41,13.114285,71400
2018-10-23,19.41,19.59,19.360001,19.459999,13.148068,48900
2018-10-24,19.370001,19.549999,19.25,19.25,13.006179,72200
2018-10-25,19.43,19.530001,19.280001,19.5,13.175093,55700
2018-10-26,19.49,19.530001,19.360001,19.440001,13.134558,42000
2018-10-29,19.5,19.59,19.110001,19.200001,12.972397,216800
2018-10-30,19.07,19.24,19.049999,19.24,12.999423,81200
2018-10-31,19.280001,19.549999,19.190001,19.360001,13.0805,102600
2018-11-01,19.4,19.469999,19.299999,19.440001,13.134558,83000
2018-11-02,19.59,19.66,19.5,19.559999,13.215634,68900
2018-11-05,19.530001,19.58,19.27,19.379999,13.094013,64200
2018-11-06,19.469999,19.48,19.4,19.48,13.161584,52200
2018-11-07,19.49,19.700001,19.389999,19.690001,13.303464,49500
2018-11-08,19.700001,20.139999,19.43,20.059999,13.553455,153800
2018-11-09,19.91,19.950001,19.549999,19.66,13.283195,52600
2018-11-12,19.73,19.799999,19.549999,19.549999,13.208875,51800
2018-11-13,19.6,19.790001,19.59,19.709999,13.316978,32900
2018-11-14,19.610001,19.780001,19.58,19.68,13.41033,69300
2018-11-15,19.66,19.709999,19.549999,19.58,13.342189,49400
2018-11-16,19.540001,19.889999,19.540001,19.879999,13.546619,79700
2018-11-19,19.940001,19.940001,19.67,19.780001,13.478474,48400
2018-11-20,19.67,19.74,19.35,19.379999,13.205903,87300
2018-11-21,19.4,19.59,19.35,19.370001,13.199087,48300
2018-11-23,19.35,19.440001,19.280001,19.280001,13.137765,24600
2018-11-26,19.299999,19.42,19.26,19.32,13.16502,58300
2018-11-27,19.299999,19.370001,19.219999,19.25,13.117324,40200
2018-11-28,19.219999,19.6,19.219999,19.34,13.178647,63600
2018-11-29,19.35,19.43,19.299999,19.32,13.16502,95300
2018-11-30,19.35,19.68,19.299999,19.58,13.342189,130000
2018-12-03,19.52,19.59,18.620001,18.91,12.885638,917900
2018-12-04,18.65,18.77,18.139999,18.49,12.599443,674200
2018-12-06,18.389999,18.719999,18.389999,18.65,12.708469,167100
2018-12-07,18.68,18.799999,18.65,18.799999,12.81068,98500
2018-12-10,18.860001,18.9,18.780001,18.9,12.878825,109400
2018-12-11,19.0,19.1,18.879999,18.959999,12.919707,118900
2018-12-12,18.860001,18.940001,18.75,18.9,12.95398,157000
2018-12-13,18.9,18.959999,18.629999,18.75,12.851168,171200
2018-12-14,18.75,18.75,18.41,18.450001,12.645551,148400
2018-12-17,18.42,18.43,18.049999,18.17,12.453644,269200
2018-12-18,18.25,18.389999,18.129999,18.18,12.460496,295200
2018-12-19,18.370001,18.459999,18.24,18.43,12.631843,334900
2018-12-20,18.4,18.57,18.129999,18.530001,12.700386,292000
2018-12-21,18.35,18.9,18.35,18.9,12.95398,287000
2018-12-24,18.85,18.91,18.67,18.76,12.858024,54400
2018-12-26,18.73,19.190001,18.73,18.99,13.015666,104200
2018-12-27,18.93,18.969999,18.77,18.93,12.974539,136000
2018-12-28,18.93,19.0,18.889999,18.93,12.974539,184300
2018-12-31,19.0,19.02,18.879999,18.950001,12.98825,180100
2019-01-02,18.91,19.25,18.9,19.23,13.180161,121600
2019-01-03,19.23,19.379999,19.209999,19.33,13.248704,125200
2019-01-04,19.41,19.450001,19.33,19.4,13.296678,108700
2019-01-07,19.41,19.549999,19.370001,19.49,13.358362,141700
2019-01-08,19.51,19.540001,19.42,19.530001,13.385779,64400
2019-01-09,19.43,19.51,19.389999,19.459999,13.337799,42400
2019-01-10,19.459999,19.5,19.43,19.469999,13.344657,38100
2019-01-11,19.41,19.52,19.309999,19.43,13.317242,56200
2019-01-14,19.440001,19.49,19.360001,19.48,13.351508,36100
2019-01-15,19.549999,19.700001,19.5,19.639999,13.461174,75900
2019-01-16,19.530001,19.620001,19.450001,19.59,13.502533,62300
2019-01-17,19.459999,19.58,19.32,19.32,13.316427,84000
2019-01-18,19.32,19.389999,19.200001,19.389999,13.364682,90000
2019-01-22,19.34,19.379999,19.26,19.27,13.281965,72300
2019-01-23,19.290001,19.48,19.26,19.4,13.371569,66200
2019-01-24,19.48,19.48,19.32,19.43,13.39225,48000
2019-01-25,19.5,19.5,19.360001,19.42,13.385358,43000
2019-01-28,19.290001,19.450001,19.25,19.379999,13.35778,53900
2019-01-29,19.309999,19.65,19.309999,19.530001,13.461173,86800
2019-01-30,19.469999,19.709999,19.469999,19.629999,13.530096,35000
2019-01-31,19.68,19.700001,19.59,19.690001,13.571455,39500
2019-02-01,19.68,19.76,19.6,19.65,13.543885,45800
2019-02-04,19.57,19.639999,19.530001,19.610001,13.516312,82000
2019-02-05,19.6,19.690001,19.6,19.66,13.550776,38100
2019-02-06,19.620001,19.690001,19.5,19.549999,13.474954,80900
2019-02-07,19.5,19.6,19.5,19.549999,13.474954,24800
2019-02-08,19.5,19.610001,19.48,19.58,13.495633,41700
2019-02-11,19.530001,19.65,19.52,19.629999,13.530096,45100
2019-02-12,19.6,19.73,19.59,19.709999,13.585241,53100
2019-02-13,19.6,19.6,19.48,19.559999,13.557513,61100
2019-02-14,19.6,19.76,19.57,19.700001,13.654552,41200
2019-02-15,19.77,19.809999,19.629999,19.700001,13.654552,55100
2019-02-19,19.709999,19.76,19.57,19.620001,13.599099,47500
2019-02-20,19.66,19.67,19.52,19.65,13.619893,51400
2019-02-21,19.620001,19.790001,19.52,19.66,13.626827,106800
2019-02-22,19.690001,19.82,19.59,19.65,13.619893,68500
2019-02-25,19.610001,19.74,19.6,19.690001,13.647622,30100
2019-02-26,19.75,19.85,19.700001,19.73,13.675344,58200
2019-02-27,19.700001,19.809999,19.68,19.809999,13.730792,59800
2019-02-28,19.77,19.77,19.639999,19.67,13.633755,28800
2019-03-01,19.75,19.75,19.59,19.65,13.619893,44200
2019-03-04,19.65,19.73,19.620001,19.719999,13.668415,59300
2019-03-05,19.67,19.719999,19.610001,19.709999,13.661485,53200
2019-03-06,19.719999,19.74,19.690001,19.719999,13.668415,78100
2019-03-07,19.719999,19.84,19.68,19.74,13.682274,89700
2019-03-08,19.74,19.82,19.719999,19.790001,13.716931,65100
2019-03-11,19.790001,19.870001,19.77,19.799999,13.723862,77700
2019-03-12,19.84,19.9,19.77,19.879999,13.779315,81000
2019-03-13,19.719999,19.77,19.629999,19.719999,13.744467,81100
2019-03-14,19.74,19.74,19.67,19.719999,13.744467,35900
2019-03-15,19.68,19.77,19.68,19.719999,13.744467,36700
2019-03-18,19.75,19.780001,19.66,19.75,13.76537,43600
2019-03-19,19.719999,19.74,19.68,19.68,13.716584,36700
2019-03-20,19.709999,19.790001,19.67,19.790001,13.79325,45000
2019-03-21,19.809999,19.940001,19.790001,19.889999,13.862948,76700
2019-03-22,19.93,19.959999,19.799999,19.93,13.890835,116400
2019-03-25,19.969999,19.969999,19.83,19.870001,13.84901,72500
2019-03-26,19.879999,19.950001,19.84,19.940001,13.897795,54400
2019-03-27,19.940001,20.040001,19.9,20.040001,13.967497,81400
2019-03-28,20.030001,20.08,19.950001,20.0,13.939623,44400
2019-03-29,20.059999,20.25,20.040001,20.200001,14.079014,50900
2019-04-01,20.18,20.18,20.049999,20.15,14.044168,58300
2019-04-02,20.030001,20.129999,19.84,19.959999,13.911737,66400
2019-04-03,19.940001,19.98,19.620001,19.780001,13.786286,97700
2019-04-04,19.790001,20.25,19.790001,20.139999,14.037199,112200
2019-04-05,20.139999,20.200001,20.02,20.07,13.988405,35800
2019-04-08,20.02,20.139999,20.02,20.110001,14.016286,30800
2019-04-09,20.08,20.09,19.93,19.99,13.932652,52800
2019-04-10,20.049999,20.049999,19.9,19.950001,13.904778,52600
2019-04-11,19.99,20.209999,19.99,20.200001,14.079014,56800
2019-04-12,20.139999,20.15,20.07,20.1,14.009315,17200
2019-04-15,20.15,20.15,20.09,20.139999,14.037199,25300
2019-04-16,20.139999,20.139999,19.969999,19.969999,13.918709,25800
2019-04-17,19.959999,20.040001,19.82,19.940001,13.974773,51400
2019-04-18,19.870001,19.959999,19.84,19.92,13.960759,51500
2019-04-22,19.85,20.07,19.85,19.91,13.953752,43200
2019-04-23,19.959999,19.959999,19.75,19.84,13.90469,65200
2019-04-24,19.889999,19.99,19.82,19.959999,13.98879,48600
2019-04-25,19.99,19.99,19.92,19.969999,13.995801,29000
2019-04-26,20.0,20.190001,19.98,20.18,14.142983,51900
2019-04-29,20.200001,20.23,19.93,20.09,14.079905,53300
2019-04-30,20.09,20.09,19.99,20.0,14.016829,24600
2019-05-01,20.120001,20.200001,19.950001,20.110001,14.093918,56200
2019-05-02,20.190001,20.719999,20.190001,20.450001,14.332212,642900
2019-05-03,20.5,20.67,20.440001,20.459999,14.339214,69500
2019-05-06,20.33,20.42,20.25,20.32,14.241096,32100
2019-05-07,20.360001,20.360001,20.129999,20.17,14.13597,113800
2019-05-08,20.16,20.280001,20.07,20.15,14.121957,41200
2019-05-09,20.120001,20.23,20.08,20.110001,14.093918,59600
2019-05-10,20.139999,20.219999,20.1,20.219999,14.171009,42600
2019-05-13,20.17,20.200001,20.15,20.190001,14.149987,20400
2019-05-14,20.23,20.43,20.18,20.299999,14.227076,20000
2019-05-15,20.25,20.440001,20.25,20.42,14.389153,29500
2019-05-16,20.35,20.379999,20.15,20.299999,14.304587,39500
2019-05-17,20.34,20.6,20.290001,20.459999,14.417337,76000
2019-05-20,20.43,20.469999,20.299999,20.35,14.339823,28500
2019-05-21,20.450001,20.49,20.280001,20.41,14.382107,20800
2019-05-22,20.48,20.68,20.43,20.68,14.572366,48700
2019-05-23,20.51,20.690001,20.5,20.610001,14.52304,45100
2019-05-24,20.65,20.75,20.540001,20.620001,14.530086,43800
2019-05-28,20.629999,20.780001,20.57,20.610001,14.52304,44100
2019-05-29,20.629999,20.67,20.42,20.610001,14.52304,53700
2019-05-30,20.68,20.68,20.549999,20.639999,14.544179,18900
2019-05-31,20.639999,20.639999,20.48,20.57,14.494853,27300
2019-06-03,20.620001,20.639999,20.469999,20.530001,14.466666,64100
2019-06-04,20.559999,20.74,20.559999,20.59,14.508944,77500
2019-06-05,20.65,20.700001,20.459999,20.66,14.558268,45500
2019-06-06,20.6,20.790001,20.540001,20.790001,14.649879,65400
2019-06-07,20.799999,20.799999,20.559999,20.75,14.621692,34600
2019-06-10,20.709999,20.780001,20.58,20.74,14.614648,36600
2019-06-11,20.76,20.809999,20.57,20.799999,14.656922,39800
2019-06-12,20.68,20.73,20.57,20.700001,14.664004,28900
2019-06-13,20.700001,20.82,20.629999,20.790001,14.727767,27700
2019-06-14,20.690001,20.790001,20.620001,20.690001,14.656923,33500
2019-06-17,20.639999,20.76,20.6,20.610001,14.600252,36100
2019-06-18,20.73,20.780001,20.620001,20.639999,14.621505,31600
2019-06-19,20.719999,20.74,20.629999,20.74,14.692347,22000
2019-06-20,20.77,20.77,20.67,20.76,14.706513,32700
2019-06-21,20.700001,20.790001,20.68,20.709999,14.671092,27600
2019-06-24,20.799999,20.879999,20.700001,20.84,14.763184,38500
2019-06-25,20.790001,20.83,20.709999,20.77,14.713593,18300
2019-06-26,20.77,20.969999,20.700001,20.969999,14.855279,52900
2019-06-27,20.780001,20.879999,20.709999,20.870001,14.784434,53100
2019-06-28,20.889999,20.92,20.639999,20.92,14.819856,70700
2019-07-01,20.93,20.940001,20.809999,20.870001,14.784434,43100
2019-07-02,20.870001,20.9,20.809999,20.9,14.805693,19300
2019-07-03,20.9,20.93,20.870001,20.889999,14.798599,20300
2019-07-05,20.879999,20.879999,20.719999,20.76,14.706513,13700
2019-07-08,20.76,20.83,20.629999,20.83,14.756098,38900
2019-07-09,20.84,20.84,20.76,20.83,14.756098,18700
2019-07-10,20.780001,20.809999,20.68,20.780001,14.720683,35500
2019-07-11,20.790001,21.129999,20.75,20.950001,14.841111,54500
2019-07-12,21.0,21.0,20.77,20.950001,14.841111,35700
2019-07-15,20.879999,20.879999,20.77,20.809999,14.741931,31100
2019-07-16,20.84,20.85,20.65,20.73,14.685257,45300
2019-07-17,20.629999,20.99,20.58,20.99,14.948772,59500
2019-07-18,20.9,20.91,20.74,20.790001,14.806336,24000
2019-07-19,20.799999,20.950001,20.75,20.889999,14.877542,27600
2019-07-22,20.84,20.84,20.32,20.35,14.492967,554000
2019-07-23,20.389999,20.4,20.200001,20.309999,14.464479,273400
2019-07-24,20.32,20.52,20.27,20.49,14.592681,131600
2019-07-25,20.52,20.530001,20.35,20.530001,14.621165,121500
2019-07-26,20.5,20.540001,20.389999,20.450001,14.564189,75800
2019-07-29,20.459999,20.59,20.450001,20.5,14.599801,75600
2019-07-30,20.549999,20.549999,20.43,20.49,14.592681,40300
2019-07-31,20.48,20.540001,20.42,20.51,14.606918,71100
2019-08-01,20.549999,20.639999,20.48,20.639999,14.699505,66000
2019-08-02,20.620001,20.68,20.549999,20.59,14.663893,79500
2019-08-05,20.6,20.67,20.43,20.48,14.585557,93400
2019-08-06,20.530001,20.629999,20.52,20.610001,14.678139,57400
2019-08-07,20.610001,20.67,20.52,20.59,14.663893,77500
2019-08-08,20.610001,20.67,20.57,20.67,14.720871,90900
2019-08-09,20.67,20.709999,20.58,20.67,14.720871,47500
2019-08-12,20.57,20.68,20.540001,20.620001,14.685259,53300
2019-08-13,20.6,20.68,20.549999,20.57,14.649654,52600
2019-08-14,20.459999,20.67,20.389999,20.51,14.685454,74600
2019-08-15,20.48,20.59,20.309999,20.360001,14.578046,87300
2019-08-16,20.309999,20.450001,20.309999,20.4,14.606693,50600
2019-08-19,20.370001,20.5,20.360001,20.459999,14.649654,49400
2019-08-20,20.5,20.57,20.4,20.559999,14.721247,64300
2019-08-21,20.540001,20.6,20.48,20.6,14.74989,50500
2019-08-22,20.6,20.700001,20.52,20.6,14.74989,48900
2019-08-23,20.6,20.73,20.6,20.66,14.79285,74100
2019-08-26,20.68,20.74,20.66,20.68,14.807174,37200
2019-08-27,20.67,20.75,20.65,20.700001,14.821494,42400
2019-08-28,20.719999,20.780001,20.639999,20.75,14.857296,39800
2019-08-29,20.799999,21.15,20.620001,21.040001,15.064944,170600
2019-08-30,20.969999,21.030001,20.93,21.02,15.050614,43200
2019-09-03,21.040001,21.09,20.870001,20.91,14.971851,100100
2019-09-04,20.98,21.040001,20.780001,20.84,14.921735,45200
2019-09-05,20.809999,20.879999,20.65,20.809999,14.900253,57500
2019-09-06,20.74,21.030001,20.690001,20.940001,14.99334,57200
2019-09-09,20.91,20.91,20.790001,20.860001,14.93606,25200
2019-09-10,20.92,20.950001,20.870001,20.889999,14.957532,40700
2019-09-11,20.92,20.969999,20.809999,20.85,14.928891,42200
2019-09-12,20.809999,20.9,20.74,20.74,14.850135,47700
2019-09-13,20.780001,20.799999,20.5,20.620001,14.764215,46700
2019-09-16,20.610001,20.83,20.610001,20.77,14.871614,31900
2019-09-17,20.790001,20.84,20.73,20.82,14.907415,60600
2019-09-18,20.780001,20.870001,20.639999,20.639999,14.857032,25500
2019-09-19,20.67,20.84,20.6,20.73,14.921809,46900
2019-09-20,20.799999,20.799999,20.67,20.700001,14.900216,27300
2019-09-23,20.6,20.690001,20.6,20.639999,14.857032,64900
2019-09-24,20.65,20.77,20.65,20.76,14.943405,32800
2019-09-25,20.709999,20.790001,20.700001,20.780001,14.957804,43000
2019-09-26,20.74,20.799999,20.73,20.77,14.950603,17400
2019-09-27,20.75,20.809999,20.74,20.75,14.936211,19100
2019-09-30,20.709999,20.82,20.709999,20.709999,14.907411,28200
2019-10-01,20.700001,20.93,20.700001,20.91,15.051373,74900
2019-10-02,20.91,20.91,20.82,20.860001,15.01539,19400
2019-10-03,20.99,20.99,20.82,20.940001,15.072974,42400
2019-10-04,20.940001,20.959999,20.860001,20.879999,15.029778,20800
2019-10-07,20.92,20.950001,20.809999,20.889999,15.036977,35800
2019-10-08,20.860001,20.969999,20.85,20.959999,15.087371,32700
2019-10-09,20.889999,21.299999,20.889999,21.15,15.224129,101500
2019-10-10,21.08,21.139999,20.940001,21.049999,15.152159,19600
2019-10-11,21.07,21.07,20.860001,20.860001,15.01539,43400
2019-10-14,20.75,20.940001,20.74,20.82,14.986595,35800
2019-10-15,20.82,20.92,20.790001,20.809999,14.979395,27500
2019-10-16,20.790001,20.99,20.549999,20.549999,14.87085,79100
2019-10-17,20.58,20.809999,20.58,20.73,15.001107,29400
2019-10-18,20.690001,20.780001,20.65,20.690001,14.972159,12700
2019-10-21,20.709999,20.799999,20.68,20.68,14.964925,17400
2019-10-22,20.67,20.85,20.67,20.709999,14.986629,25400
2019-10-23,20.76,20.84,20.73,20.82,15.066236,18800
2019-10-24,20.75,20.790001,20.68,20.68,14.964925,25000
2019-10-25,20.73,20.75,20.5,20.6,14.907031,58500
2019-10-28,20.540001,20.799999,20.540001,20.65,14.943218,27400
2019-10-29,20.6,20.65,20.52,20.52,14.84914,25900
2019-10-30,20.52,20.65,20.52,20.629999,14.92874,16600
2019-10-31,20.700001,20.780001,20.559999,20.68,14.964925,37100
2019-11-01,20.620001,21.0,20.559999,20.82,15.066236,68000
2019-11-04,20.84,20.870001,20.73,20.809999,15.059,38200
2019-11-05,20.82,20.82,20.73,20.77,15.030052,16800
2019-11-06,20.76,20.85,20.66,20.66,14.950449,26600
2019-11-07,20.68,20.84,20.58,20.780001,15.037291,66100
2019-11-08,20.690001,20.75,20.58,20.65,14.943218,20400
2019-11-11,20.719999,20.790001,20.610001,20.76,15.022814,32400
2019-11-12,20.700001,20.799999,20.6,20.66,14.950449,29400
2019-11-13,20.549999,20.73,20.549999,20.73,15.081399,26800
2019-11-14,20.629999,20.83,20.629999,20.74,15.088682,35000
2019-11-15,20.709999,20.799999,20.67,20.68,15.045033,37700
2019-11-18,20.74,20.75,20.65,20.66,15.030471,46400
2019-11-19,20.73,20.73,20.549999,20.610001,14.994099,34200
2019-11-20,20.58,20.719999,20.57,20.66,15.030471,40900
2019-11-21,20.700001,20.85,20.6,20.719999,15.074133,49700
2019-11-22,20.75,20.780001,20.629999,20.68,15.045033,47700
2019-11-25,20.629999,20.75,20.629999,20.65,15.023207,45700
2019-11-26,20.629999,20.780001,20.6,20.65,15.023207,61200
2019-11-27,20.639999,20.74,20.610001,20.709999,15.066853,13700
2019-11-29,20.700001,20.73,20.629999,20.65,15.023207,13400
2019-12-02,20.709999,20.879999,20.66,20.85,15.1687,81200
2019-12-03,20.9,21.01,20.84,20.950001,15.241455,90700
2019-12-04,20.92,20.92,20.709999,20.709999,15.066853,48600
2019-12-05,20.68,20.77,20.610001,20.629999,15.008648,45800
2019-12-06,20.610001,20.74,20.58,20.709999,15.066853,55800
2019-12-09,20.780001,20.780001,20.629999,20.629999,15.008648,31000
2019-12-10,20.610001,20.700001,20.57,20.620001,15.00138,34200
2019-12-11,20.469999,20.540001,20.370001,20.469999,15.038108,71400
2019-12-12,20.43,20.5,20.41,20.450001,15.023417,36500
2019-12-13,20.35,20.51,20.34,20.34,14.942606,53900
2019-12-16,20.34,20.57,20.34,20.5,15.06015,53000
2019-12-17,20.5,20.9,20.48,20.549999,15.096881,104600
2019-12-18,20.549999,20.709999,20.370001,20.6,15.133617,74000
2019-12-19,20.59,20.6,20.33,20.41,14.994032,97700
2019-12-20,20.4,20.450001,20.219999,20.32,14.927914,140700
2019-12-23,20.379999,20.559999,20.280001,20.389999,14.979336,71400
2019-12-24,20.42,20.440001,20.299999,20.34,14.942606,82400
2019-12-26,20.35,20.440001,20.32,20.43,15.008721,44200
2019-12-27,20.5,20.700001,20.4,20.66,15.177686,114900
2019-12-30,20.6,20.639999,20.48,20.559999,15.104227,46300
2019-12-31,20.57,20.700001,20.51,20.639999,15.163006,66200
2020-01-02,20.65,20.709999,20.530001,20.58,15.118918,45700
2020-01-03,20.559999,20.68,20.530001,20.68,15.192389,45200
2020-01-06,20.59,20.68,20.59,20.610001,15.140956,55900
2020-01-07,20.58,20.709999,20.58,20.709999,15.214422,32400
2020-01-08,20.66,20.809999,20.66,20.74,15.236467,60600
2020-01-09,20.709999,20.84,20.700001,20.799999,15.280541,30300
2020-01-10,20.77,20.84,20.73,20.76,15.251155,34300
2020-01-13,20.75,20.860001,20.75,20.85,15.317267,17600
2020-01-14,20.85,20.99,20.83,20.91,15.361349,35800
2020-01-15,20.799999,21.02,20.780001,20.969999,15.486903,44100
2020-01-16,20.809999,20.870001,20.66,20.870001,15.413052,66600
2020-01-17,20.780001,20.92,20.780001,20.889999,15.427821,27100
2020-01-21,20.889999,21.17,20.889999,21.040001,15.5386,51100
2020-01-22,21.030001,21.200001,21.0,21.16,15.627223,24600
2020-01-23,21.08,21.139999,20.950001,21.059999,15.553366,52100
2020-01-24,20.98,21.059999,20.82,20.9,15.435205,58600
2020-01-27,20.9,20.98,20.82,20.85,15.398272,56700
2020-01-28,20.9,21.07,20.889999,20.93,15.457357,44100
2020-01-29,20.99,21.059999,20.91,20.959999,15.479515,40400
2020-01-30,20.92,21.01,20.92,20.93,15.457357,39800
2020-01-31,20.98,20.98,20.860001,20.860001,15.405661,38700
2020-02-03,20.870001,20.92,20.870001,20.889999,15.427821,51900
2020-02-04,20.85,20.9,20.799999,20.9,15.435205,104000
2020-02-05,20.83,21.0,20.82,21.0,15.509053,66800
2020-02-06,21.0,21.08,20.91,20.99,15.501671,47800
2020-02-07,20.950001,21.0,20.84,20.860001,15.405661,63500
2020-02-10,20.959999,21.049999,20.889999,20.889999,15.427821,50100
2020-02-11,20.91,21.0,20.91,20.98,15.494288,38700
2020-02-12,20.92,20.92,20.83,20.889999,15.50913,56500
2020-02-13,20.860001,20.889999,20.799999,20.889999,15.50913,59100
2020-02-14,20.85,20.940001,20.85,20.860001,15.486866,29500
2020-02-18,20.93,21.030001,20.889999,20.959999,15.561108,66300
2020-02-19,20.950001,20.969999,20.860001,20.9,15.516556,37400
2020-02-20,20.9,21.040001,20.9,21.0,15.590804,55800
2020-02-21,21.0,21.07,20.93,20.940001,15.546258,87600
2020-02-24,20.99,21.059999,20.66,20.9,15.516556,72800
2020-02-25,20.85,20.92,20.74,20.799999,15.442313,69100
2020-02-26,20.780001,20.84,20.700001,20.76,15.412616,50300
2020-02-27,20.700001,20.799999,20.49,20.59,15.286407,113400
2020-02-28,20.459999,20.540001,19.879999,20.1,14.922624,185200
2020-03-02,20.16,20.879999,20.16,20.65,15.330953,140000
2020-03-03,20.73,20.799999,20.530001,20.799999,15.442313,66700
2020-03-04,20.889999,20.969999,20.84,20.969999,15.568526,56200
2020-03-05,20.84,21.1,20.84,20.870001,15.494288,99300
2020-03-06,20.74,20.91,20.719999,20.9,15.516556,87100
2020-03-09,20.389999,20.709999,20.379999,20.540001,15.249294,103800
2020-03-10,20.65,20.93,20.620001,20.780001,15.427466,207100
2020-03-11,20.620001,20.719999,20.0,20.0,14.9274,103100
2020-03-12,19.6,19.6,18.059999,18.120001,13.524224,313200
2020-03-13,18.76,19.6,18.610001,19.51,14.561684,235800
2020-03-16,17.9,19.18,17.780001,18.129999,13.531685,195300
2020-03-17,18.120001,18.74,17.83,18.42,13.748134,209100
2020-03-18,17.92,18.08,14.8,15.4,11.494094,664300
2020-03-19,15.7,18.33,15.51,17.360001,12.956983,208100
2020-03-20,17.360001,17.84,17.01,17.1,12.762926,160800
2020-03-23,16.74,17.35,16.219999,16.889999,12.606191,329000
2020-03-24,17.18,18.440001,17.139999,17.99,13.427199,130300
2020-03-25,17.950001,17.950001,17.110001,17.290001,12.90474,155700
2020-03-26,17.200001,17.32,16.700001,16.879999,12.598725,160500
2020-03-27,16.690001,17.370001,16.09,17.040001,12.718145,135800
2020-03-30,16.950001,17.34,16.950001,17.02,12.703217,110800
2020-03-31,17.08,17.190001,16.83,17.1,12.762926,229400
2020-04-01,17.049999,17.049999,16.0,16.33,12.188221,126900
2020-04-02,16.49,16.76,16.25,16.4,12.240469,103600
2020-04-03,16.620001,16.620001,16.0,16.17,12.068804,98200
2020-04-06,16.33,16.700001,16.23,16.6,12.389741,43200
2020-04-07,16.719999,17.09,16.719999,17.059999,12.733074,65100
2020-04-08,17.139999,17.709999,16.969999,17.59,13.128654,70200
2020-04-09,17.85,18.309999,17.620001,17.91,13.367488,115200
2020-04-13,18.15,18.17,17.51,17.790001,13.277922,107700
2020-04-14,18.0,18.139999,17.34,17.68,13.195821,114100
2020-04-15,17.42,17.700001,17.290001,17.639999,13.248395,145000
2020-04-16,17.85,17.85,17.58,17.690001,13.285949,19300
2020-04-17,17.780001,17.969999,17.49,17.75,13.331006,109700
2020-04-20,17.77,17.92,17.469999,17.5,13.14325,110600
2020-04-21,17.450001,17.6,17.02,17.120001,12.857851,123000
2020-04-22,17.370001,17.559999,17.209999,17.299999,12.993037,107700
2020-04-23,17.360001,17.76,17.24,17.639999,13.248395,96500
2020-04-24,17.85,17.860001,17.559999,17.719999,13.308482,62700
2020-04-27,17.91,18.870001,17.700001,18.27,13.721552,527500
2020-04-28,18.469999,18.469999,18.02,18.1,13.593873,147200
2020-04-29,18.18,18.49,18.129999,18.25,13.706532,135400
2020-04-30,18.379999,18.440001,18.15,18.379999,13.804167,143900
2020-05-01,18.33,18.4,17.82,18.280001,13.729058,261400
2020-05-04,18.23,18.469999,18.120001,18.4,13.819188,53500
2020-05-05,18.5,18.51,18.309999,18.370001,13.796657,146200
2020-05-06,18.370001,18.559999,18.299999,18.299999,13.744082,38200
2020-05-07,18.440001,18.469999,18.34,18.450001,13.856738,47200
2020-05-08,18.540001,18.549999,18.4,18.469999,13.871763,60300
2020-05-11,18.450001,18.709999,18.389999,18.440001,13.849235,46700
2020-05-12,18.49,18.6,18.43,18.469999,13.871763,48700
2020-05-13,18.370001,18.43,17.83,17.91,13.531765,44300
2020-05-14,17.879999,17.92,17.51,17.92,13.539323,77500
2020-05-15,17.889999,17.950001,17.75,17.76,13.418433,44500
2020-05-18,17.92,18.18,17.879999,18.1,13.675316,51300
2020-05-19,18.17,18.43,18.17,18.32,13.841539,26300
2020-05-20,18.280001,18.48,18.280001,18.33,13.84909,27500
2020-05-21,18.299999,18.57,18.299999,18.379999,13.886871,69300
2020-05-22,18.48,18.52,18.389999,18.450001,13.939758,31300
2020-05-26,18.6,18.6,18.43,18.58,14.037982,64800
2020-05-27,18.58,18.58,18.49,18.530001,14.000204,47800
2020-05-28,18.6,18.75,18.559999,18.610001,14.060642,41800
2020-05-29,18.690001,18.860001,18.629999,18.719999,14.143753,85200
2020-06-01,18.84,19.049999,18.709999,19.0,14.35531,66000
2020-06-02,19.049999,19.33,19.049999,19.290001,14.574425,101500
2020-06-03,19.4,19.549999,19.25,19.360001,14.627305,89700
2020-06-04,19.440001,19.450001,19.01,19.08,14.415749,46500
2020-06-05,19.02,19.389999,19.02,19.26,14.551746,36500
2020-06-08,19.219999,19.43,18.860001,19.190001,14.498858,75500
2020-06-09,19.02,19.360001,18.969999,19.24,14.536636,35700
2020-06-10,19.190001,19.549999,19.120001,19.43,14.764605,42400
2020-06-11,19.16,19.16,18.559999,18.790001,14.278272,89400
2020-06-12,19.030001,19.26,18.719999,18.870001,14.339066,72600
2020-06-15,18.860001,18.93,18.65,18.889999,14.354266,35400
2020-06-16,18.969999,19.290001,18.969999,19.18,14.574629,35400
2020-06-17,19.24,19.24,19.1,19.18,14.574629,21100
2020-06-18,19.23,19.23,19.02,19.16,14.559433,18600
2020-06-19,19.24,19.280001,19.16,19.26,14.63542,24800
2020-06-22,19.25,19.33,19.190001,19.33,14.688616,21400
2020-06-23,19.450001,19.49,19.290001,19.379999,14.726604,23000
2020-06-24,19.440001,19.440001,19.07,19.07,14.491047,26500
2020-06-25,19.17,19.18,19.01,19.07,14.491047,32100
2020-06-26,19.02,19.17,19.02,19.040001,14.468248,19800
2020-06-29,19.02,19.049999,18.91,19.0,14.437854,22900
2020-06-30,19.07,19.09,18.950001,18.950001,14.399858,74600
2020-07-01,18.940001,19.09,18.9,19.02,14.453051,98800
2020-07-02,19.1,19.209999,18.950001,19.030001,14.46065,80600
2020-07-06,19.120001,19.35,19.09,19.280001,14.650617,41900
2020-07-07,19.33,19.34,19.219999,19.27,14.643023,32300
2020-07-08,19.33,19.389999,19.219999,19.379999,14.726604,21000
2020-07-09,19.370001,19.370001,19.049999,19.07,14.491047,31900
2020-07-10,19.059999,19.280001,18.950001,19.08,14.498645,18300
2020-07-13,19.190001,19.190001,18.950001,18.950001,14.399858,33000
2020-07-14,18.91,19.309999,18.68,19.02,14.453051,62700
2020-07-15,18.879999,18.950001,18.809999,18.93,14.468334,18400
2020-07-16,18.85,18.92,18.799999,18.83,14.3919,23100
2020-07-17,18.73,18.780001,18.700001,18.76,14.338404,39400
2020-07-20,18.67,18.82,18.51,18.799999,14.368976,43400
2020-07-21,18.75,18.870001,18.75,18.82,14.384264,35400
2020-07-22,18.85,18.879999,18.799999,18.82,14.384264,30200
2020-07-23,18.870001,19.139999,18.870001,19.129999,14.621196,37700
2020-07-24,19.17,19.200001,19.09,19.200001,14.674698,49500
2020-07-27,19.26,19.26,19.17,19.219999,14.68998,28000
2020-07-28,19.280001,19.290001,19.200001,19.23,14.697627,34900
2020-07-29,19.32,19.33,19.17,19.26,14.720557,62000
2020-07-30,19.299999,19.379999,19.200001,19.379999,14.812272,24600
2020-07-31,19.360001,19.4,19.200001,19.360001,14.796987,48400
2020-08-03,19.43,19.450001,19.379999,19.450001,14.865778,27100
2020-08-04,19.42,19.49,19.389999,19.49,14.896346,18800
2020-08-05,19.389999,19.51,19.389999,19.5,14.903989,37000
2020-08-06,19.5,19.5,19.389999,19.4,14.827564,28100
2020-08-07,19.42,19.49,19.389999,19.48,14.888702,15200
2020-08-10,19.49,19.65,19.389999,19.610001,14.988063,65400
2020-08-11,19.75,19.75,19.52,19.629999,15.003349,37800
2020-08-12,19.549999,19.549999,19.360001,19.52,15.003351,50600
2020-08-13,19.6,19.76,19.42,19.43,14.93418,184900
2020-08-14,19.5,19.5,19.32,19.370001,14.888053,39400
2020-08-17,19.42,19.42,19.32,19.389999,14.903433,42000
2020-08-18,19.42,19.42,19.309999,19.33,14.857316,32200
2020-08-19,19.33,20.0,19.33,19.549999,15.026408,67100
2020-08-20,19.57,19.57,19.24,19.51,14.995667,50700
2020-08-21,19.51,19.559999,19.4,19.459999,14.957231,51400
2020-08-24,19.49,19.5,19.450001,19.450001,14.949546,26300
2020-08-25,19.370001,19.450001,19.34,19.370001,14.888053,41400
2020-08-26,19.309999,19.450001,19.309999,19.389999,14.903433,22200
2020-08-27,19.43,19.49,19.32,19.389999,14.903433,20700
2020-08-28,19.549999,19.629999,19.41,19.48,14.972602,24100
2020-08-31,19.57,19.57,19.440001,19.5,14.98798,36000
2020-09-01,19.549999,19.549999,19.139999,19.370001,14.888053,90100
2020-09-02,19.43,19.469999,19.389999,19.43,14.93418,45600
2020-09-03,19.440001,19.49,19.110001,19.34,14.865005,63700
2020-09-04,19.32,19.32,19.08,19.139999,14.71128,44100
2020-09-08,19.209999,19.209999,19.15,19.16,14.72665,27800
2020-09-09,19.219999,19.360001,19.190001,19.299999,14.834255,19300
2020-09-10,19.32,19.440001,19.32,19.4,14.911115,22000
2020-09-11,19.469999,19.469999,19.34,19.379999,14.895746,30500
2020-09-14,19.4,19.4,19.280001,19.35,14.872686,16700
2020-09-15,19.42,19.43,19.35,19.35,14.872686,22500
2020-09-16,19.26,19.34,19.0,19.1,14.764462,59400
2020-09-17,19.059999,19.190001,18.610001,18.940001,14.640787,133900
2020-09-18,18.870001,19.0,18.799999,18.959999,14.656247,24300
2020-09-21,18.799999,18.860001,18.549999,18.709999,14.46299,71000
2020-09-22,18.790001,18.84,18.690001,18.809999,14.540291,42700
2020-09-23,18.85,18.950001,18.82,18.860001,14.578943,50700
2020-09-24,18.879999,18.889999,18.719999,18.860001,14.578943,41300
2020-09-25,18.84,19.049999,18.799999,18.93,14.633055,48200
2020-09-28,18.98,19.08,18.889999,18.98,14.6717,27300
2020-09-29,19.01,19.030001,18.9,18.98,14.6717,17300
2020-09-30,19.08,19.27,19.030001,19.059999,14.733549,43500
2020-10-01,19.08,19.299999,19.08,19.17,14.818575,31600
2020-10-02,19.129999,19.290001,19.0,19.16,14.810844,50000
2020-10-05,19.190001,19.27,19.09,19.17,14.818575,29600
2020-10-06,19.110001,19.139999,19.059999,19.120001,14.779923,21300
2020-10-07,19.280001,19.290001,19.120001,19.27,14.89588,35200
2020-10-08,19.209999,19.27,19.190001,19.219999,14.857224,23900
2020-10-09,19.15,19.290001,19.15,19.25,14.880417,11100
2020-10-12,19.16,19.34,19.16,19.290001,14.911341,21800
2020-10-13,19.309999,19.34,19.200001,19.27,14.89588,11800
2020-10-14,19.27,19.27,19.120001,19.15,14.888101,20100
2020-10-15,19.15,19.15,19.02,19.02,14.787032,28400
2020-10-16,19.01,19.02,18.9,18.91,14.701514,48600
2020-10-19,18.99,18.99,18.84,18.84,14.647094,22000
2020-10-20,18.93,18.98,18.870001,18.879999,14.678187,43100
2020-10-21,18.959999,19.0,18.83,18.83,14.639314,32000
2020-10-22,18.889999,18.99,18.74,18.870001,14.670419,31800
2020-10-23,18.91,18.91,18.65,18.76,14.584902,29500
2020-10-26,18.68,18.76,18.51,18.549999,14.421635,44600
2020-10-27,18.66,18.92,18.65,18.860001,14.662642,56800
2020-10-28,18.860001,18.9,18.709999,18.85,14.65487,40100
2020-10-29,18.85,18.93,18.75,18.879999,14.678187,22900
2020-10-30,18.809999,18.99,18.76,18.76,14.584902,34700
2020-11-02,18.9,18.969999,18.74,18.860001,14.662642,23400
2020-11-03,18.860001,19.25,18.709999,18.889999,14.685966,55100
2020-11-04,18.969999,19.15,18.940001,19.110001,14.857009,20400
2020-11-05,19.200001,19.4,19.190001,19.209999,14.934752,18400
2020-11-06,19.18,19.32,19.18,19.219999,14.942522,13200
2020-11-09,19.299999,19.299999,19.08,19.209999,14.934752,42800
2020-11-10,18.91,19.27,18.83,19.24,15.044213,101700
2020-11-11,19.190001,19.4,19.17,19.24,15.044213,34900
2020-11-12,19.360001,19.360001,19.02,19.15,14.973844,35300
2020-11-13,19.219999,19.360001,19.219999,19.33,15.114588,18100
2020-11-16,19.27,19.48,19.01,19.459999,15.216239,40500
2020-11-17,19.34,19.49,19.34,19.41,15.177147,20100
2020-11-18,19.379999,19.440001,19.27,19.4,15.169319,43300
2020-11-19,19.4,19.5,19.23,19.5,15.247519,37500
2020-11-20,19.51,19.51,19.34,19.49,15.239698,13000
2020-11-23,19.41,19.690001,19.41,19.690001,15.396089,16800
2020-11-24,19.74,19.799999,19.51,19.76,15.450812,22900
2020-11-25,19.799999,19.799999,19.65,19.74,15.43518,24000
2020-11-27,19.719999,19.85,19.68,19.77,15.458643,14800
2020-11-30,19.870001,20.299999,19.469999,19.620001,15.341347,64300
2020-12-01,19.67,19.67,19.41,19.52,15.263159,87400
2020-12-02,19.530001,19.809999,19.52,19.639999,15.356989,56600
2020-12-03,19.639999,19.77,19.549999,19.610001,15.333526,35500
2020-12-04,19.719999,19.74,19.58,19.629999,15.349165,29600
2020-12-07,19.6,19.700001,19.5,19.59,15.317891,26700
2020-12-08,19.559999,19.700001,19.559999,19.639999,15.356989,20900
2020-12-09,19.58,19.629999,19.5,19.59,15.317891,50900
2020-12-10,19.59,19.68,19.52,19.549999,15.286612,28900
2020-12-11,19.49,19.719999,19.49,19.629999,15.349165,71700
2020-12-14,19.65,19.75,19.6,19.65,15.364807,61400
2020-12-15,19.639999,19.93,19.639999,19.870001,15.536831,81700
2020-12-16,19.360001,19.450001,19.15,19.24,15.430161,97700
2020-12-17,19.17,19.299999,18.950001,19.01,15.245706,95800
2020-12-18,19.129999,19.209999,19.049999,19.09,15.309875,50600
2020-12-21,19.01,19.27,18.91,19.07,15.293831,80200
2020-12-22,19.059999,19.120001,18.950001,19.01,15.245706,46400
2020-12-23,19.120001,19.280001,18.969999,19.24,15.430161,53700
2020-12-24,19.309999,19.32,19.1,19.15,15.357985,19900
2020-12-28,19.18,19.27,19.030001,19.120001,15.33393,70300
2020-12-29,19.07,19.4,19.07,19.370001,15.534419,45600
2020-12-30,19.440001,19.540001,19.32,19.49,15.630661,42800
2020-12-31,19.6,19.65,19.42,19.65,15.758982,71800
2021-01-04,19.610001,19.610001,19.129999,19.42,15.574523,111800
2021-01-05,19.299999,19.35,19.16,19.23,15.422144,48700
2021-01-06,19.16,19.23,19.01,19.040001,15.26977,90500
2021-01-07,19.16,19.26,19.01,19.139999,15.34997,35700
2021-01-08,19.27,19.32,19.17,19.17,15.374026,34100
2021-01-11,19.15,19.17,19.1,19.139999,15.34997,34100
2021-01-12,19.1,19.59,19.030001,19.549999,15.678776,55900
2021-01-13,19.309999,19.559999,19.219999,19.49,15.719107,45300
2021-01-14,19.43,19.690001,19.370001,19.610001,15.815886,95800
2021-01-15,19.690001,19.690001,19.48,19.530001,15.751369,37400
2021-01-19,19.52,19.75,19.32,19.73,15.912664,61800
2021-01-20,19.68,19.790001,19.58,19.75,15.928803,33500
2021-01-21,19.790001,19.860001,19.66,19.83,15.993328,96200
2021-01-22,19.73,20.0,19.73,19.84,16.00139,94900
2021-01-25,19.799999,19.98,19.75,19.799999,15.969127,27700
2021-01-26,19.75,19.82,19.5,19.68,15.872349,36700
2021-01-27,19.6,19.6,19.25,19.389999,15.638453,137800
2021-01-28,19.309999,19.77,19.309999,19.66,15.856217,67000
2021-01-29,19.700001,19.77,19.51,19.6,15.807824,61700
2021-02-01,19.65,19.75,19.65,19.719999,15.904606,48200
2021-02-02,19.75,20.25,19.75,19.879999,16.033649,41800
2021-02-03,19.84,20.059999,19.84,19.93,16.073975,10100
2021-02-04,19.950001,19.959999,19.799999,19.82,15.985258,22200
2021-02-05,19.799999,20.059999,19.799999,19.959999,16.098171,54500
2021-02-08,19.959999,20.030001,19.940001,19.959999,16.098171,30800
2021-02-09,19.9,20.25,19.9,20.08,16.194958,57100
2021-02-10,19.969999,20.09,19.92,19.950001,16.178734,21400
2021-02-11,19.950001,19.950001,19.75,19.809999,16.065201,14800
2021-02-12,19.75,19.879999,19.610001,19.66,15.943561,42500
2021-02-16,19.66,19.77,19.51,19.629999,15.919228,38400
2021-02-17,19.49,19.620001,19.49,19.610001,15.903006,35200
2021-02-18,19.690001,20.0,19.629999,19.77,16.032766,34200
2021-02-19,19.809999,19.98,19.799999,19.889999,16.130083,20700
2021-02-22,19.950001,19.950001,19.84,19.9,16.138186,17300
2021-02-23,19.889999,19.969999,19.83,19.860001,16.105747,35400
2021-02-24,19.870001,19.950001,19.84,19.870001,16.113865,30100
2021-02-25,19.82,19.879999,19.66,19.700001,15.975995,44600
2021-02-26,19.67,19.74,19.620001,19.66,15.943561,41600
2021-03-01,19.700001,19.940001,19.700001,19.9,16.138186,54300
2021-03-02,19.83,19.9,19.799999,19.83,16.081421,27800
2021-03-03,19.82,19.9,19.809999,19.870001,16.113865,32300
2021-03-04,19.799999,19.91,19.75,19.799999,16.057091,21900
2021-03-05,19.889999,20.190001,19.790001,20.030001,16.24361,80800
2021-03-08,19.969999,20.139999,19.889999,20.09,16.292269,46700
2021-03-09,20.059999,20.35,20.0,20.190001,16.373367,82800
2021-03-10,20.08,20.17,20.02,20.110001,16.397833,44700
2021-03-11,20.18,20.280001,20.1,20.1,16.389677,42300
2021-03-12,20.030001,20.1,19.84,19.85,16.185818,37200
2021-03-15,19.75,20.110001,19.709999,19.950001,16.267363,49200
2021-03-16,20.0,20.15,19.91,19.91,16.234745,19800
2021-03-17,19.85,20.049999,19.85,20.0,16.308134,18900
2021-03-18,19.940001,20.209999,19.860001,19.99,16.299978,38500
2021-03-19,20.07,20.200001,19.98,19.98,16.291828,11800
2021-03-22,20.0,20.129999,19.85,19.85,16.185818,19200
2021-03-23,19.940001,20.0,19.870001,19.959999,16.275518,28400
2021-03-24,19.969999,20.23,19.879999,19.92,16.242903,63900
2021-03-25,20.02,20.08,19.85,19.959999,16.275518,29400
2021-03-26,19.99,19.99,19.870001,19.91,16.234745,25600
2021-03-29,19.93,19.99,19.77,19.780001,16.128746,24800
2021-03-30,19.809999,19.98,19.709999,19.92,16.242903,22200
2021-03-31,19.969999,19.99,19.73,19.74,16.09613,54400
2021-04-01,19.809999,19.860001,19.73,19.73,16.087971,45100
2021-04-05,19.73,19.75,19.67,19.709999,16.071665,43500
2021-04-06,19.75,19.75,19.629999,19.67,16.039051,65300
2021-04-07,19.67,20.15,19.67,20.08,16.373367,50000
2021-04-08,20.18,20.280001,20.129999,20.190001,16.463062,47300
2021-04-09,20.15,20.32,20.139999,20.25,16.511988,51600
2021-04-12,20.190001,20.190001,19.9,19.99,16.299978,46200
2021-04-13,19.91,19.98,19.809999,19.870001,16.202135,30600
2021-04-14,19.790001,19.84,19.66,19.73,16.177534,30500
2021-04-15,19.74,19.82,19.700001,19.75,16.193928,41100
2021-04-16,19.65,19.75,19.65,19.67,16.128336,29900
2021-04-19,19.74,19.780001,19.67,19.67,16.128336,29100
2021-04-20,19.639999,19.700001,19.639999,19.68,16.136536,18900
2021-04-21,19.65,19.73,19.65,19.700001,16.152935,21300
2021-04-22,19.719999,19.73,19.67,19.68,16.136536,17800
2021-04-23,19.73,19.75,19.690001,19.75,16.193928,22100
2021-04-26,19.700001,19.780001,19.700001,19.76,16.202131,10000
2021-04-27,19.799999,19.799999,19.75,19.77,16.210335,17500
2021-04-28,19.799999,19.799999,19.65,19.719999,16.169333,27000
2021-04-29,19.73,19.790001,19.66,19.74,16.185732,13000
2021-04-30,19.75,19.799999,19.709999,19.719999,16.169333,18100
2021-05-03,19.799999,19.799999,19.629999,19.719999,16.169333,55000
2021-05-04,19.700001,19.77,19.65,19.719999,16.169333,46000
2021-05-05,19.709999,19.799999,19.700001,19.75,16.193928,28200
2021-05-06,19.75,20.049999,19.73,19.92,16.333324,45000
2021-05-07,19.92,20.01,19.860001,19.860001,16.284122,20600
2021-05-10,19.879999,19.940001,19.799999,19.799999,16.234928,16900
2021-05-11,19.799999,19.84,19.690001,19.780001,16.218534,21800
2021-05-12,19.57,19.790001,19.450001,19.469999,16.053623,58300
2021-05-13,19.48,19.549999,19.450001,19.5,16.078356,33600
2021-05-14,19.549999,19.74,19.549999,19.639999,16.193794,12100
2021-05-17,19.58,19.65,19.540001,19.540001,16.111338,21800
2021-05-18,19.51,19.75,19.5,19.639999,16.193794,47000
2021-05-19,19.68,19.709999,19.5,19.700001,16.243267,30700
2021-05-20,19.75,19.799999,19.639999,19.639999,16.193794,38500
2021-05-21,19.719999,19.74,19.68,19.709999,16.251507,8100
2021-05-24,19.66,19.799999,19.66,19.799999,16.325718,29100
2021-05-25,19.799999,19.799999,19.48,19.620001,16.177299,64100
2021-05-26,19.709999,19.75,19.58,19.59,16.152571,48100
2021-05-27,19.68,19.76,19.57,19.700001,16.243267,40200
2021-05-28,19.629999,19.76,19.58,19.610001,16.169056,23600
2021-06-01,19.610001,19.700001,19.52,19.59,16.152571,70800
2021-06-02,19.629999,19.690001,19.559999,19.67,16.218531,57900
2021-06-03,19.65,19.77,19.610001,19.75,16.284491,39700
2021-06-04,19.790001,19.799999,19.709999,19.799999,16.325718,27500
2021-06-07,19.790001,19.799999,19.559999,19.66,16.210291,30800
2021-06-08,19.74,19.84,19.66,19.84,16.358698,37400
2021-06-09,19.879999,20.040001,19.82,19.860001,16.375187,31600
2021-06-10,19.940001,20.01,19.85,19.950001,16.4494,15300
2021-06-11,20.01,20.02,19.93,19.959999,16.457644,50500
2021-06-14,19.950001,20.01,19.92,20.01,16.498869,51800
2021-06-15,20.01,20.030001,19.9,19.959999,16.457644,22400
2021-06-16,19.879999,19.969999,19.700001,19.780001,16.399611,22900
2021-06-17,19.83,20.030001,19.75,19.940001,16.532261,129500
2021-06-18,19.959999,19.959999,19.65,19.690001,16.324993,25600
2021-06-21,19.76,19.83,19.690001,19.809999,16.424477,73100
2021-06-22,19.77,20.1,19.75,19.9,16.499098,73800
2021-06-23,19.83,19.93,19.639999,19.709999,16.341566,69200
2021-06-24,19.709999,19.77,19.67,19.709999,16.341566,23400
2021-06-25,19.780001,19.860001,19.709999,19.799999,16.416187,17300
2021-06-28,19.83,19.9,19.73,19.76,16.383024,28500
2021-06-29,19.799999,19.950001,19.719999,19.84,16.44935,37500
2021-06-30,19.889999,20.1,19.85,20.059999,16.63175,223500
2021-07-01,20.01,20.08,19.959999,20.049999,16.623466,35500
2021-07-02,20.1,20.120001,19.870001,19.889999,16.490808,47700
2021-07-06,19.889999,19.9,19.799999,19.82,16.43277,46300
2021-07-07,19.82,19.959999,19.82,19.879999,16.482512,31000
2021-07-08,19.85,19.91,19.809999,19.83,16.441063,24400
2021-07-09,19.870001,19.950001,19.870001,19.9,16.499098,14300
2021-07-12,19.93,19.93,19.889999,19.889999,16.490808,20200
2021-07-13,19.92,19.92,19.879999,19.889999,16.490808,19700
2021-07-14,19.780001,19.92,19.780001,19.83,16.532494,36300
2021-07-15,19.799999,19.879999,19.780001,19.82,16.524155,41000
2021-07-16,19.82,19.82,19.77,19.82,16.524155,28600
2021-07-19,19.799999,19.799999,19.68,19.68,16.407442,42200
2021-07-20,19.68,19.959999,19.68,19.93,16.615864,25000
2021-07-21,19.879999,19.9,19.77,19.84,16.540834,20300
2021-07-22,19.9,19.9,19.799999,19.83,16.532494,32900
2021-07-23,19.879999,19.969999,19.77,19.950001,16.632536,24200
2021-07-26,19.85,19.85,19.77,19.83,16.532494,37900
2021-07-27,19.85,19.860001,19.780001,19.780001,16.49081,11000
2021-07-28,19.83,19.93,19.82,19.93,16.615864,12500
2021-07-29,19.799999,19.9,19.799999,19.870001,16.565842,13100
2021-07-30,19.940001,19.940001,19.83,19.85,16.54917,25000
2021-08-02,19.82,19.9,19.82,19.860001,16.557508,18300
2021-08-03,19.940001,19.950001,19.889999,19.91,16.59919,11500
2021-08-04,19.93,19.950001,19.9,19.940001,16.624201,17300
2021-08-05,19.92,19.969999,19.92,19.959999,16.640875,24400
2021-08-06,19.940001,20.0,19.92,19.93,16.615864,20200
2021-08-09,20.0,20.139999,19.93,20.0,16.674225,35900
2021-08-10,20.049999,20.049999,19.91,19.969999,16.649214,24200
2021-08-11,19.91,19.91,19.84,19.879999,16.665979,27800
2021-08-12,19.969999,20.0,19.85,20.0,16.766579,27200
2021-08-13,19.99,19.99,19.809999,19.940001,16.716276,18800
2021-08-16,19.99,19.99,19.85,19.889999,16.67436,23900
2021-08-17,19.9,19.969999,19.809999,19.83,16.624062,28600
2021-08-18,19.83,19.85,19.780001,19.780001,16.582148,33500
2021-08-19,19.82,19.82,19.719999,19.719999,16.531845,40900
2021-08-20,19.77,19.790001,19.73,19.73,16.540228,33300
2021-08-23,19.719999,19.780001,19.700001,19.709999,16.52346,36500
2021-08-24,19.74,19.77,19.709999,19.73,16.540228,54100
2021-08-25,19.75,19.77,19.709999,19.719999,16.531845,15600
2021-08-26,19.700001,19.719999,19.690001,19.700001,16.515078,51300
2021-08-27,19.690001,19.809999,19.690001,19.799999,16.598907,33700
2021-08-30,19.76,19.83,19.690001,19.76,16.565378,26200
2021-08-31,19.73,19.870001,19.73,19.82,16.615681,29500
2021-09-01,19.790001,19.879999,19.77,19.790001,16.590528,59900
2021-09-02,19.799999,19.799999,19.77,19.77,16.573765,15400
2021-09-03,19.799999,19.799999,19.77,19.790001,16.590528,29000
2021-09-07,19.75,19.889999,19.75,19.76,16.565378,32100
2021-09-08,19.75,19.860001,19.75,19.809999,16.607298,18800
2021-09-09,19.780001,19.82,19.76,19.790001,16.590528,34200
2021-09-10,19.809999,19.870001,19.77,19.799999,16.598907,20400
2021-09-13,19.82,19.870001,19.75,19.77,16.573765,40700
2021-09-14,19.799999,19.84,19.77,19.799999,16.598907,18800
2021-09-15,19.73,19.75,19.709999,19.719999,16.624205,29900
2021-09-16,19.76,19.77,19.74,19.75,16.649494,15200
2021-09-17,19.77,19.780001,19.75,19.77,16.666355,7900
2021-09-20,19.66,19.67,19.639999,19.67,16.582054,49900
2021-09-21,19.67,19.780001,19.67,19.75,16.649494,9300
2021-09-22,19.790001,19.82,19.73,19.82,16.708504,30500
2021-09-23,19.84,19.84,19.780001,19.799999,16.691641,10700
2021-09-24,19.77,19.82,19.76,19.82,16.708504,36900
2021-09-27,19.780001,19.93,19.74,19.83,16.716934,58300
2021-09-28,19.799999,19.799999,19.58,19.6,16.523041,65500
2021-09-29,19.540001,19.67,19.540001,19.58,16.506178,43000
2021-09-30,19.66,19.719999,19.57,19.719999,16.624205,24600
2021-10-01,19.75,19.77,19.67,19.75,16.649494,20300
2021-10-04,19.75,19.85,19.75,19.82,16.708504,31900
2021-10-05,19.790001,19.870001,19.66,19.690001,16.598911,21300
2021-10-06,19.700001,19.780001,19.67,19.73,16.632637,19700
2021-10-07,19.74,19.74,19.690001,19.73,16.632637,16400
2021-10-08,19.780001,19.82,19.74,19.76,16.657921,14400
2021-10-11,19.700001,19.75,19.68,19.690001,16.598911,24300
2021-10-12,19.73,19.76,19.68,19.73,16.632637,28800
2021-10-13,19.700001,19.700001,19.549999,19.59,16.607195,14500
2021-10-14,19.6,19.969999,19.549999,19.93,16.895435,67200
2021-10-15,19.940001,19.940001,19.610001,19.77,16.759794,36400
2021-10-18,19.709999,19.75,19.6,19.73,16.725885,27000
2021-10-19,19.73,19.73,19.549999,19.6,16.615679,25200
2021-10-20,19.639999,19.639999,19.49,19.49,16.522429,46100
2021-10-21,19.440001,19.5,19.440001,19.49,16.522429,40400
2021-10-22,19.5,19.5,19.4,19.459999,16.496992,15500
2021-10-25,19.440001,19.440001,19.33,19.360001,16.412222,37900
2021-10-26,19.33,19.58,19.33,19.52,16.547859,22800
2021-10-27,19.43,19.49,19.25,19.42,16.463089,22500
2021-10-28,19.360001,19.6,19.360001,19.5,16.530905,126100
2021-10-29,19.549999,19.58,19.42,19.51,16.539379,52300
2021-11-01,19.459999,19.57,19.459999,19.549999,16.573286,37300
2021-11-02,19.5,19.639999,19.5,19.559999,16.581764,45100
2021-11-03,19.6,19.65,19.540001,19.639999,16.649588,25100
2021-11-04,19.67,19.709999,19.52,19.610001,16.624161,40800
2021-11-05,19.57,19.610001,19.41,19.459999,16.496992,77000
2021-11-08,19.51,19.559999,19.440001,19.49,16.522429,29300
2021-11-09,19.360001,19.450001,19.360001,19.440001,16.57358,23400
2021-11-10,19.360001,19.41,19.35,19.35,16.496849,83000
2021-11-11,19.379999,19.440001,19.35,19.41,16.548004,9300
2021-11-12,19.360001,19.389999,19.26,19.280001,16.437172,12900
2021-11-15,19.299999,19.309999,19.27,19.27,16.428644,32500
2021-11-16,19.26,19.33,19.26,19.299999,16.454218,46500
2021-11-17,19.25,19.34,19.25,19.26,16.420124,43100
2021-11-18,19.23,19.32,19.23,19.280001,16.437172,30900
2021-11-19,19.27,19.32,19.26,19.290001,16.445702,34300
2021-11-22,19.469999,19.469999,19.32,19.370001,16.513901,103600
2021-11-23,19.299999,19.360001,19.25,19.25,16.411591,48500
2021-11-24,19.290001,19.290001,19.129999,19.139999,16.317814,60200
2021-11-26,19.059999,19.15,19.049999,19.110001,16.292238,28400
2021-11-29,19.07,19.17,19.07,19.129999,16.309286,21400
2021-11-30,19.1,19.15,19.1,19.1,16.283714,26300
2021-12-01,19.15,19.469999,19.139999,19.219999,16.386023,47900
2021-12-02,19.139999,19.200001,18.75,19.030001,16.224037,103600
2021-12-03,18.98,19.07,18.950001,19.040001,16.232561,45400
2021-12-06,19.0,19.049999,18.92,19.02,16.215509,31000
2021-12-07,18.99,19.059999,18.93,19.02,16.215509,25300
2021-12-08,18.99,19.049999,18.879999,18.99,16.189932,35900
2021-12-09,18.9,19.040001,18.85,18.940001,16.147305,48400
2021-12-10,18.889999,18.99,18.799999,18.92,16.130251,27300
2021-12-13,18.889999,18.959999,18.799999,18.889999,16.104681,51300
2021-12-14,18.790001,19.02,18.76,19.02,16.215509,129400
2021-12-15,18.77,18.84,18.709999,18.809999,16.175951,44400
2021-12-16,18.790001,19.02,18.75,18.98,16.322145,53700
2021-12-17,18.860001,19.040001,18.790001,18.93,16.279148,30700
2021-12-20,18.719999,18.889999,18.629999,18.709999,16.089952,73700
2021-12-21,18.700001,18.799999,18.59,18.76,16.132956,41200
2021-12-22,18.76,18.790001,18.65,18.75,16.124353,93500
2021-12-23,18.690001,18.84,18.65,18.809999,16.175951,96000
2021-12-27,18.75,18.93,18.75,18.889999,16.244753,111000
2021-12-28,18.809999,18.959999,18.799999,18.85,16.210356,88700
2021-12-29,18.73,19.040001,18.73,18.92,16.270544,125900
2021-12-30,19.049999,19.139999,19.01,19.120001,16.442541,68500
2021-12-31,19.120001,19.190001,19.059999,19.17,16.485538,92500
2022-01-03,19.049999,19.08,18.85,18.98,16.322145,32700
2022-01-04,19.059999,19.09,18.969999,19.01,16.34794,32500
2022-01-05,18.98,19.09,18.93,19.030001,16.365145,39900
2022-01-06,19.01,19.09,18.940001,18.940001,16.287748,52100
2022-01-07,19.049999,19.139999,18.950001,19.110001,16.433939,14700
2022-01-10,19.059999,19.139999,18.959999,19.08,16.408144,57200
2022-01-11,19.040001,19.32,19.040001,19.26,16.562935,23800
2022-01-12,19.16,19.299999,19.16,19.16,16.571585,73200
2022-01-13,19.129999,19.24,18.780001,18.780001,16.24292,17900
2022-01-14,18.75,18.790001,18.52,18.639999,16.121836,36000
2022-01-18,18.52,18.780001,18.52,18.559999,16.052639,20600
2022-01-19,18.6,18.6,18.299999,18.35,15.871007,19100
2022-01-20,18.42,18.549999,18.309999,18.360001,15.879664,27800
2022-01-21,18.379999,18.440001,18.32,18.4,15.914257,71700
2022-01-24,18.360001,18.549999,18.0,18.209999,15.749922,90500
2022-01-25,18.129999,18.209999,18.01,18.07,15.62884,113400
2022-01-26,18.08,18.27,17.65,17.99,15.559644,99400
2022-01-27,18.01,18.23,18.01,18.01,15.576946,29900
2022-01-28,17.85,18.1,17.790001,17.969999,15.542347,86900
2022-01-31,18.059999,18.15,17.969999,18.02,15.58559,31700
2022-02-01,18.0,18.18,17.98,18.1,15.654783,89200
2022-02-02,18.129999,18.139999,18.049999,18.09,15.646136,62000
2022-02-03,18.16,18.16,17.959999,18.02,15.58559,20300
2022-02-04,18.049999,18.09,17.959999,18.02,15.58559,137400
2022-02-07,17.950001,18.110001,17.870001,17.93,15.507748,35100
2022-02-08,17.940001,18.0,17.93,17.950001,15.525051,34800
2022-02-09,17.99,18.030001,17.959999,17.99,15.559644,30000
2022-02-10,17.969999,17.98,17.809999,17.9,15.481804,67300
2022-02-11,17.879999,17.91,17.530001,17.549999,15.179086,91800
2022-02-14,17.6,17.6,17.299999,17.43,15.075297,94800
2022-02-15,17.43,17.59,17.43,17.48,15.118538,121400
2022-02-16,17.370001,17.49,17.370001,17.41,15.153359,33600
2022-02-17,17.41,17.49,17.35,17.370001,15.118542,43200
2022-02-18,17.389999,17.58,17.370001,17.459999,15.196875,25600
2022-02-22,17.43,17.549999,17.290001,17.309999,15.066322,45600
2022-02-23,17.309999,17.35,17.24,17.27,15.031506,56300
2022-02-24,17.24,17.27,17.02,17.25,15.014098,63500
2022-02-25,17.16,17.33,17.059999,17.26,15.022799,74700
2022-02-28,17.190001,17.34,17.190001,17.33,15.083731,35200
2022-03-01,17.41,17.530001,17.139999,17.309999,15.066322,110400
2022-03-02,17.309999,17.379999,17.23,17.309999,15.066322,129500
2022-03-03,17.309999,17.450001,17.18,17.280001,15.040208,183900
2022-03-04,17.200001,17.370001,17.200001,17.25,15.014098,64100
2022-03-07,17.209999,17.290001,17.18,17.25,15.014098,36800
2022-03-08,17.190001,17.42,17.18,17.35,15.101133,172000
2022-03-09,17.32,17.370001,17.110001,17.18,14.953172,89800
2022-03-10,17.23,17.280001,17.0,17.18,14.953172,89800
2022-03-11,17.219999,17.26,17.059999,17.139999,14.918356,42900
2022-03-14,17.139999,17.190001,16.75,16.75,14.578906,31500
2022-03-15,16.780001,17.059999,16.780001,16.99,14.787793,29500
2022-03-16,16.9,17.139999,16.870001,17.08,14.96301,96600
2022-03-17,17.07,17.27,17.040001,17.25,15.111937,30000
2022-03-18,17.309999,17.530001,17.110001,17.25,15.111937,45900
2022-03-21,17.32,17.4,17.219999,17.23,15.094419,38900
2022-03-22,17.16,17.5,16.969999,17.040001,14.927967,89100
2022-03-23,17.030001,17.110001,16.870001,16.93,14.8316,76600
2022-03-24,17.01,17.01,16.75,16.85,14.761515,64300
2022-03-25,16.92,16.950001,16.049999,16.26,14.244646,768200
2022-03-28,16.299999,16.48,16.299999,16.42,14.384812,163700
2022-03-29,16.49,16.969999,16.41,16.790001,14.708955,131000
2022-03-30,16.74,16.780001,16.65,16.700001,14.630111,59700
2022-03-31,16.76,16.870001,16.620001,16.76,14.682672,70900
2022-04-01,16.709999,17.040001,16.67,16.809999,14.726473,90600
2022-04-04,16.82,16.969999,16.809999,16.92,14.822838,44200
2022-04-05,16.9,16.940001,16.549999,16.57,14.516221,27900
2022-04-06,16.5,16.57,16.219999,16.34,14.314729,110700
2022-04-07,16.34,16.790001,16.34,16.719999,14.647628,118200
2022-04-08,16.700001,16.719999,16.549999,16.559999,14.50746,33400
2022-04-11,16.59,16.59,16.34,16.42,14.384812,62200
2022-04-12,16.42,17.049999,16.42,17.030001,14.919207,291000
2022-04-13,16.9,17.23,16.82,17.02,15.00738,102800
2022-04-14,17.09,17.09,16.540001,16.540001,14.584141,44800
2022-04-18,16.549999,16.639999,16.549999,16.57,14.610594,45900
2022-04-19,16.57,16.76,16.450001,16.469999,14.522418,28200
2022-04-20,16.51,16.620001,16.4,16.6,14.637045,35900
2022-04-21,16.52,16.799999,16.52,16.620001,14.654683,38800
2022-04-22,16.690001,16.690001,16.309999,16.360001,14.425426,36200
2022-04-25,16.360001,16.48,16.26,16.370001,14.434242,36000
2022-04-26,16.360001,16.74,16.360001,16.459999,14.513597,91600
2022-04-27,16.450001,16.870001,16.4,16.74,14.76049,100300
2022-04-28,16.76,16.76,16.629999,16.67,14.698769,31800
2022-04-29,16.75,16.870001,16.139999,16.190001,14.275528,119000
2022-05-02,16.200001,16.58,16.200001,16.51,14.557689,84800
2022-05-03,16.52,16.700001,16.41,16.440001,14.495965,33300
2022-05-04,16.35,16.540001,16.23,16.52,14.566504,58700
2022-05-05,16.5,16.52,16.25,16.25,14.328433,67600
2022-05-06,16.299999,16.35,16.1,16.17,14.257894,55600
2022-05-09,16.0,16.18,15.76,15.81,13.940464,75600
2022-05-10,15.9,16.110001,15.82,15.86,13.98455,80400
2022-05-11,15.83,15.89,15.6,15.6,13.851365,93100
2022-05-12,15.59,15.71,15.52,15.69,13.931276,59100
2022-05-13,15.76,15.8,15.34,15.41,13.682664,80700
2022-05-16,15.48,15.55,15.38,15.48,13.744816,56800
2022-05-17,15.51,15.57,15.42,15.52,13.780334,59900
2022-05-18,15.39,15.98,15.38,15.51,13.771454,72200
2022-05-19,15.47,16.219999,15.47,15.71,13.949034,61700
2022-05-20,15.67,15.79,15.42,15.7,13.940155,44600
2022-05-23,15.71,15.95,15.54,15.9,14.117736,28700
2022-05-24,15.92,15.92,15.58,15.78,14.011188,72700
2022-05-25,15.67,15.7,15.56,15.66,13.904638,59000
2022-05-26,15.61,16.0,15.61,15.94,14.153252,47800
2022-05-27,15.96,16.1,15.83,16.0,14.206528,41700
2022-05-31,15.86,15.95,15.75,15.76,13.99343,24900
2022-06-01,15.78,16.049999,15.74,15.79,14.020068,35300
2022-06-02,15.75,15.9,15.75,15.84,14.064464,32100
2022-06-03,15.73,15.85,15.66,15.72,13.957915,21300
2022-06-06,15.66,15.9,15.62,15.78,14.011188,62000
2022-06-07,15.72,15.93,15.71,15.87,14.091101,28900
2022-06-08,15.94,15.94,15.77,15.87,14.091101,32100
2022-06-09,15.82,15.9,15.78,15.82,14.046703,23900
2022-06-10,15.75,16.01,15.75,15.82,14.046703,67100
2022-06-13,15.71,15.76,15.4,15.54,13.798089,84400
2022-06-14,15.58,15.58,15.35,15.56,13.815848,33500
2022-06-15,15.4,15.66,15.2,15.65,13.994696,34000
2022-06-16,15.5,15.64,15.28,15.64,13.985754,60200
2022-06-17,15.64,15.64,15.51,15.58,13.932101,14700
2022-06-21,15.51,15.71,15.49,15.59,13.941041,27600
2022-06-22,15.29,15.55,15.29,15.54,13.896327,32700
2022-06-23,15.47,15.92,15.47,15.77,14.102002,53000
2022-06-24,15.83,15.83,15.66,15.73,14.066232,40500
2022-06-27,15.74,15.75,15.47,15.54,13.896327,17400
2022-06-28,15.52,15.58,15.02,15.13,13.529696,277700
2022-06-29,15.17,15.45,15.1,15.35,13.726425,70800
2022-06-30,15.35,15.62,15.25,15.58,13.932101,60000
2022-07-01,15.52,15.65,15.5,15.63,13.97681,66400
2022-07-05,15.6,15.78,15.6,15.76,14.093061,36900
2022-07-06,15.79,16.18,15.79,16.120001,14.414985,50200
2022-07-07,16.129999,16.139999,15.89,15.95,14.262962,29300
2022-07-08,15.87,15.88,15.5,15.61,13.958925,20900
2022-07-11,15.5,15.62,15.45,15.54,13.896327,21400
2022-07-12,15.44,15.56,15.44,15.48,13.842674,18700
2022-07-13,15.32,15.39,15.25,15.26,13.743606,23700
2022-07-14,15.25,15.34,15.25,15.34,13.815657,15500
2022-07-15,15.29,15.31,15.25,15.27,13.752612,31100
2022-07-18,15.29,15.32,15.25,15.29,13.770625,28600
2022-07-19,15.3,15.38,15.3,15.33,13.806649,25600
2022-07-20,15.38,15.45,15.31,15.39,13.860686,21600
2022-07-21,15.35,15.65,15.35,15.5,13.959757,20800
2022-07-22,15.52,15.65,15.52,15.58,14.03181,17200
2022-07-25,15.53,15.6,15.43,15.5,13.959757,10700
2022-07-26,15.47,15.67,15.38,15.57,14.0228,26000
2022-07-27,15.65,15.68,15.4,15.4,13.869695,37200
2022-07-28,15.47,15.7,15.47,15.64,14.085847,21700
2022-07-29,15.66,15.93,15.6,15.93,14.347029,96800
2022-08-01,15.95,16.450001,15.92,16.18,14.572188,52000
2022-08-02,16.15,16.34,15.96,16.27,14.653241,58000
2022-08-03,16.309999,16.34,15.98,16.18,14.572188,30700
2022-08-04,16.209999,16.25,16.01,16.190001,14.581195,52100
2022-08-05,16.15,16.18,16.110001,16.17,14.563179,36700
2022-08-08,16.110001,16.219999,15.93,16.139999,14.53616,29500
2022-08-09,16.110001,16.25,16.1,16.23,14.617215,10100
2022-08-10,16.1,16.16,15.9,15.95,14.463066,48600
2022-08-11,16.02,16.08,15.94,16.049999,14.553741,52100
2022-08-12,16.049999,16.219999,15.97,16.08,14.580945,14500
2022-08-15,16.07,16.24,15.93,16.1,14.599081,41200
2022-08-16,16.02,16.110001,15.81,15.85,14.372389,69000
2022-08-17,15.82,15.98,15.77,15.88,14.399591,43300
2022-08-18,15.92,16.15,15.87,16.07,14.57188,29800
2022-08-19,16.01,16.110001,15.96,16.059999,14.56281,27500
2022-08-22,15.95,16.120001,15.85,15.93,14.444929,31100
2022-08-23,15.93,16.120001,15.89,16.030001,14.535607,28000
2022-08-24,16.07,16.07,15.86,15.94,14.453996,18100
2022-08-25,15.9,16.01,15.9,15.91,14.426795,7000
2022-08-26,15.91,16.07,15.89,15.91,14.426795,19200
2022-08-29,15.9,15.99,15.71,15.83,14.354253,18300
2022-08-30,15.78,15.8,15.52,15.52,14.073153,25600
2022-08-31,15.59,15.66,15.52,15.59,14.136626,19800
2022-09-01,15.5,15.79,15.5,15.5,14.055017,42300
2022-09-02,15.5,15.64,15.5,15.54,14.091286,17200
2022-09-06,15.51,15.67,15.29,15.4,13.964338,33100
2022-09-07,15.33,15.55,15.32,15.43,13.991543,15700
2022-09-08,15.33,15.43,15.22,15.25,13.828321,27800
2022-09-09,15.31,15.35,15.18,15.2,13.782985,29800
2022-09-12,15.22,15.33,15.22,15.27,13.846457,17500
2022-09-13,15.21,15.31,15.15,15.18,13.76485,34500
2022-09-14,15.09,15.22,14.97,15.0,13.70091,24400
2022-09-15,14.93,15.01,14.79,14.86,13.573035,40200
2022-09-16,14.76,15.42,14.75,15.26,13.938392,258200
2022-09-19,15.29,15.31,15.1,15.24,13.920125,99400
2022-09-20,15.16,15.16,14.81,15.01,13.710045,166000
2022-09-21,15.0,15.05,14.5,14.65,13.381223,115600
2022-09-22,14.68,14.83,14.54,14.6,13.335553,50700
2022-09-23,14.7,14.73,14.51,14.63,13.362954,118400
2022-09-26,14.65,14.71,14.06,14.27,13.034135,87300
2022-09-27,14.26,14.45,14.01,14.13,12.906258,48900
2022-09-28,14.12,14.57,14.12,14.57,13.308151,87200
2022-09-29,14.64,14.64,14.24,14.45,13.198544,119500
2022-09-30,14.48,14.71,14.43,14.45,13.198544,72700
2022-10-03,14.51,14.75,14.41,14.7,13.426892,58300
2022-10-04,14.8,14.95,14.45,14.52,13.262481,70400
2022-10-05,14.4,14.67,14.14,14.58,13.317286,76500
2022-10-06,14.52,14.65,14.4,14.46,13.207678,29800
2022-10-07,14.36,14.61,14.32,14.46,13.207678,36200
2022-10-10,14.41,14.54,14.35,14.35,13.107205,11000
2022-10-11,14.44,14.44,14.12,14.29,13.052402,77000
2022-10-12,14.23,14.23,14.03,14.08,12.960352,34600
2022-10-13,13.95,14.17,13.89,14.02,12.905125,54000
2022-10-14,14.03,14.23,13.89,13.91,12.803872,35000
2022-10-17,13.95,14.08,13.83,13.85,12.748643,42100
2022-10-18,13.9,14.62,13.9,14.39,13.245703,184600
2022-10-19,14.25,14.73,14.25,14.52,13.365363,199800
2022-10-20,14.48,14.64,14.28,14.39,13.245703,138200
2022-10-21,14.33,14.65,14.23,14.62,13.457412,106500
2022-10-24,14.55,14.62,14.4,14.46,13.310137,69100
2022-10-25,14.52,14.84,14.52,14.77,13.595484,39100
2022-10-26,14.77,14.94,14.35,14.38,13.236498,73200
2022-10-27,14.51,14.64,14.24,14.29,13.153654,46000
2022-10-28,14.25,14.57,14.2,14.39,13.245703,36100
2022-10-31,14.48,14.75,14.43,14.55,13.392979,46100
2022-11-01,14.53,14.63,14.38,14.45,13.30093,19900
2022-11-02,14.46,14.65,14.2,14.26,13.126039,54900
2022-11-03,14.25,14.63,14.25,14.58,13.420593,82200
2022-11-04,14.63,14.63,14.35,14.55,13.392979,49600
2022-11-07,14.58,14.58,14.3,14.39,13.245703,94100
2022-11-08,14.38,14.52,14.37,14.37,13.227291,22800
2022-11-09,14.37,14.44,14.25,14.27,13.135244,24100
2022-11-10,14.45,14.96,14.34,14.46,13.310137,90500
2022-11-11,14.48,14.7,14.4,14.44,13.291725,23400
2022-11-14,14.42,14.97,14.29,14.78,13.604689,103400
2022-11-15,14.79,14.93,14.44,14.65,13.485027,88700
2022-11-16,14.53,14.65,14.4,14.57,13.512848,41900
2022-11-17,14.5,14.56,14.31,14.32,13.280988,42000
2022-11-18,14.4,14.57,14.36,14.49,13.438654,44300
2022-11-21,14.55,14.8,14.45,14.6,13.540673,46500
2022-11-22,14.69,14.96,14.47,14.8,13.726161,62800
2022-11-23,14.7,14.93,14.58,14.79,13.716887,98500
2022-11-25,14.78,14.88,14.67,14.83,13.753984,6100
2022-11-28,14.87,14.89,14.66,14.83,13.753984,81700
2022-11-29,14.79,14.83,14.55,14.67,13.605595,43500
2022-11-30,14.67,14.85,14.56,14.71,13.642693,61500
2022-12-01,14.7,14.87,14.67,14.84,13.76326,54900
2022-12-02,14.7,15.14,14.65,14.9,13.818906,38400
2022-12-05,14.98,15.09,14.91,14.96,13.874553,29900
2022-12-06,15.04,15.04,14.57,14.7,13.633417,74900
2022-12-07,14.66,14.83,14.63,14.63,13.568497,62600
2022-12-08,14.56,14.73,14.55,14.55,13.494302,71700
2022-12-09,14.53,14.74,14.16,14.29,13.253167,171900
2022-12-12,14.35,14.65,14.35,14.58,13.522123,40700
2022-12-13,14.75,14.86,14.61,14.74,13.670514,68700
2022-12-14,14.59,15.0,14.56,14.56,13.605107,74900
2022-12-15,14.6,14.95,14.5,14.89,13.913464,162500
2022-12-16,14.8,14.96,14.69,14.86,13.885431,65800
2022-12-19,14.84,15.07,14.71,14.89,13.913464,137900
2022-12-20,14.83,14.91,14.78,14.88,13.904119,42600
2022-12-21,14.87,15.08,14.87,15.01,14.025593,60600
2022-12-22,14.93,14.93,14.73,14.9,13.922808,68300
2022-12-23,14.87,15.08,14.75,14.96,13.978872,78000
2022-12-27,14.93,14.98,14.62,14.79,13.820021,96700
2022-12-28,14.72,14.89,14.5,14.57,13.614449,129600
2022-12-29,14.59,14.83,14.53,14.76,13.791989,97400
2022-12-30,14.75,15.03,14.58,14.85,13.876086,87800
2023-01-03,14.89,14.96,14.81,14.91,13.932152,20600
2023-01-04,14.92,15.0,14.78,14.78,13.810678,109700
2023-01-05,14.76,15.0,14.76,14.96,13.978872,63200
2023-01-06,15.03,15.1,14.94,15.02,14.034937,56500
2023-01-09,15.13,15.67,15.0,15.39,14.380672,129700
2023-01-10,15.38,15.42,15.25,15.28,14.277884,49600
2023-01-11,15.28,15.39,15.21,15.37,14.361983,42800
2023-01-12,15.43,15.66,15.23,15.52,14.502147,95200
2023-01-13,15.51,15.62,15.35,15.53,14.51149,74900
2023-01-17,15.6,15.7,15.48,15.57,14.548866,62200
2023-01-18,15.47,15.63,15.39,15.58,14.661794,73200
2023-01-19,15.55,15.61,15.24,15.29,14.388885,65800
2023-01-20,15.37,15.46,15.28,15.43,14.520635,32800
2023-01-23,15.33,15.55,15.23,15.44,14.530045,69800
2023-01-24,15.48,15.68,15.27,15.54,14.624153,83900
2023-01-25,15.38,15.47,15.23,15.36,14.45476,45800
2023-01-26,15.37,15.62,15.37,15.51,14.595921,63400
2023-01-27,15.46,15.73,15.36,15.43,14.520635,178800
2023-01-30,15.44,15.53,15.27,15.32,14.417117,34300
2023-01-31,15.37,15.47,15.32,15.38,14.473583,34200
2023-02-01,15.46,15.58,15.35,15.41,14.501812,115000
2023-02-02,15.41,15.76,15.35,15.57,14.652384,101200
2023-02-03,15.57,15.73,15.41,15.58,14.661794,42900
2023-02-06,15.57,15.57,15.25,15.34,14.435939,98800
2023-02-07,15.27,15.4,15.21,15.3,14.398295,34600
2023-02-08,15.23,15.31,15.22,15.23,14.332421,29800
2023-02-09,15.22,15.27,15.07,15.1,14.210084,54500
2023-02-10,15.12,15.18,15.05,15.12,14.228904,15700
2023-02-13,15.16,15.22,15.1,15.21,14.3136,33900
2023-02-14,15.23,15.29,15.11,15.26,14.360654,73900
2023-02-15,15.17,15.29,15.01,15.24,14.341834,28400
2023-02-16,15.1,15.18,14.99,15.05,14.163031,39700
2023-02-17,15.08,15.09,14.83,14.91,14.031281,45900
2023-02-21,14.92,14.92,14.66,14.69,13.824246,47100
2023-02-22,14.77,14.81,14.67,14.77,13.899532,30200
2023-02-23,14.83,14.91,14.78,14.86,13.984227,42100
2023-02-24,14.87,14.9,14.72,14.88,14.003049,54900
2023-02-27,14.83,14.93,14.75,14.78,13.908943,69200
2023-02-28,14.86,14.88,14.69,14.76,13.890121,63900
2023-03-01,14.76,14.81,14.66,14.7,13.833657,44300
2023-03-02,14.63,14.73,14.61,14.62,13.758372,37000
2023-03-03,14.72,14.85,14.72,14.85,13.974817,34700
2023-03-06,14.85,14.85,14.67,14.69,13.824246,41200
2023-03-07,14.73,14.75,14.6,14.66,13.796014,27100
2023-03-08,14.66,14.74,14.6,14.65,13.786604,16700
2023-03-09,14.65,14.7,14.33,14.4,13.551337,64400
2023-03-10,14.51,14.57,14.39,14.43,13.57957,82000
2023-03-13,14.48,14.63,14.36,14.53,13.673676,68300
2023-03-14,14.68,14.77,14.47,14.64,13.777194,21800
2023-03-15,14.53,14.92,14.3,14.9,14.128022,51200
2023-03-16,14.9,15.09,14.69,14.83,14.061649,39800
2023-03-17,14.81,14.95,14.58,14.62,13.86253,47800
2023-03-20,14.66,14.89,14.32,14.47,13.720303,42800
2023-03-21,14.44,14.66,14.1,14.25,13.511701,89200
2023-03-22,14.18,14.36,14.04,14.11,13.378954,46200
2023-03-23,14.2,14.28,14.09,14.1,13.369472,26300
2023-03-24,14.13,14.22,13.97,14.07,13.341025,74800
2023-03-27,14.04,14.14,14.01,14.06,13.331545,49600
2023-03-28,14.07,14.12,14.02,14.09,13.35999,45100
2023-03-29,14.16,14.24,14.09,14.17,13.435844,32700
2023-03-30,14.18,14.33,14.02,14.07,13.341025,202800
2023-03-31,14.17,14.4,14.12,14.18,13.445328,69200
2023-04-03,14.35,14.48,14.26,14.44,13.691855,93900
2023-04-04,14.38,14.51,14.27,14.42,13.672893,23700
2023-04-05,14.35,14.54,14.35,14.54,13.786675,18800
2023-04-06,14.45,14.59,14.38,14.52,13.767711,28000
2023-04-10,14.48,14.52,14.38,14.49,13.739264,13600
2023-04-11,14.41,14.48,14.37,14.4,13.653929,21100
2023-04-12,14.43,14.43,14.22,14.37,13.730367,27200
2023-04-13,14.38,14.5,14.26,14.47,13.825917,41200
2023-04-14,14.37,14.47,14.21,14.21,13.577489,38500
2023-04-17,14.2,14.27,14.14,14.2,13.567934,28600
2023-04-18,14.15,14.35,14.13,14.35,13.711259,59100
2023-04-19,14.33,14.5,14.21,14.45,13.806806,35900
2023-04-20,14.5,14.52,14.39,14.42,13.778143,22300
2023-04-21,14.39,14.4,14.28,14.32,13.682592,9700
2023-04-24,14.4,14.4,14.27,14.3,13.663483,27000
2023-04-25,14.38,14.51,14.3,14.42,13.778143,43700
2023-04-26,14.48,14.59,14.34,14.37,13.730367,20400
2023-04-27,14.47,14.47,14.35,14.41,13.768587,21600
2023-04-28,14.54,14.56,14.4,14.42,13.778143,30400
2023-05-01,14.48,14.48,14.13,14.24,13.606153,102000
2023-05-02,14.33,14.33,14.2,14.23,13.596598,21200
2023-05-03,14.27,14.34,14.23,14.31,13.673038,58400
2023-05-04,14.35,14.44,14.32,14.39,13.749477,28100
2023-05-05,14.45,14.75,14.33,14.71,14.055233,29400
2023-05-08,14.63,14.69,14.45,14.45,13.806806,28400
2023-05-09,14.52,14.61,14.36,14.38,13.739923,16100
2023-05-10,14.28,14.43,14.28,14.35,13.816952,22000
2023-05-11,14.33,14.8,14.33,14.56,14.019151,61400
2023-05-12,14.51,14.65,14.47,14.49,13.951751,20500
2023-05-15,14.51,14.66,14.45,14.54,13.999892,15500
2023-05-16,14.52,14.61,14.41,14.52,13.980635,32600
2023-05-17,14.49,14.69,14.45,14.64,14.096179,60100
2023-05-18,14.61,14.71,14.51,14.59,14.048035,18000
2023-05-19,14.65,14.66,14.59,14.64,14.096179,26500
2023-05-22,14.69,14.7,14.64,14.66,14.115435,26900
2023-05-23,14.67,14.67,14.52,14.61,14.067291,54200
2023-05-24,14.61,14.62,14.49,14.55,14.009522,51800
2023-05-25,14.51,14.62,14.51,14.56,14.019151,34100
2023-05-26,14.5,14.81,14.48,14.63,14.08655,50600
2023-05-30,14.65,14.85,14.63,14.85,14.298378,33300
2023-05-31,14.83,15.0,14.64,14.94,14.385034,47100
2023-06-01,14.94,15.33,14.88,15.0,14.442805,45100
2023-06-02,14.94,15.31,14.93,15.09,14.529462,54500
2023-06-05,15.06,15.06,14.79,14.79,14.240606,36600
2023-06-06,14.75,14.85,14.75,14.75,14.202092,20300
2023-06-07,14.83,14.85,14.79,14.85,14.298378,13000
2023-06-08,14.75,14.92,14.65,14.67,14.125064,77300
2023-06-09,14.73,14.73,14.61,14.62,14.076921,24500
2023-06-12,14.56,14.74,14.56,14.7,14.15395,32000
2023-06-13,14.71,14.82,14.58,14.59,14.048035,51200
2023-06-14,14.45,14.83,14.45,14.59,14.154754,39800
2023-06-15,14.54,14.64,14.5,14.53,14.096543,49700
2023-06-16,14.55,14.6,14.5,14.54,14.106246,33000
2023-06-20,14.65,14.72,14.35,14.39,13.96072,36100
2023-06-21,14.37,14.39,14.23,14.37,13.941317,47600
2023-06-22,14.31,14.51,14.23,14.38,13.951019,27300
2023-06-23,14.45,14.8,14.37,14.56,14.12565,55800
2023-06-26,14.51,14.76,14.34,14.48,14.048034,24400
2023-06-27,14.6,14.6,14.36,14.52,14.086842,29500
2023-06-28,14.62,14.62,14.41,14.48,14.048034,39600
2023-06-29,14.41,14.58,14.37,14.48,14.048034,31100
2023-06-30,14.51,14.73,14.45,14.51,14.077142,32800
2023-07-03,14.51,14.6,14.48,14.55,14.115948,18400
2023-07-05,14.55,14.99,14.55,14.75,14.30998,49600
2023-07-06,14.71,14.83,14.51,14.63,14.193561,33900
2023-07-07,14.7,14.82,14.5,14.73,14.290577,36100
2023-07-10,14.76,14.94,14.56,14.9,14.455505,46000
2023-07-11,14.95,14.95,14.72,14.83,14.387594,31000
2023-07-12,14.85,14.85,14.73,14.8,14.465788,29400
2023-07-13,14.84,14.85,14.35,14.44,14.113916,155100
2023-07-14,14.48,14.5,14.31,14.39,14.065045,46200
2023-07-17,14.37,14.48,14.35,14.45,14.123691,34200
2023-07-18,14.5,14.54,14.37,14.44,14.113916,41800
2023-07-19,14.51,14.53,14.37,14.44,14.113916,32200
2023-07-20,14.42,14.43,14.21,14.26,13.937983,71400
2023-07-21,14.36,14.41,14.28,14.36,14.035723,48700
2023-07-24,14.46,14.46,14.21,14.31,13.986854,166800
2023-07-25,14.3,14.34,14.22,14.27,13.947757,43600
2023-07-26,14.26,14.43,14.26,14.36,14.035723,37100
2023-07-27,14.4,14.41,14.24,14.26,13.937983,57700
2023-07-28,14.31,14.41,14.25,14.38,14.055272,38900
2023-07-31,14.45,14.5,14.22,14.38,14.055272,163400
2023-08-01,14.39,14.46,14.26,14.44,14.113916,64900
2023-08-02,14.41,14.5,14.38,14.43,14.104142,30000
2023-08-03,14.4,14.45,14.33,14.39,14.065045,22000
2023-08-04,14.4,14.44,14.37,14.39,14.065045,17300
2023-08-07,14.48,14.48,14.38,14.47,14.14324,24600
2023-08-08,14.41,14.61,14.4,14.55,14.221434,74800
2023-08-09,14.52,14.58,14.48,14.51,14.182337,13300
2023-08-10,14.6,14.65,14.5,14.65,14.319175,22600
2023-08-11,14.65,14.82,14.6,14.65,14.319175,33300
2023-08-14,14.71,14.71,14.6,14.63,14.299626,36400
2023-08-15,14.67,14.67,14.54,14.56,14.231208,70700
2023-08-16,14.47,14.47,14.38,14.42,14.201661,57200
2023-08-17,14.43,14.44,14.18,14.23,14.014538,96100
2023-08-18,14.22,14.38,14.18,14.22,14.00469,57300
2023-08-21,14.29,14.29,14.07,14.12,13.906203,57800
2023-08-22,14.13,14.24,14.13,14.16,13.945599,34600
2023-08-23,14.22,14.26,14.14,14.17,13.955446,42400
2023-08-24,14.2,14.22,14.09,14.14,13.925901,53700
2023-08-25,14.17,14.22,14.15,14.17,13.955446,40800
2023-08-28,14.17,14.21,14.12,14.2,13.984992,77700
2023-08-29,14.13,14.27,14.13,14.23,14.014538,33300
2023-08-30,14.32,14.32,14.23,14.29,14.07363,37400
2023-08-31,14.29,14.31,14.2,14.28,14.063781,58900
2023-09-01,14.3,14.47,14.3,14.42,14.201661,63900
2023-09-05,14.35,14.48,14.23,14.39,14.172116,22900
2023-09-06,14.31,14.31,14.2,14.23,14.014538,35500
2023-09-07,14.22,14.37,14.2,14.33,14.113024,19000
2023-09-08,14.27,14.38,14.24,14.32,14.103175,12200
2023-09-11,14.3,14.31,14.24,14.28,14.063781,27300
2023-09-12,14.32,14.4,14.23,14.39,14.172116,15300
2023-09-13,14.36,14.38,14.1,14.16,14.053021,36800
2023-09-14,14.21,14.42,14.15,14.36,14.251511,118000
2023-09-15,14.36,14.56,14.34,14.43,14.320982,174700
2023-09-18,14.47,14.62,14.46,14.52,14.410302,93800
2023-09-19,14.57,14.62,14.46,14.46,14.350756,85200
2023-09-20,14.51,14.62,14.44,14.47,14.360681,79100
2023-09-21,14.42,14.57,14.39,14.42,14.311058,58600
2023-09-22,14.49,14.6,14.36,14.53,14.420226,38800
2023-09-25,14.5,14.58,14.44,14.45,14.340831,54100
2023-09-26,14.48,14.49,14.36,14.39,14.281284,49700
2023-09-27,14.42,14.53,14.37,14.42,14.311058,72000
2023-09-28,14.36,14.44,14.25,14.42,14.311058,43400
2023-09-29,14.48,14.6,14.34,14.58,14.469849,86900
2023-10-02,14.49,14.49,14.37,14.39,14.281284,37700
2023-10-03,14.38,14.53,14.27,14.32,14.211813,114700
2023-10-04,14.33,14.54,14.33,14.5,14.390453,43600
2023-10-05,14.5,14.54,14.43,14.46,14.350756,52900
2023-10-06,14.39,14.48,14.34,14.46,14.350756,58000
2023-10-09,14.4,14.55,14.35,14.47,14.360681,69700
2023-10-10,14.4,14.57,14.4,14.56,14.450001,78000
2023-10-11,14.52,14.54,14.49,14.5,14.5,50400
2023-10-12,14.47,14.49,14.36,14.36,14.36,45200
2023-10-13,14.44,14.45,14.36,14.4,14.4,32800
2023-10-16,14.36,14.48,14.36,14.42,14.42,32500
2023-10-17,14.33,14.37,14.28,14.3,14.3,41100
2023-10-18,14.23,14.39,14.18,14.29,14.29,70800
2023-10-19,14.29,14.37,14.19,14.22,14.22,112500
2023-10-20,14.27,14.35,14.22,14.26,14.26,66200
2023-10-23,14.19,14.28,13.99,14.01,14.01,55400
2023-10-24,14.1,14.12,13.77,13.87,13.87,112700
2023-10-25,13.86,14.01,13.75,14.0,14.0,78700
2023-10-26,13.95,14.05,13.91,13.92,13.92,65000
2023-10-27,13.99,14.04,13.89,14.03,14.03,90300
2023-10-30,13.97,14.09,13.91,13.97,13.97,57200
2023-10-31,14.05,14.24,13.93,14.02,14.02,132100
2023-11-01,14.04,14.19,14.0,14.18,14.18,56400
2023-11-02,14.21,14.64,14.21,14.57,14.57,111400
2023-11-03,14.62,14.77,14.39,14.41,14.41,73900
2023-11-06,14.35,14.45,14.01,14.08,14.08,149200
2023-11-07,14.14,14.2,14.02,14.2,14.2,69600
2023-11-08,14.21,14.23,14.14,14.16,14.16,41900
2023-11-09,14.15,14.29,14.13,14.2,14.2,55900
2023-11-10,14.17,14.26,14.14,14.15,14.15,35000
2023-11-13,14.16,14.25,14.14,14.23,14.23,71600
2023-11-14,14.34,14.41,14.34,14.4099,14.4099,11869
