Date,Open,High,Low,Close,Adj Close,Volume
1986-09-25,0.0,0.277092,0.274348,0.277092,0.277092,38472975
1986-09-26,0.0,0.277092,0.274348,0.277092,0.277092,2050313
1986-09-29,0.0,0.277092,0.274348,0.274348,0.274348,2624400
1986-09-30,0.0,0.282579,0.271605,0.277092,0.277092,1562794
1986-10-01,0.0,0.285322,0.277092,0.279835,0.279835,624206
1986-10-02,0.0,0.282579,0.277092,0.277092,0.277092,2692744
1986-10-03,0.0,0.282579,0.277092,0.277092,0.277092,496631
1986-10-06,0.0,0.277092,0.277092,0.277092,0.277092,227813
1986-10-07,0.0,0.282579,0.277092,0.277092,0.277092,273375
1986-10-08,0.0,0.282579,0.277092,0.277092,0.277092,127575
1986-10-09,0.0,0.282579,0.277092,0.282579,0.282579,150356
1986-10-10,0.0,0.277092,0.277092,0.277092,0.277092,72900
1986-10-13,0.0,0.282579,0.277092,0.282579,0.282579,27338
1986-10-14,0.0,0.277092,0.277092,0.277092,0.277092,309825
1986-10-15,0.0,0.277092,0.277092,0.277092,0.277092,154913
1986-10-16,0.0,0.282579,0.277092,0.277092,0.277092,77456
1986-10-17,0.0,0.282579,0.277092,0.277092,0.277092,123019
1986-10-20,0.0,0.282579,0.277092,0.277092,0.277092,82013
1986-10-21,0.0,0.282579,0.277092,0.279835,0.279835,136688
1986-10-22,0.0,0.282579,0.277092,0.282579,0.282579,2738306
1986-10-23,0.0,0.282579,0.277092,0.277092,0.277092,715331
1986-10-24,0.0,0.293553,0.277092,0.285322,0.285322,1699481
1986-10-27,0.0,0.29904,0.288066,0.29904,0.29904,136688
1986-10-28,0.0,0.301783,0.293553,0.296296,0.296296,865688
1986-10-29,0.0,0.318244,0.304527,0.30727,0.30727,482963
1986-10-30,0.0,0.323731,0.30727,0.312757,0.312757,482963
1986-10-31,0.0,0.320988,0.312757,0.320988,0.320988,63788
1986-11-03,0.0,0.326475,0.315501,0.326475,0.326475,164025
1986-11-04,0.0,0.329218,0.318244,0.329218,0.329218,18225
1986-11-05,0.0,0.329218,0.318244,0.320988,0.320988,182250
1986-11-06,0.0,0.320988,0.320988,0.320988,0.320988,22781
1986-11-07,0.0,0.329218,0.318244,0.318244,0.318244,3394406
1986-11-10,0.0,0.329218,0.318244,0.318244,0.318244,59231
1986-11-11,0.0,0.326475,0.318244,0.318244,0.318244,154913
1986-11-12,0.0,0.318244,0.312757,0.318244,0.318244,1517231
1986-11-13,0.0,0.318244,0.30727,0.318244,0.318244,104794
1986-11-14,0.0,0.318244,0.30727,0.318244,0.318244,91125
1986-11-17,0.0,0.315501,0.315501,0.315501,0.315501,9113
1986-11-18,0.0,0.30727,0.30727,0.30727,0.30727,236925
1986-11-19,0.0,0.315501,0.301783,0.301783,0.301783,1079831
1986-11-20,0.0,0.310014,0.301783,0.310014,0.310014,54675
1986-11-21,0.0,0.30727,0.29904,0.30727,0.30727,911250
1986-11-24,0.0,0.312757,0.301783,0.312757,0.312757,31894
1986-11-25,0.0,0.30727,0.30727,0.30727,0.30727,455625
1986-11-26,0.0,0.30727,0.29904,0.30727,0.30727,127575
1986-11-28,0.0,0.29904,0.29904,0.29904,0.29904,95681
1986-12-01,0.0,0.30727,0.29904,0.29904,0.29904,31894
1986-12-02,0.0,0.30727,0.293553,0.293553,0.293553,4629150
1986-12-03,0.0,0.30727,0.29904,0.30727,0.30727,496631
1986-12-04,0.0,0.30727,0.29904,0.30727,0.30727,446513
1986-12-05,0.0,0.304527,0.296296,0.296296,0.296296,2751975
1986-12-08,0.0,0.30727,0.29904,0.29904,0.29904,305269
1986-12-09,0.0,0.30727,0.29904,0.29904,0.29904,173138
1986-12-10,0.0,0.30727,0.30727,0.30727,0.30727,18225
1986-12-11,0.30727,0.30727,0.30727,0.30727,0.30727,0
1986-12-12,0.0,0.30727,0.301783,0.30727,0.30727,9121613
1986-12-15,0.0,0.30727,0.29904,0.30727,0.30727,18225
1986-12-16,0.0,0.30727,0.29904,0.29904,0.29904,209588
1986-12-17,0.0,0.30727,0.301783,0.301783,0.301783,455625
1986-12-18,0.0,0.312757,0.301783,0.310014,0.310014,195919
1986-12-19,0.0,0.312757,0.301783,0.301783,0.301783,41006
1986-12-22,0.0,0.310014,0.301783,0.310014,0.310014,127575
1986-12-23,0.0,0.312757,0.301783,0.30727,0.30727,127575
1986-12-24,0.0,0.312757,0.304527,0.312757,0.312757,924919
1986-12-26,0.0,0.304527,0.304527,0.304527,0.304527,4556
1986-12-29,0.0,0.312757,0.312757,0.312757,0.312757,9113
1986-12-30,0.312757,0.312757,0.312757,0.312757,0.312757,0
1986-12-31,0.0,0.312757,0.304527,0.304527,0.304527,783675
1987-01-02,0.0,0.318244,0.312757,0.312757,0.312757,232369
1987-01-05,0.0,0.318244,0.315501,0.318244,0.318244,109350
1987-01-06,0.0,0.323731,0.315501,0.315501,0.315501,150356
1987-01-07,0.0,0.326475,0.315501,0.326475,0.326475,95681
1987-01-08,0.0,0.337449,0.318244,0.323731,0.323731,437400
1987-01-09,0.0,0.340192,0.323731,0.329218,0.329218,369056
1987-01-12,0.0,0.345679,0.334705,0.340192,0.340192,277931
1987-01-13,0.0,0.36214,0.342936,0.36214,0.36214,268819
1987-01-14,0.0,0.36214,0.351166,0.356653,0.356653,141244
1987-01-15,0.0,0.36214,0.351166,0.351166,0.351166,214144
1987-01-16,0.0,0.36214,0.351166,0.351166,0.351166,205031
1987-01-19,0.0,0.351166,0.351166,0.351166,0.351166,4556
1987-01-20,0.0,0.36214,0.351166,0.351166,0.351166,496631
1987-01-21,0.0,0.36214,0.351166,0.36214,0.36214,250594
1987-01-22,0.0,0.36214,0.36214,0.36214,0.36214,9113
1987-01-23,0.0,0.373114,0.356653,0.36214,0.36214,1366875
1987-01-26,0.0,0.373114,0.36214,0.373114,0.373114,9113
1987-01-27,0.0,0.373114,0.367627,0.373114,0.373114,273375
1987-01-28,0.0,0.384088,0.373114,0.384088,0.384088,346275
1987-01-29,0.0,0.400549,0.378601,0.384088,0.384088,350831
1987-01-30,0.0,0.400549,0.384088,0.395062,0.395062,496631
1987-02-02,0.0,0.395062,0.384088,0.395062,0.395062,63788
1987-02-03,0.0,0.389575,0.378601,0.389575,0.389575,533081
1987-02-04,0.0,0.389575,0.36214,0.378601,0.378601,1822500
1987-02-05,0.0,0.378601,0.36214,0.373114,0.373114,141244
1987-02-06,0.0,0.373114,0.36214,0.36214,0.36214,232369
1987-02-09,0.0,0.373114,0.36214,0.36214,0.36214,31894
1987-02-10,0.0,0.373114,0.373114,0.373114,0.373114,141244
1987-02-11,0.0,0.373114,0.373114,0.373114,0.373114,9113
1987-02-12,0.0,0.384088,0.367627,0.375857,0.375857,3143813
1987-02-13,0.0,0.384088,0.367627,0.384088,0.384088,3289613
1987-02-17,0.0,0.384088,0.384088,0.384088,0.384088,218700
1987-02-18,0.0,0.389575,0.367627,0.373114,0.373114,1152731
1987-02-19,0.0,0.389575,0.373114,0.389575,0.389575,27338
1987-02-20,0.0,0.389575,0.373114,0.389575,0.389575,68344
1987-02-23,0.0,0.389575,0.389575,0.389575,0.389575,9113
1987-02-24,0.0,0.389575,0.389575,0.389575,0.389575,41006
1987-02-25,0.0,0.384088,0.373114,0.384088,0.384088,31894
1987-02-26,0.0,0.389575,0.373114,0.389575,0.389575,63788
1987-02-27,0.0,0.395062,0.384088,0.395062,0.395062,95681
1987-03-02,0.0,0.493827,0.406036,0.466392,0.466392,956813
1987-03-03,0.0,0.460905,0.406036,0.427984,0.427984,665213
1987-03-04,0.0,0.438957,0.411523,0.422497,0.422497,232369
1987-03-05,0.0,0.444444,0.41701,0.422497,0.422497,5458388
1987-03-06,0.0,0.444444,0.41701,0.444444,0.444444,136688
1987-03-09,0.0,0.444444,0.422497,0.422497,0.422497,150356
1987-03-10,0.0,0.444444,0.422497,0.422497,0.422497,54675
1987-03-11,0.0,0.444444,0.444444,0.444444,0.444444,82013
1987-03-12,0.0,0.444444,0.444444,0.444444,0.444444,41006
1987-03-13,0.0,0.444444,0.427984,0.444444,0.444444,150356
1987-03-16,0.0,0.427984,0.427984,0.427984,0.427984,50119
1987-03-17,0.0,0.444444,0.427984,0.427984,0.427984,314381
1987-03-18,0.0,0.444444,0.433471,0.438957,0.438957,5941350
1987-03-19,0.0,0.444444,0.427984,0.444444,0.444444,250594
1987-03-20,0.0,0.444444,0.427984,0.427984,0.427984,86569
1987-03-23,0.0,0.449931,0.427984,0.449931,0.449931,31894
1987-03-24,0.0,0.449931,0.427984,0.427984,0.427984,154913
1987-03-25,0.0,0.449931,0.427984,0.449931,0.449931,510300
1987-03-26,0.0,0.449931,0.427984,0.427984,0.427984,177694
1987-03-27,0.0,0.449931,0.427984,0.427984,0.427984,68344
1987-03-30,0.0,0.449931,0.427984,0.427984,0.427984,546750
1987-03-31,0.0,0.449931,0.427984,0.427984,0.427984,141244
1987-04-01,0.0,0.449931,0.427984,0.449931,0.449931,136688
1987-04-02,0.0,0.449931,0.427984,0.427984,0.427984,54675
1987-04-03,0.0,0.449931,0.438957,0.438957,0.438957,9113
1987-04-06,0.0,0.449931,0.433471,0.444444,0.444444,136688
1987-04-07,0.0,0.444444,0.433471,0.444444,0.444444,164025
1987-04-08,0.0,0.444444,0.433471,0.444444,0.444444,50119
1987-04-09,0.0,0.444444,0.433471,0.433471,0.433471,123019
1987-04-10,0.0,0.444444,0.433471,0.444444,0.444444,68344
1987-04-13,0.0,0.444444,0.433471,0.444444,0.444444,68344
1987-04-14,0.0,0.444444,0.42524,0.427984,0.427984,733556
1987-04-15,0.0,0.438957,0.427984,0.438957,0.438957,127575
1987-04-16,0.0,0.427984,0.395062,0.41701,0.41701,478406
1987-04-20,0.0,0.433471,0.41701,0.433471,0.433471,182250
1987-04-21,0.0,0.438957,0.41701,0.438957,0.438957,45563
1987-04-22,0.0,0.438957,0.41701,0.438957,0.438957,113906
1987-04-23,0.438957,0.438957,0.438957,0.438957,0.438957,0
1987-04-24,0.0,0.41701,0.41701,0.41701,0.41701,72900
1987-04-27,0.0,0.433471,0.41701,0.427984,0.427984,1458000
1987-04-28,0.0,0.427984,0.411523,0.411523,0.411523,291600
1987-04-29,0.0,0.427984,0.411523,0.411523,0.411523,63788
1987-04-30,0.0,0.427984,0.406036,0.406036,0.406036,164025
1987-05-01,0.0,0.41701,0.400549,0.406036,0.406036,191363
1987-05-04,0.0,0.406036,0.389575,0.389575,0.389575,86569
1987-05-05,0.0,0.395062,0.378601,0.395062,0.395062,159469
1987-05-06,0.0,0.389575,0.367627,0.378601,0.378601,432844
1987-05-07,0.0,0.400549,0.378601,0.400549,0.400549,355388
1987-05-08,0.0,0.400549,0.395062,0.395062,0.395062,154913
1987-05-11,0.0,0.400549,0.384088,0.400549,0.400549,282488
1987-05-12,0.0,0.400549,0.389575,0.389575,0.389575,164025
1987-05-13,0.0,0.406036,0.389575,0.406036,0.406036,382725
1987-05-14,0.0,0.422497,0.395062,0.395062,0.395062,1435219
1987-05-15,0.0,0.400549,0.389575,0.395062,0.395062,16024331
1987-05-18,0.0,0.400549,0.389575,0.389575,0.389575,6702244
1987-05-19,0.0,0.400549,0.384088,0.384088,0.384088,660656
1987-05-20,0.0,0.395062,0.384088,0.395062,0.395062,296156
1987-05-21,0.0,0.395062,0.384088,0.384088,0.384088,697106
1987-05-22,0.0,0.395062,0.384088,0.395062,0.395062,1230188
1987-05-26,0.0,0.400549,0.389575,0.395062,0.395062,1252969
1987-05-27,0.0,0.395062,0.389575,0.389575,0.389575,91125
1987-05-28,0.0,0.395062,0.389575,0.395062,0.395062,350831
1987-05-29,0.0,0.400549,0.389575,0.389575,0.389575,209588
1987-06-01,0.0,0.400549,0.389575,0.389575,0.389575,318938
1987-06-02,0.0,0.395062,0.384088,0.395062,0.395062,191363
1987-06-03,0.0,0.406036,0.384088,0.400549,0.400549,2323688
1987-06-04,0.0,0.41701,0.400549,0.41701,0.41701,1444331
1987-06-05,0.0,0.444444,0.406036,0.444444,0.444444,1467113
1987-06-08,0.0,0.449931,0.433471,0.438957,0.438957,1635694
1987-06-09,0.0,0.460905,0.444444,0.460905,0.460905,5162231
1987-06-10,0.0,0.482853,0.455418,0.471879,0.471879,5804663
1987-06-11,0.0,0.477366,0.466392,0.466392,0.466392,4556250
1987-06-12,0.0,0.471879,0.460905,0.469136,0.469136,838350
1987-06-15,0.0,0.471879,0.460905,0.471879,0.471879,241481
1987-06-16,0.0,0.471879,0.455418,0.466392,0.466392,1207406
1987-06-17,0.0,0.466392,0.455418,0.455418,0.455418,469294
1987-06-18,0.0,0.466392,0.455418,0.466392,0.466392,396394
1987-06-19,0.0,0.466392,0.455418,0.455418,0.455418,123019
1987-06-22,0.0,0.466392,0.455418,0.455418,0.455418,646988
1987-06-23,0.0,0.471879,0.455418,0.466392,0.466392,1521788
1987-06-24,0.0,0.471879,0.455418,0.471879,0.471879,1690369
1987-06-25,0.0,0.477366,0.460905,0.477366,0.477366,1061606
1987-06-26,0.0,0.477366,0.466392,0.466392,0.466392,373613
1987-06-29,0.0,0.471879,0.466392,0.466392,0.466392,259706
1987-06-30,0.0,0.477366,0.466392,0.477366,0.477366,414619
1987-07-01,0.0,0.477366,0.466392,0.466392,0.466392,610538
1987-07-02,0.0,0.474623,0.466392,0.466392,0.466392,2574281
1987-07-06,0.0,0.477366,0.466392,0.477366,0.477366,6437981
1987-07-07,0.0,0.477366,0.466392,0.471879,0.471879,159469
1987-07-08,0.0,0.477366,0.466392,0.471879,0.471879,733556
1987-07-09,0.0,0.477366,0.466392,0.477366,0.477366,309825
1987-07-10,0.0,0.471879,0.466392,0.471879,0.471879,205031
1987-07-13,0.0,0.471879,0.466392,0.471879,0.471879,719888
1987-07-14,0.0,0.471879,0.466392,0.466392,0.466392,1098056
1987-07-15,0.0,0.466392,0.455418,0.455418,0.455418,314381
1987-07-16,0.0,0.460905,0.455418,0.460905,0.460905,861131
1987-07-17,0.0,0.460905,0.455418,0.460905,0.460905,86569
1987-07-20,0.0,0.466392,0.455418,0.455418,0.455418,1129950
1987-07-21,0.0,0.466392,0.449931,0.460905,0.460905,246038
1987-07-22,0.0,0.455418,0.449931,0.449931,0.449931,428288
1987-07-23,0.0,0.455418,0.433471,0.433471,0.433471,1380544
1987-07-24,0.0,0.444444,0.433471,0.444444,0.444444,150356
1987-07-27,0.0,0.444444,0.433471,0.433471,0.433471,186806
1987-07-28,0.0,0.438957,0.427984,0.427984,0.427984,145800
1987-07-29,0.0,0.438957,0.411523,0.411523,0.411523,874800
1987-07-30,0.0,0.41701,0.389575,0.400549,0.400549,5768213
1987-07-31,0.0,0.406036,0.389575,0.406036,0.406036,10064756
1987-08-03,0.0,0.406036,0.395062,0.400549,0.400549,291600
1987-08-04,0.0,0.400549,0.395062,0.400549,0.400549,113906
1987-08-05,0.0,0.41701,0.403292,0.411523,0.411523,1366875
1987-08-06,0.0,0.438957,0.406036,0.433471,0.433471,1731375
1987-08-07,0.0,0.438957,0.427984,0.430727,0.430727,2446706
1987-08-10,0.0,0.438957,0.427984,0.438957,0.438957,359944
1987-08-11,0.0,0.449931,0.427984,0.449931,0.449931,879356
1987-08-12,0.0,0.449931,0.438957,0.438957,0.438957,123019
1987-08-13,0.0,0.449931,0.438957,0.438957,0.438957,2364694
1987-08-14,0.0,0.449931,0.438957,0.438957,0.438957,63788
1987-08-17,0.0,0.449931,0.438957,0.449931,0.449931,2077650
1987-08-18,0.0,0.449931,0.433471,0.449931,0.449931,1612913
1987-08-19,0.0,0.449931,0.438957,0.444444,0.444444,141244
1987-08-20,0.0,0.449931,0.449931,0.449931,0.449931,31894
1987-08-21,0.0,0.449931,0.438957,0.449931,0.449931,136688
1987-08-24,0.0,0.449931,0.438957,0.438957,0.438957,2779313
1987-08-25,0.0,0.449931,0.438957,0.449931,0.449931,250594
1987-08-26,0.0,0.449931,0.438957,0.438957,0.438957,2182444
1987-08-27,0.0,0.449931,0.438957,0.449931,0.449931,77456
1987-08-28,0.0,0.449931,0.438957,0.444444,0.444444,1690369
1987-08-31,0.0,0.449931,0.438957,0.449931,0.449931,182250
1987-09-01,0.0,0.455418,0.447188,0.449931,0.449931,464738
1987-09-02,0.0,0.455418,0.444444,0.444444,0.444444,18225
1987-09-03,0.0,0.449931,0.438957,0.449931,0.449931,396394
1987-09-04,0.0,0.449931,0.438957,0.438957,0.438957,191363
1987-09-08,0.0,0.449931,0.438957,0.444444,0.444444,587756
1987-09-09,0.0,0.444444,0.444444,0.444444,0.444444,9113
1987-09-10,0.0,0.438957,0.427984,0.427984,0.427984,879356
1987-09-11,0.0,0.438957,0.427984,0.427984,0.427984,1831613
1987-09-14,0.0,0.438957,0.427984,0.427984,0.427984,1704038
1987-09-15,0.0,0.427984,0.427984,0.427984,0.427984,9113
1987-09-16,0.0,0.433471,0.427984,0.427984,0.427984,551306
1987-09-17,0.0,0.433471,0.427984,0.427984,0.427984,246038
1987-09-18,0.0,0.433471,0.427984,0.427984,0.427984,104794
1987-09-21,0.0,0.427984,0.427984,0.427984,0.427984,54675
1987-09-22,0.0,0.433471,0.427984,0.427984,0.427984,1485338
1987-09-23,0.0,0.433471,0.422497,0.427984,0.427984,2419369
1987-09-24,0.0,0.433471,0.422497,0.433471,0.433471,145800
1987-09-25,0.0,0.427984,0.41701,0.41701,0.41701,441956
1987-09-28,0.0,0.427984,0.411523,0.411523,0.411523,4332994
1987-09-29,0.0,0.422497,0.411523,0.411523,0.411523,1827056
1987-09-30,0.0,0.427984,0.411523,0.42524,0.42524,3977606
1987-10-01,0.0,0.427984,0.422497,0.422497,0.422497,109350
1987-10-02,0.0,0.427984,0.422497,0.427984,0.427984,902138
1987-10-05,0.0,0.466392,0.422497,0.466392,0.466392,4355775
1987-10-06,0.0,0.466392,0.455418,0.466392,0.466392,865688
1987-10-07,0.0,0.460905,0.444444,0.460905,0.460905,852019
1987-10-08,0.0,0.449931,0.438957,0.438957,0.438957,277931
1987-10-09,0.0,0.444444,0.438957,0.444444,0.444444,984150
1987-10-12,0.0,0.444444,0.433471,0.433471,0.433471,241481
1987-10-13,0.0,0.444444,0.438957,0.438957,0.438957,496631
1987-10-14,0.0,0.444444,0.433471,0.444444,0.444444,150356
1987-10-15,0.0,0.438957,0.433471,0.438957,0.438957,637875
1987-10-16,0.0,0.433471,0.433471,0.433471,0.433471,1389656
1987-10-19,0.0,0.427984,0.411523,0.411523,0.411523,2200669
1987-10-20,0.0,0.411523,0.378601,0.389575,0.389575,451069
1987-10-21,0.0,0.400549,0.384088,0.384088,0.384088,232369
1987-10-22,0.0,0.389575,0.356653,0.356653,0.356653,455625
1987-10-23,0.0,0.356653,0.334705,0.334705,0.334705,1467113
1987-10-26,0.0,0.340192,0.285322,0.296296,0.296296,5749988
1987-10-27,0.0,0.312757,0.268861,0.279835,0.279835,1371431
1987-10-28,0.0,0.274348,0.257888,0.257888,0.257888,710775
1987-10-29,0.0,0.268861,0.252401,0.268861,0.268861,1006931
1987-10-30,0.0,0.301783,0.285322,0.301783,0.301783,4096069
1987-11-02,0.0,0.30727,0.290809,0.30727,0.30727,1699481
1987-11-03,0.0,0.312757,0.301783,0.301783,0.301783,537638
1987-11-04,0.0,0.312757,0.301783,0.312757,0.312757,1549125
1987-11-05,0.0,0.312757,0.301783,0.301783,0.301783,3658669
1987-11-06,0.0,0.312757,0.30727,0.30727,0.30727,195919
1987-11-09,0.0,0.30727,0.301783,0.304527,0.304527,628763
1987-11-10,0.0,0.301783,0.290809,0.296296,0.296296,3098250
1987-11-11,0.0,0.296296,0.285322,0.285322,0.285322,282488
1987-11-12,0.0,0.296296,0.285322,0.285322,0.285322,259706
1987-11-13,0.0,0.301783,0.290809,0.290809,0.290809,533081
1987-11-16,0.0,0.301783,0.290809,0.290809,0.290809,3203044
1987-11-17,0.0,0.290809,0.285322,0.285322,0.285322,200475
1987-11-18,0.0,0.296296,0.285322,0.296296,0.296296,54675
1987-11-19,0.0,0.296296,0.279835,0.282579,0.282579,1161844
1987-11-20,0.0,0.285322,0.257888,0.279835,0.279835,5171344
1987-11-23,0.0,0.279835,0.274348,0.279835,0.279835,95681
1987-11-24,0.0,0.279835,0.263374,0.263374,0.263374,218700
1987-11-25,0.0,0.274348,0.263374,0.263374,0.263374,77456
1987-11-27,0.0,0.274348,0.263374,0.263374,0.263374,22781
1987-11-30,0.0,0.274348,0.246914,0.268861,0.268861,1626581
1987-12-01,0.0,0.257888,0.257888,0.257888,0.257888,100238
1987-12-02,0.0,0.257888,0.257888,0.257888,0.257888,31894
1987-12-03,0.0,0.268861,0.257888,0.268861,0.268861,492075
1987-12-04,0.0,0.263374,0.257888,0.257888,0.257888,127575
1987-12-07,0.0,0.268861,0.257888,0.268861,0.268861,1822500
1987-12-08,0.0,0.268861,0.257888,0.268861,0.268861,82013
1987-12-09,0.0,0.268861,0.257888,0.257888,0.257888,924919
1987-12-10,0.0,0.268861,0.257888,0.263374,0.263374,1020600
1987-12-11,0.0,0.282579,0.263374,0.279835,0.279835,396394
1987-12-14,0.0,0.323731,0.274348,0.312757,0.312757,1416994
1987-12-15,0.0,0.329218,0.30727,0.323731,0.323731,979594
1987-12-16,0.0,0.334705,0.318244,0.334705,0.334705,2000194
1987-12-17,0.0,0.334705,0.318244,0.329218,0.329218,209588
1987-12-18,0.0,0.340192,0.318244,0.340192,0.340192,555863
1987-12-21,0.0,0.340192,0.323731,0.323731,0.323731,86569
1987-12-22,0.0,0.356653,0.329218,0.356653,0.356653,678881
1987-12-23,0.0,0.356653,0.345679,0.351166,0.351166,1398769
1987-12-24,0.0,0.375857,0.356653,0.373114,0.373114,2218894
1987-12-28,0.0,0.378601,0.36214,0.373114,0.373114,460181
1987-12-29,0.0,0.36214,0.340192,0.351166,0.351166,1968300
1987-12-30,0.0,0.36214,0.340192,0.36214,0.36214,774563
1987-12-31,0.0,0.373114,0.345679,0.36214,0.36214,1157288
1988-01-04,0.0,0.384088,0.373114,0.378601,0.378601,797344
1988-01-05,0.0,0.386831,0.378601,0.378601,0.378601,82013
1988-01-06,0.0,0.378601,0.378601,0.378601,0.378601,50119
1988-01-07,0.0,0.392318,0.378601,0.392318,0.392318,1922738
1988-01-08,0.0,0.384088,0.378601,0.378601,0.378601,191363
1988-01-11,0.0,0.389575,0.356653,0.359396,0.359396,1061606
1988-01-12,0.0,0.367627,0.36214,0.36214,0.36214,473850
1988-01-13,0.0,0.367627,0.36214,0.36214,0.36214,86569
1988-01-14,0.0,0.378601,0.364883,0.378601,0.378601,678881
1988-01-15,0.0,0.384088,0.367627,0.367627,0.367627,223256
1988-01-18,0.0,0.373114,0.367627,0.367627,0.367627,186806
1988-01-19,0.0,0.384088,0.384088,0.384088,0.384088,18225
1988-01-20,0.0,0.384088,0.373114,0.378601,0.378601,1412438
1988-01-21,0.0,0.378601,0.373114,0.378601,0.378601,154913
1988-01-22,0.0,0.384088,0.378601,0.384088,0.384088,236925
1988-01-25,0.0,0.384088,0.373114,0.384088,0.384088,870244
1988-01-26,0.0,0.400549,0.384088,0.389575,0.389575,1375988
1988-01-27,0.0,0.392318,0.384088,0.384088,0.384088,264263
1988-01-28,0.0,0.392318,0.384088,0.384088,0.384088,136688
1988-01-29,0.384088,0.384088,0.384088,0.384088,0.384088,0
1988-02-01,0.0,0.400549,0.384088,0.389575,0.389575,127575
1988-02-02,0.0,0.400549,0.384088,0.400549,0.400549,168581
1988-02-03,0.0,0.395062,0.395062,0.395062,0.395062,45563
1988-02-04,0.0,0.400549,0.395062,0.400549,0.400549,432844
1988-02-05,0.0,0.406036,0.395062,0.406036,0.406036,36450
1988-02-08,0.0,0.400549,0.395062,0.395062,0.395062,1467113
1988-02-09,0.0,0.400549,0.395062,0.395062,0.395062,779119
1988-02-10,0.0,0.397805,0.397805,0.397805,0.397805,136688
1988-02-11,0.0,0.400549,0.384088,0.395062,0.395062,1344094
1988-02-12,0.0,0.389575,0.378601,0.378601,0.378601,86569
1988-02-16,0.0,0.378601,0.373114,0.373114,0.373114,132131
1988-02-17,0.0,0.378601,0.373114,0.373114,0.373114,1184625
1988-02-18,0.0,0.378601,0.373114,0.378601,0.378601,642431
1988-02-19,0.0,0.378601,0.378601,0.378601,0.378601,227813
1988-02-22,0.0,0.378601,0.373114,0.378601,0.378601,1640250
1988-02-23,0.0,0.378601,0.373114,0.378601,0.378601,2920556
1988-02-24,0.0,0.384088,0.373114,0.378601,0.378601,2059425
1988-02-25,0.0,0.384088,0.378601,0.384088,0.384088,168581
1988-02-26,0.0,0.395062,0.378601,0.395062,0.395062,8296931
1988-02-29,0.0,0.427984,0.395062,0.427984,0.427984,7649944
1988-03-01,0.0,0.427984,0.411523,0.41701,0.41701,4970869
1988-03-02,0.0,0.422497,0.411523,0.411523,0.411523,1093500
1988-03-03,0.0,0.422497,0.41701,0.41701,0.41701,1116281
1988-03-04,0.0,0.422497,0.411523,0.422497,0.422497,446513
1988-03-07,0.0,0.422497,0.41701,0.422497,0.422497,223256
1988-03-08,0.0,0.422497,0.411523,0.411523,0.411523,2437594
1988-03-09,0.0,0.422497,0.411523,0.419753,0.419753,123019
1988-03-10,0.0,0.419753,0.411523,0.41701,0.41701,1257525
1988-03-11,0.0,0.422497,0.411523,0.411523,0.411523,59231
1988-03-14,0.0,0.422497,0.411523,0.422497,0.422497,5171344
1988-03-15,0.0,0.422497,0.41701,0.419753,0.419753,984150
1988-03-16,0.0,0.422497,0.41701,0.41701,0.41701,510300
1988-03-17,0.0,0.427984,0.41701,0.422497,0.422497,6009694
1988-03-18,0.0,0.444444,0.422497,0.444444,0.444444,7025738
1988-03-21,0.0,0.441701,0.433471,0.438957,0.438957,1344094
1988-03-22,0.0,0.447188,0.433471,0.444444,0.444444,665213
1988-03-23,0.0,0.449931,0.444444,0.449931,0.449931,2241675
1988-03-24,0.0,0.455418,0.444444,0.449931,0.449931,1052494
1988-03-25,0.0,0.455418,0.449931,0.455418,0.455418,405506
1988-03-28,0.0,0.455418,0.449931,0.449931,0.449931,250594
1988-03-29,0.0,0.455418,0.449931,0.455418,0.455418,455625
1988-03-30,0.0,0.455418,0.449931,0.455418,0.455418,246038
1988-03-31,0.0,0.460905,0.449931,0.460905,0.460905,205031
1988-04-04,0.0,0.460905,0.449931,0.460905,0.460905,145800
1988-04-05,0.0,0.449931,0.449931,0.449931,0.449931,68344
1988-04-06,0.0,0.460905,0.449931,0.460905,0.460905,127575
1988-04-07,0.0,0.460905,0.449931,0.460905,0.460905,86569
1988-04-08,0.0,0.460905,0.449931,0.460905,0.460905,615094
1988-04-11,0.0,0.460905,0.449931,0.460905,0.460905,1339538
1988-04-12,0.0,0.460905,0.449931,0.460905,0.460905,3558431
1988-04-13,0.0,0.471879,0.455418,0.466392,0.466392,1576463
1988-04-14,0.0,0.471879,0.460905,0.471879,0.471879,519413
1988-04-15,0.0,0.471879,0.460905,0.460905,0.460905,747225
1988-04-18,0.0,0.471879,0.460905,0.471879,0.471879,346275
1988-04-19,0.0,0.477366,0.466392,0.466392,0.466392,496631
1988-04-20,0.0,0.471879,0.466392,0.471879,0.471879,1043381
1988-04-21,0.0,0.471879,0.466392,0.471879,0.471879,710775
1988-04-22,0.0,0.471879,0.466392,0.466392,0.466392,227813
1988-04-25,0.0,0.471879,0.466392,0.471879,0.471879,9113
1988-04-26,0.0,0.482853,0.466392,0.471879,0.471879,3467306
1988-04-27,0.0,0.482853,0.471879,0.482853,0.482853,824681
1988-04-28,0.0,0.482853,0.471879,0.48011,0.48011,820125
1988-04-29,0.0,0.482853,0.471879,0.482853,0.482853,205031
1988-05-02,0.0,0.482853,0.48011,0.48011,0.48011,113906
1988-05-03,0.0,0.482853,0.471879,0.482853,0.482853,328050
1988-05-04,0.0,0.493827,0.471879,0.493827,0.493827,8050894
1988-05-05,0.0,0.493827,0.477366,0.482853,0.482853,41006
1988-05-06,0.0,0.493827,0.482853,0.482853,0.482853,100238
1988-05-09,0.0,0.482853,0.482853,0.482853,0.482853,118463
1988-05-10,0.0,0.493827,0.482853,0.482853,0.482853,127575
1988-05-11,0.0,0.482853,0.449931,0.460905,0.460905,1344094
1988-05-12,0.0,0.458162,0.455418,0.455418,0.455418,710775
1988-05-13,0.0,0.460905,0.449931,0.458162,0.458162,578644
1988-05-16,0.0,0.460905,0.455418,0.460905,0.460905,291600
1988-05-17,0.0,0.455418,0.449931,0.449931,0.449931,2665406
1988-05-18,0.0,0.449931,0.427984,0.438957,0.438957,578644
1988-05-19,0.0,0.438957,0.427984,0.427984,0.427984,159469
1988-05-20,0.0,0.438957,0.427984,0.427984,0.427984,168581
1988-05-23,0.427984,0.427984,0.427984,0.427984,0.427984,0
1988-05-24,0.0,0.427984,0.422497,0.422497,0.422497,195919
1988-05-25,0.0,0.433471,0.422497,0.427984,0.427984,979594
1988-05-26,0.0,0.433471,0.433471,0.433471,0.433471,59231
1988-05-27,0.0,0.433471,0.427984,0.427984,0.427984,1968300
1988-05-31,0.0,0.433471,0.427984,0.427984,0.427984,27338
1988-06-01,0.0,0.438957,0.433471,0.436214,0.436214,1508119
1988-06-02,0.0,0.444444,0.433471,0.433471,0.433471,1708594
1988-06-03,0.0,0.444444,0.433471,0.438957,0.438957,2724638
1988-06-06,0.0,0.444444,0.433471,0.438957,0.438957,870244
1988-06-07,0.0,0.444444,0.438957,0.444444,0.444444,1462556
1988-06-08,0.0,0.444444,0.438957,0.438957,0.438957,1745044
1988-06-09,0.0,0.449931,0.438957,0.449931,0.449931,414619
1988-06-10,0.0,0.449931,0.444444,0.444444,0.444444,1494450
1988-06-13,0.0,0.449931,0.444444,0.444444,0.444444,492075
1988-06-14,0.0,0.449931,0.444444,0.444444,0.444444,91125
1988-06-15,0.0,0.449931,0.444444,0.444444,0.444444,127575
1988-06-16,0.0,0.449931,0.444444,0.444444,0.444444,2127769
1988-06-17,0.0,0.449931,0.444444,0.444444,0.444444,2998013
1988-06-20,0.0,0.449931,0.444444,0.449931,0.449931,95681
1988-06-21,0.0,0.449931,0.444444,0.444444,0.444444,31894
1988-06-22,0.0,0.466392,0.444444,0.466392,0.466392,3763463
1988-06-23,0.0,0.466392,0.455418,0.455418,0.455418,2050313
1988-06-24,0.0,0.466392,0.455418,0.455418,0.455418,1922738
1988-06-27,0.0,0.455418,0.455418,0.455418,0.455418,205031
1988-06-28,0.0,0.466392,0.460905,0.466392,0.466392,451069
1988-06-29,0.0,0.469136,0.466392,0.469136,0.469136,282488
1988-06-30,0.0,0.477366,0.466392,0.471879,0.471879,651544
1988-07-01,0.0,0.477366,0.471879,0.474623,0.474623,109350
1988-07-05,0.0,0.482853,0.471879,0.482853,0.482853,1371431
1988-07-06,0.0,0.482853,0.477366,0.482853,0.482853,164025
1988-07-07,0.0,0.482853,0.477366,0.482853,0.482853,464738
1988-07-08,0.0,0.482853,0.477366,0.482853,0.482853,947700
1988-07-11,0.0,0.482853,0.477366,0.482853,0.482853,601425
1988-07-12,0.0,0.482853,0.477366,0.48011,0.48011,1936406
1988-07-13,0.0,0.482853,0.477366,0.477366,0.477366,911250
1988-07-14,0.0,0.48011,0.477366,0.477366,0.477366,328050
1988-07-15,0.0,0.482853,0.471879,0.471879,0.471879,1435219
1988-07-18,0.0,0.474623,0.466392,0.466392,0.466392,3954825
1988-07-19,0.0,0.471879,0.460905,0.460905,0.460905,4838738
1988-07-20,0.0,0.471879,0.460905,0.460905,0.460905,127575
1988-07-21,0.0,0.471879,0.460905,0.460905,0.460905,291600
1988-07-22,0.0,0.466392,0.460905,0.466392,0.466392,1407881
1988-07-25,0.0,0.466392,0.449931,0.460905,0.460905,1016044
1988-07-26,0.0,0.466392,0.449931,0.466392,0.466392,2642625
1988-07-27,0.0,0.455418,0.455418,0.455418,0.455418,59231
1988-07-28,0.0,0.466392,0.455418,0.466392,0.466392,95681
1988-07-29,0.0,0.466392,0.460905,0.466392,0.466392,774563
1988-08-01,0.0,0.471879,0.466392,0.471879,0.471879,1275750
1988-08-02,0.0,0.477366,0.471879,0.474623,0.474623,291600
1988-08-03,0.0,0.477366,0.466392,0.477366,0.477366,27338
1988-08-04,0.0,0.471879,0.466392,0.471879,0.471879,569531
1988-08-05,0.0,0.477366,0.466392,0.471879,0.471879,861131
1988-08-08,0.0,0.477366,0.471879,0.471879,0.471879,77456
1988-08-09,0.0,0.474623,0.466392,0.471879,0.471879,259706
1988-08-10,0.0,0.477366,0.449931,0.449931,0.449931,2697300
1988-08-11,0.0,0.460905,0.449931,0.449931,0.449931,305269
1988-08-12,0.0,0.460905,0.449931,0.460905,0.460905,255150
1988-08-15,0.0,0.455418,0.444444,0.444444,0.444444,883913
1988-08-16,0.0,0.449931,0.438957,0.449931,0.449931,200475
1988-08-17,0.0,0.444444,0.422497,0.422497,0.422497,934031
1988-08-18,0.0,0.433471,0.422497,0.427984,0.427984,760894
1988-08-19,0.0,0.433471,0.422497,0.433471,0.433471,359944
1988-08-22,0.0,0.422497,0.406036,0.41701,0.41701,560419
1988-08-23,0.0,0.41701,0.406036,0.411523,0.411523,232369
1988-08-24,0.0,0.41701,0.411523,0.411523,0.411523,100238
1988-08-25,0.0,0.41701,0.406036,0.411523,0.411523,309825
1988-08-26,0.0,0.411523,0.411523,0.411523,0.411523,13669
1988-08-29,0.0,0.411523,0.406036,0.408779,0.408779,350831
1988-08-30,0.0,0.411523,0.406036,0.411523,0.411523,173138
1988-08-31,0.0,0.411523,0.411523,0.411523,0.411523,22781
1988-09-01,0.0,0.411523,0.389575,0.389575,0.389575,811013
1988-09-02,0.0,0.406036,0.389575,0.403292,0.403292,3877369
1988-09-06,0.0,0.400549,0.392318,0.395062,0.395062,1348650
1988-09-07,0.0,0.400549,0.389575,0.395062,0.395062,3995831
1988-09-08,0.0,0.400549,0.392318,0.400549,0.400549,2537831
1988-09-09,0.0,0.400549,0.395062,0.395062,0.395062,555863
1988-09-12,0.0,0.400549,0.395062,0.400549,0.400549,268819
1988-09-13,0.0,0.400549,0.395062,0.397805,0.397805,5544956
1988-09-14,0.0,0.406036,0.395062,0.406036,0.406036,1248413
1988-09-15,0.0,0.406036,0.395062,0.395062,0.395062,27338
1988-09-16,0.0,0.406036,0.400549,0.406036,0.406036,464738
1988-09-19,0.0,0.400549,0.395062,0.400549,0.400549,186806
1988-09-20,0.0,0.406036,0.395062,0.406036,0.406036,779119
1988-09-21,0.0,0.406036,0.395062,0.406036,0.406036,756338
1988-09-22,0.0,0.411523,0.395062,0.411523,0.411523,651544
1988-09-23,0.0,0.422497,0.411523,0.41701,0.41701,669769
1988-09-26,0.0,0.422497,0.422497,0.422497,0.422497,4556
1988-09-27,0.0,0.422497,0.411523,0.422497,0.422497,1375988
1988-09-28,0.0,0.41701,0.411523,0.411523,0.411523,113906
1988-09-29,0.0,0.422497,0.41701,0.422497,0.422497,4346663
1988-09-30,0.0,0.427984,0.41701,0.422497,0.422497,624206
1988-10-03,0.0,0.427984,0.41701,0.41701,0.41701,182250
1988-10-04,0.0,0.41701,0.41701,0.41701,0.41701,455625
1988-10-05,0.0,0.41701,0.411523,0.41701,0.41701,9113
1988-10-06,0.0,0.419753,0.41701,0.419753,0.419753,1781494
1988-10-07,0.0,0.427984,0.41701,0.41701,0.41701,1002375
1988-10-10,0.0,0.427984,0.41701,0.427984,0.427984,883913
1988-10-11,0.0,0.433471,0.422497,0.433471,0.433471,54675
1988-10-12,0.0,0.427984,0.422497,0.422497,0.422497,1139063
1988-10-13,0.0,0.433471,0.422497,0.427984,0.427984,136688
1988-10-14,0.0,0.438957,0.433471,0.438957,0.438957,355388
1988-10-17,0.0,0.441701,0.433471,0.441701,0.441701,200475
1988-10-18,0.0,0.444444,0.438957,0.438957,0.438957,4724831
1988-10-19,0.0,0.444444,0.444444,0.444444,0.444444,168581
1988-10-20,0.0,0.449931,0.444444,0.447188,0.447188,1047938
1988-10-21,0.0,0.447188,0.444444,0.444444,0.444444,314381
1988-10-24,0.0,0.449931,0.444444,0.444444,0.444444,9113
1988-10-25,0.0,0.444444,0.422497,0.422497,0.422497,1280306
1988-10-26,0.0,0.433471,0.422497,0.422497,0.422497,91125
1988-10-27,0.0,0.422497,0.414266,0.422497,0.422497,8110125
1988-10-28,0.0,0.422497,0.422497,0.422497,0.422497,18225
1988-10-31,0.0,0.422497,0.41701,0.422497,0.422497,277931
1988-11-01,0.0,0.41701,0.400549,0.400549,0.400549,943144
1988-11-02,0.0,0.41701,0.397805,0.41701,0.41701,26107313
1988-11-03,0.0,0.41701,0.406036,0.41701,0.41701,2492269
1988-11-04,0.0,0.41701,0.411523,0.411523,0.411523,1134506
1988-11-07,0.0,0.41701,0.400549,0.400549,0.400549,1239300
1988-11-08,0.0,0.406036,0.400549,0.403292,0.403292,815569
1988-11-09,0.403292,0.403292,0.403292,0.403292,0.403292,0
1988-11-10,0.0,0.406036,0.400549,0.406036,0.406036,537638
1988-11-11,0.0,0.400549,0.400549,0.400549,0.400549,113906
1988-11-14,0.0,0.411523,0.400549,0.411523,0.411523,13669
1988-11-15,0.0,0.411523,0.400549,0.403292,0.403292,3913819
1988-11-16,0.403292,0.403292,0.403292,0.403292,0.403292,0
1988-11-17,0.0,0.411523,0.400549,0.400549,0.400549,209588
1988-11-18,0.0,0.406036,0.400549,0.406036,0.406036,492075
1988-11-21,0.0,0.406036,0.400549,0.406036,0.406036,2018419
1988-11-22,0.0,0.400549,0.400549,0.400549,0.400549,145800
1988-11-23,0.0,0.403292,0.400549,0.400549,0.400549,82013
1988-11-25,0.400549,0.400549,0.400549,0.400549,0.400549,0
1988-11-28,0.0,0.411523,0.406036,0.411523,0.411523,1617469
1988-11-29,0.0,0.411523,0.400549,0.408779,0.408779,1877175
1988-11-30,0.0,0.41701,0.406036,0.414266,0.414266,2669963
1988-12-01,0.0,0.41701,0.406036,0.406036,0.406036,2961563
1988-12-02,0.0,0.41701,0.406036,0.41701,0.41701,687994
1988-12-05,0.0,0.422497,0.422497,0.422497,0.422497,63788
1988-12-06,0.0,0.427984,0.411523,0.427984,0.427984,1977413
1988-12-07,0.0,0.427984,0.41701,0.427984,0.427984,710775
1988-12-08,0.0,0.41701,0.41701,0.41701,0.41701,31894
1988-12-09,0.0,0.41701,0.41701,0.41701,0.41701,4556
1988-12-12,0.0,0.427984,0.41701,0.41701,0.41701,236925
1988-12-13,0.0,0.427984,0.41701,0.422497,0.422497,2820319
1988-12-14,0.0,0.427984,0.41701,0.41701,0.41701,77456
1988-12-15,0.0,0.41701,0.41701,0.41701,0.41701,86569
1988-12-16,0.0,0.427984,0.41701,0.41701,0.41701,756338
1988-12-19,0.0,0.422497,0.41701,0.422497,0.422497,1872619
1988-12-20,0.0,0.427984,0.411523,0.411523,0.411523,546750
1988-12-21,0.0,0.41701,0.411523,0.41701,0.41701,150356
1988-12-22,0.0,0.41701,0.411523,0.414266,0.414266,492075
1988-12-23,0.0,0.422497,0.422497,0.422497,0.422497,27338
1988-12-27,0.0,0.422497,0.422497,0.422497,0.422497,9113
1988-12-28,0.0,0.411523,0.411523,0.411523,0.411523,27338
1988-12-29,0.0,0.422497,0.411523,0.411523,0.411523,355388
1988-12-30,0.0,0.422497,0.406036,0.414266,0.414266,1585575
1989-01-03,0.0,0.422497,0.411523,0.411523,0.411523,1849838
1989-01-04,0.0,0.422497,0.411523,0.422497,0.422497,182250
1989-01-05,0.0,0.427984,0.41701,0.41701,0.41701,4073288
1989-01-06,0.0,0.427984,0.41701,0.41701,0.41701,346275
1989-01-09,0.0,0.419753,0.41701,0.419753,0.419753,300713
1989-01-10,0.0,0.427984,0.41701,0.41701,0.41701,1512675
1989-01-11,0.0,0.427984,0.41701,0.427984,0.427984,410063
1989-01-12,0.0,0.438957,0.41701,0.438957,0.438957,4282875
1989-01-13,0.0,0.444444,0.427984,0.438957,0.438957,482963
1989-01-16,0.0,0.444444,0.438957,0.444444,0.444444,150356
1989-01-17,0.0,0.444444,0.438957,0.438957,0.438957,852019
1989-01-18,0.0,0.449931,0.438957,0.449931,0.449931,473850
1989-01-19,0.0,0.449931,0.444444,0.449931,0.449931,1749600
1989-01-20,0.0,0.455418,0.447188,0.447188,0.447188,68344
1989-01-23,0.0,0.444444,0.438957,0.444444,0.444444,50119
1989-01-24,0.0,0.441701,0.433471,0.438957,0.438957,1061606
1989-01-25,0.0,0.433471,0.427984,0.430727,0.430727,624206
1989-01-26,0.0,0.433471,0.427984,0.433471,0.433471,31894
1989-01-27,0.0,0.433471,0.427984,0.427984,0.427984,104794
1989-01-30,0.0,0.433471,0.422497,0.422497,0.422497,287044
1989-01-31,0.0,0.422497,0.408779,0.41701,0.41701,5185013
1989-02-01,0.0,0.422497,0.41701,0.41701,0.41701,5490281
1989-02-02,0.0,0.419753,0.419753,0.419753,0.419753,18225
1989-02-03,0.0,0.419753,0.41701,0.41701,0.41701,63788
1989-02-06,0.0,0.422497,0.411523,0.41701,0.41701,852019
1989-02-07,0.0,0.41701,0.392318,0.414266,0.414266,4907081
1989-02-08,0.0,0.41701,0.411523,0.411523,0.411523,838350
1989-02-09,0.0,0.41701,0.406036,0.406036,0.406036,2961563
1989-02-10,0.406036,0.406036,0.406036,0.406036,0.406036,0
1989-02-13,0.0,0.41701,0.406036,0.41701,0.41701,4168969
1989-02-14,0.0,0.427984,0.408779,0.427984,0.427984,4077844
1989-02-15,0.0,0.427984,0.422497,0.427984,0.427984,1002375
1989-02-16,0.0,0.438957,0.422497,0.438957,0.438957,7490475
1989-02-17,0.0,0.449931,0.433471,0.449931,0.449931,5426494
1989-02-21,0.0,0.455418,0.444444,0.444444,0.444444,1344094
1989-02-22,0.0,0.449931,0.438957,0.441701,0.441701,323494
1989-02-23,0.0,0.449931,0.422497,0.438957,0.438957,1877175
1989-02-24,0.0,0.422497,0.411523,0.41701,0.41701,1262081
1989-02-27,0.0,0.422497,0.422497,0.422497,0.422497,27338
1989-02-28,0.422497,0.422497,0.422497,0.422497,0.422497,0
1989-03-01,0.0,0.422497,0.41701,0.419753,0.419753,984150
1989-03-02,0.0,0.422497,0.41701,0.41701,0.41701,642431
1989-03-03,0.0,0.433471,0.41701,0.433471,0.433471,874800
1989-03-06,0.0,0.438957,0.427984,0.427984,0.427984,186806
1989-03-07,0.0,0.438957,0.427984,0.427984,0.427984,22781
1989-03-08,0.0,0.438957,0.427984,0.427984,0.427984,72900
1989-03-09,0.0,0.438957,0.427984,0.427984,0.427984,173138
1989-03-10,0.0,0.427984,0.427984,0.427984,0.427984,18225
1989-03-13,0.0,0.433471,0.427984,0.433471,0.433471,259706
1989-03-14,0.0,0.433471,0.433471,0.433471,0.433471,136688
1989-03-15,0.0,0.433471,0.427984,0.433471,0.433471,396394
1989-03-16,0.0,0.433471,0.427984,0.427984,0.427984,1098056
1989-03-17,0.0,0.433471,0.41701,0.433471,0.433471,1043381
1989-03-20,0.0,0.427984,0.41701,0.41701,0.41701,1922738
1989-03-21,0.0,0.427984,0.41701,0.41701,0.41701,27338
1989-03-22,0.0,0.41701,0.41701,0.41701,0.41701,141244
1989-03-23,0.0,0.427984,0.41701,0.41701,0.41701,765450
1989-03-27,0.0,0.41701,0.41701,0.41701,0.41701,95681
1989-03-28,0.41701,0.41701,0.41701,0.41701,0.41701,0
1989-03-29,0.0,0.427984,0.41701,0.41701,0.41701,328050
1989-03-30,0.0,0.41701,0.41701,0.41701,0.41701,45563
1989-03-31,0.0,0.427984,0.41701,0.427984,0.427984,104794
1989-04-03,0.0,0.422497,0.41701,0.419753,0.419753,956813
1989-04-04,0.0,0.427984,0.41701,0.427984,0.427984,59231
1989-04-05,0.0,0.422497,0.41701,0.41701,0.41701,287044
1989-04-06,0.0,0.427984,0.41701,0.427984,0.427984,296156
1989-04-07,0.0,0.41701,0.411523,0.411523,0.411523,291600
1989-04-10,0.0,0.422497,0.411523,0.411523,0.411523,1385100
1989-04-11,0.0,0.414266,0.411523,0.411523,0.411523,2287238
1989-04-12,0.0,0.41701,0.411523,0.411523,0.411523,132131
1989-04-13,0.0,0.411523,0.411523,0.411523,0.411523,41006
1989-04-14,0.0,0.422497,0.408779,0.41701,0.41701,5563181
1989-04-17,0.0,0.422497,0.41701,0.41701,0.41701,719888
1989-04-18,0.0,0.422497,0.41701,0.422497,0.422497,1603800
1989-04-19,0.0,0.427984,0.41701,0.427984,0.427984,164025
1989-04-20,0.0,0.422497,0.422497,0.422497,0.422497,113906
1989-04-21,0.0,0.422497,0.422497,0.422497,0.422497,63788
1989-04-24,0.0,0.427984,0.422497,0.42524,0.42524,692550
1989-04-25,0.0,0.427984,0.422497,0.427984,0.427984,255150
1989-04-26,0.0,0.438957,0.422497,0.433471,0.433471,1913625
1989-04-27,0.0,0.438957,0.433471,0.438957,0.438957,2246231
1989-04-28,0.0,0.444444,0.438957,0.438957,0.438957,6301294
1989-05-01,0.0,0.444444,0.438957,0.441701,0.441701,1002375
1989-05-02,0.0,0.444444,0.438957,0.438957,0.438957,829238
1989-05-03,0.0,0.441701,0.433471,0.438957,0.438957,797344
1989-05-04,0.0,0.441701,0.433471,0.438957,0.438957,2191556
1989-05-05,0.0,0.438957,0.433471,0.438957,0.438957,1043381
1989-05-08,0.0,0.449931,0.438957,0.449931,0.449931,3599438
1989-05-09,0.0,0.449931,0.444444,0.449931,0.449931,3544763
1989-05-10,0.0,0.449931,0.444444,0.449931,0.449931,1061606
1989-05-11,0.0,0.449931,0.444444,0.449931,0.449931,154913
1989-05-12,0.0,0.455418,0.444444,0.447188,0.447188,2619844
1989-05-15,0.0,0.455418,0.444444,0.455418,0.455418,569531
1989-05-16,0.0,0.452675,0.444444,0.444444,0.444444,432844
1989-05-17,0.0,0.466392,0.444444,0.455418,0.455418,2692744
1989-05-18,0.0,0.466392,0.455418,0.466392,0.466392,674325
1989-05-19,0.0,0.482853,0.455418,0.482853,0.482853,2392031
1989-05-22,0.0,0.48834,0.477366,0.48834,0.48834,1827056
1989-05-23,0.0,0.493827,0.477366,0.493827,0.493827,756338
1989-05-24,0.0,0.493827,0.477366,0.482853,0.482853,6187388
1989-05-25,0.0,0.48834,0.482853,0.485597,0.485597,2934225
1989-05-26,0.0,0.48834,0.477366,0.477366,0.477366,91125
1989-05-30,0.0,0.48834,0.477366,0.477366,0.477366,487519
1989-05-31,0.0,0.48834,0.477366,0.48834,0.48834,1139063
1989-06-01,0.0,0.493827,0.482853,0.493827,0.493827,842906
1989-06-02,0.0,0.499314,0.482853,0.499314,0.499314,2259900
1989-06-05,0.0,0.521262,0.504801,0.510288,0.510288,842906
1989-06-06,0.0,0.521262,0.510288,0.510288,0.510288,1435219
1989-06-07,0.0,0.521262,0.510288,0.521262,0.521262,305269
1989-06-08,0.0,0.532236,0.510288,0.521262,0.521262,1767825
1989-06-09,0.0,0.521262,0.515775,0.515775,0.515775,847463
1989-06-12,0.0,0.521262,0.515775,0.515775,0.515775,2173331
1989-06-13,0.0,0.521262,0.504801,0.504801,0.504801,1426106
1989-06-14,0.0,0.510288,0.504801,0.504801,0.504801,3016238
1989-06-15,0.0,0.515775,0.504801,0.515775,0.515775,473850
1989-06-16,0.515775,0.515775,0.515775,0.515775,0.515775,0
1989-06-19,0.0,0.515775,0.504801,0.504801,0.504801,847463
1989-06-20,0.0,0.510288,0.502058,0.504801,0.504801,5435606
1989-06-21,0.0,0.515775,0.504801,0.504801,0.504801,2013863
1989-06-22,0.0,0.515775,0.504801,0.504801,0.504801,2123213
1989-06-23,0.0,0.510288,0.499314,0.499314,0.499314,6647569
1989-06-26,0.0,0.507545,0.493827,0.493827,0.493827,797344
1989-06-27,0.0,0.504801,0.493827,0.493827,0.493827,396394
1989-06-28,0.0,0.504801,0.493827,0.499314,0.499314,168581
1989-06-29,0.0,0.48834,0.477366,0.482853,0.482853,1052494
1989-06-30,0.0,0.482853,0.471879,0.471879,0.471879,1749600
1989-07-03,0.0,0.482853,0.471879,0.477366,0.477366,100238
1989-07-05,0.0,0.482853,0.477366,0.482853,0.482853,36450
1989-07-06,0.0,0.482853,0.477366,0.482853,0.482853,118463
1989-07-07,0.0,0.48834,0.477366,0.48834,0.48834,423731
1989-07-10,0.0,0.477366,0.477366,0.477366,0.477366,9113
1989-07-11,0.0,0.499314,0.477366,0.499314,0.499314,683438
1989-07-12,0.0,0.499314,0.499314,0.499314,0.499314,9113
1989-07-13,0.0,0.48834,0.48834,0.48834,0.48834,18225
1989-07-14,0.0,0.499314,0.48834,0.499314,0.499314,309825
1989-07-17,0.0,0.504801,0.493827,0.499314,0.499314,833794
1989-07-18,0.0,0.504801,0.499314,0.499314,0.499314,205031
1989-07-19,0.0,0.510288,0.499314,0.499314,0.499314,665213
1989-07-20,0.0,0.510288,0.499314,0.510288,0.510288,186806
1989-07-21,0.0,0.510288,0.499314,0.499314,0.499314,100238
1989-07-24,0.0,0.510288,0.499314,0.510288,0.510288,1193738
1989-07-25,0.0,0.532236,0.499314,0.526749,0.526749,3704231
1989-07-26,0.0,0.537723,0.532236,0.537723,0.537723,801900
1989-07-27,0.0,0.54321,0.532236,0.532236,0.532236,770006
1989-07-28,0.0,0.54321,0.532236,0.532236,0.532236,309825
1989-07-31,0.0,0.537723,0.526749,0.537723,0.537723,1321313
1989-08-01,0.0,0.532236,0.526749,0.526749,0.526749,241481
1989-08-02,0.0,0.532236,0.526749,0.526749,0.526749,95681
1989-08-03,0.0,0.537723,0.526749,0.537723,0.537723,255150
1989-08-04,0.0,0.532236,0.526749,0.532236,0.532236,50119
1989-08-07,0.0,0.532236,0.526749,0.526749,0.526749,2273569
1989-08-08,0.0,0.532236,0.526749,0.526749,0.526749,578644
1989-08-09,0.0,0.532236,0.521262,0.526749,0.526749,1626581
1989-08-10,0.0,0.526749,0.515775,0.526749,0.526749,332606
1989-08-11,0.0,0.526749,0.510288,0.510288,0.510288,218700
1989-08-14,0.0,0.515775,0.510288,0.515775,0.515775,173138
1989-08-15,0.0,0.521262,0.510288,0.521262,0.521262,63788
1989-08-16,0.0,0.515775,0.504801,0.504801,0.504801,469294
1989-08-17,0.0,0.515775,0.499314,0.499314,0.499314,168581
1989-08-18,0.0,0.504801,0.504801,0.504801,0.504801,41006
1989-08-21,0.0,0.504801,0.499314,0.504801,0.504801,1093500
1989-08-22,0.0,0.515775,0.502058,0.510288,0.510288,1371431
1989-08-23,0.0,0.526749,0.504801,0.526749,0.526749,687994
1989-08-24,0.0,0.529492,0.515775,0.524005,0.524005,1334981
1989-08-25,0.0,0.526749,0.521262,0.526749,0.526749,77456
1989-08-28,0.0,0.526749,0.521262,0.521262,0.521262,91125
1989-08-29,0.0,0.526749,0.510288,0.510288,0.510288,596869
1989-08-30,0.0,0.521262,0.510288,0.521262,0.521262,378169
1989-08-31,0.0,0.521262,0.515775,0.515775,0.515775,583200
1989-09-01,0.0,0.521262,0.515775,0.521262,0.521262,1699481
1989-09-05,0.0,0.521262,0.515775,0.518519,0.518519,341719
1989-09-06,0.0,0.521262,0.510288,0.510288,0.510288,145800
1989-09-07,0.0,0.510288,0.510288,0.510288,0.510288,36450
1989-09-08,0.0,0.521262,0.510288,0.510288,0.510288,118463
1989-09-11,0.0,0.515775,0.504801,0.504801,0.504801,428288
1989-09-12,0.0,0.515775,0.504801,0.510288,0.510288,2865881
1989-09-13,0.0,0.521262,0.510288,0.521262,0.521262,5207794
1989-09-14,0.0,0.521262,0.521262,0.521262,0.521262,27338
1989-09-15,0.0,0.515775,0.515775,0.515775,0.515775,4556
1989-09-18,0.0,0.521262,0.515775,0.515775,0.515775,920363
1989-09-19,0.0,0.526749,0.518519,0.521262,0.521262,6729581
1989-09-20,0.0,0.526749,0.521262,0.521262,0.521262,1749600
1989-09-21,0.0,0.521262,0.510288,0.510288,0.510288,1808831
1989-09-22,0.0,0.521262,0.510288,0.510288,0.510288,113906
1989-09-25,0.0,0.521262,0.510288,0.510288,0.510288,437400
1989-09-26,0.0,0.515775,0.504801,0.510288,0.510288,154913
1989-09-27,0.0,0.510288,0.499314,0.499314,0.499314,806456
1989-09-28,0.0,0.510288,0.510288,0.510288,0.510288,9113
1989-09-29,0.0,0.499314,0.499314,0.499314,0.499314,9113
1989-10-02,0.0,0.510288,0.499314,0.510288,0.510288,136688
1989-10-03,0.0,0.510288,0.499314,0.504801,0.504801,2255344
1989-10-04,0.0,0.510288,0.499314,0.504801,0.504801,1034269
1989-10-05,0.0,0.510288,0.504801,0.507545,0.507545,2697300
1989-10-06,0.0,0.521262,0.510288,0.515775,0.515775,1804275
1989-10-09,0.0,0.521262,0.518519,0.521262,0.521262,1284863
1989-10-10,0.0,0.521262,0.518519,0.518519,0.518519,2300906
1989-10-11,0.0,0.515775,0.515775,0.515775,0.515775,22781
1989-10-12,0.0,0.526749,0.515775,0.521262,0.521262,68344
1989-10-13,0.0,0.521262,0.515775,0.515775,0.515775,95681
1989-10-16,0.0,0.502058,0.48834,0.499314,0.499314,1198294
1989-10-17,0.0,0.499314,0.493827,0.499314,0.499314,574088
1989-10-18,0.0,0.499314,0.499314,0.499314,0.499314,59231
1989-10-19,0.0,0.504801,0.493827,0.493827,0.493827,1166400
1989-10-20,0.0,0.48834,0.466392,0.471879,0.471879,1166400
1989-10-23,0.0,0.482853,0.455418,0.466392,0.466392,22325625
1989-10-24,0.0,0.466392,0.455418,0.460905,0.460905,1840725
1989-10-25,0.0,0.466392,0.460905,0.466392,0.466392,123019
1989-10-26,0.0,0.466392,0.460905,0.460905,0.460905,287044
1989-10-27,0.0,0.466392,0.460905,0.466392,0.466392,587756
1989-10-30,0.0,0.471879,0.460905,0.466392,0.466392,460181
1989-10-31,0.0,0.482853,0.471879,0.482853,0.482853,323494
1989-11-01,0.0,0.482853,0.471879,0.471879,0.471879,123019
1989-11-02,0.0,0.477366,0.471879,0.477366,0.477366,205031
1989-11-03,0.0,0.477366,0.466392,0.471879,0.471879,915806
1989-11-06,0.0,0.482853,0.466392,0.466392,0.466392,59231
1989-11-07,0.0,0.466392,0.466392,0.466392,0.466392,27338
1989-11-08,0.0,0.499314,0.471879,0.499314,0.499314,1854394
1989-11-09,0.0,0.496571,0.482853,0.482853,0.482853,1070719
1989-11-10,0.0,0.48834,0.48834,0.48834,0.48834,236925
1989-11-13,0.0,0.482853,0.477366,0.477366,0.477366,341719
1989-11-14,0.0,0.48834,0.477366,0.48834,0.48834,1166400
1989-11-15,0.0,0.482853,0.477366,0.477366,0.477366,915806
1989-11-16,0.0,0.48834,0.482853,0.482853,0.482853,938588
1989-11-17,0.0,0.477366,0.474623,0.477366,0.477366,1211963
1989-11-20,0.0,0.48834,0.477366,0.477366,0.477366,18225
1989-11-21,0.0,0.48834,0.477366,0.48834,0.48834,182250
1989-11-22,0.0,0.477366,0.477366,0.477366,0.477366,4556
1989-11-24,0.0,0.477366,0.477366,0.477366,0.477366,4556
1989-11-27,0.0,0.48834,0.477366,0.477366,0.477366,123019
1989-11-28,0.0,0.48834,0.477366,0.477366,0.477366,59231
1989-11-29,0.0,0.48834,0.477366,0.477366,0.477366,624206
1989-11-30,0.0,0.482853,0.477366,0.477366,0.477366,1713150
1989-12-01,0.0,0.477366,0.477366,0.477366,0.477366,45563
1989-12-04,0.0,0.493827,0.48834,0.493827,0.493827,587756
1989-12-05,0.0,0.499314,0.48834,0.493827,0.493827,391838
1989-12-06,0.0,0.510288,0.493827,0.510288,0.510288,423731
1989-12-07,0.0,0.510288,0.504801,0.510288,0.510288,1271194
1989-12-08,0.0,0.510288,0.499314,0.504801,0.504801,2205225
1989-12-11,0.0,0.504801,0.504801,0.504801,0.504801,282488
1989-12-12,0.0,0.507545,0.504801,0.504801,0.504801,277931
1989-12-13,0.0,0.504801,0.499314,0.499314,0.499314,54675
1989-12-14,0.0,0.493827,0.493827,0.493827,0.493827,191363
1989-12-15,0.0,0.499314,0.493827,0.493827,0.493827,956813
1989-12-18,0.0,0.499314,0.48834,0.493827,0.493827,3877369
1989-12-19,0.0,0.493827,0.482853,0.491084,0.491084,1025156
1989-12-20,0.0,0.493827,0.482853,0.482853,0.482853,227813
1989-12-21,0.0,0.482853,0.482853,0.482853,0.482853,264263
1989-12-22,0.0,0.48834,0.485597,0.485597,0.485597,473850
1989-12-26,0.485597,0.485597,0.485597,0.485597,0.485597,0
1989-12-27,0.0,0.482853,0.482853,0.482853,0.482853,332606
1989-12-28,0.0,0.48834,0.471879,0.471879,0.471879,446513
1989-12-29,0.0,0.477366,0.460905,0.477366,0.477366,1599244
1990-01-02,0.0,0.477366,0.466392,0.471879,0.471879,441956
1990-01-03,0.0,0.48834,0.477366,0.482853,0.482853,1325869
1990-01-04,0.0,0.499314,0.482853,0.493827,0.493827,665213
1990-01-05,0.0,0.499314,0.493827,0.499314,0.499314,441956
1990-01-08,0.0,0.499314,0.493827,0.499314,0.499314,391838
1990-01-09,0.0,0.510288,0.493827,0.504801,0.504801,7203431
1990-01-10,0.0,0.510288,0.499314,0.504801,0.504801,4050506
1990-01-11,0.0,0.510288,0.499314,0.499314,0.499314,1020600
1990-01-12,0.0,0.504801,0.493827,0.493827,0.493827,1899956
1990-01-15,0.0,0.499314,0.493827,0.493827,0.493827,464738
1990-01-16,0.0,0.499314,0.493827,0.493827,0.493827,255150
1990-01-17,0.0,0.502058,0.493827,0.493827,0.493827,2205225
1990-01-18,0.0,0.510288,0.493827,0.499314,0.499314,1476225
1990-01-19,0.0,0.510288,0.499314,0.499314,0.499314,3020794
1990-01-22,0.0,0.504801,0.499314,0.499314,0.499314,464738
1990-01-23,0.0,0.493827,0.474623,0.48834,0.48834,2123213
1990-01-24,0.0,0.474623,0.460905,0.471879,0.471879,1129950
1990-01-25,0.0,0.482853,0.466392,0.482853,0.482853,45563
1990-01-26,0.0,0.466392,0.466392,0.466392,0.466392,13669
1990-01-29,0.0,0.466392,0.466392,0.466392,0.466392,18225
1990-01-30,0.0,0.466392,0.455418,0.458162,0.458162,9071494
1990-01-31,0.0,0.466392,0.455418,0.455418,0.455418,214144
1990-02-01,0.0,0.460905,0.449931,0.455418,0.455418,3098250
1990-02-02,0.0,0.455418,0.449931,0.449931,0.449931,387281
1990-02-05,0.0,0.455418,0.449931,0.455418,0.455418,3326063
1990-02-06,0.0,0.455418,0.455418,0.455418,0.455418,95681
1990-02-07,0.0,0.460905,0.449931,0.449931,0.449931,2123213
1990-02-08,0.0,0.449931,0.449931,0.449931,0.449931,136688
1990-02-09,0.0,0.455418,0.444444,0.447188,0.447188,4118850
1990-02-12,0.447188,0.447188,0.447188,0.447188,0.447188,0
1990-02-13,0.0,0.455418,0.447188,0.455418,0.455418,1029713
1990-02-14,0.0,0.460905,0.455418,0.455418,0.455418,241481
1990-02-15,0.0,0.460905,0.460905,0.460905,0.460905,72900
1990-02-16,0.0,0.466392,0.455418,0.460905,0.460905,619650
1990-02-20,0.0,0.466392,0.455418,0.455418,0.455418,18225
1990-02-21,0.0,0.460905,0.455418,0.460905,0.460905,164025
1990-02-22,0.460905,0.460905,0.460905,0.460905,0.460905,0
1990-02-23,0.0,0.460905,0.455418,0.455418,0.455418,1180069
1990-02-26,0.0,0.458162,0.458162,0.458162,0.458162,123019
1990-02-27,0.458162,0.458162,0.458162,0.458162,0.458162,0
1990-02-28,0.0,0.460905,0.455418,0.455418,0.455418,487519
1990-03-01,0.0,0.460905,0.455418,0.460905,0.460905,100238
1990-03-02,0.0,0.460905,0.449931,0.449931,0.449931,1471669
1990-03-05,0.0,0.460905,0.449931,0.452675,0.452675,1603800
1990-03-06,0.0,0.460905,0.449931,0.449931,0.449931,1088944
1990-03-07,0.0,0.460905,0.449931,0.455418,0.455418,255150
1990-03-08,0.0,0.460905,0.455418,0.460905,0.460905,1120838
1990-03-09,0.0,0.471879,0.460905,0.460905,0.460905,478406
1990-03-12,0.0,0.48834,0.460905,0.477366,0.477366,651544
1990-03-13,0.0,0.48834,0.477366,0.477366,0.477366,3777131
1990-03-14,0.0,0.48834,0.477366,0.48834,0.48834,469294
1990-03-15,0.0,0.48834,0.477366,0.48834,0.48834,1704038
1990-03-16,0.0,0.48834,0.477366,0.485597,0.485597,697106
1990-03-19,0.0,0.493827,0.482853,0.48834,0.48834,268819
1990-03-20,0.0,0.493827,0.482853,0.482853,0.482853,1239300
1990-03-21,0.0,0.48834,0.477366,0.477366,0.477366,678881
1990-03-22,0.0,0.48834,0.477366,0.477366,0.477366,173138
1990-03-23,0.477366,0.477366,0.477366,0.477366,0.477366,0
1990-03-26,0.48834,0.48834,0.477366,0.482853,0.482853,1116281
1990-03-27,0.477366,0.482853,0.477366,0.482853,0.482853,287044
1990-03-28,0.477366,0.48834,0.477366,0.477366,0.477366,943144
1990-03-29,0.477366,0.482853,0.477366,0.482853,0.482853,150356
1990-03-30,0.48834,0.48834,0.477366,0.482853,0.482853,446513
1990-04-02,0.482853,0.482853,0.482853,0.482853,0.482853,72900
1990-04-03,0.48834,0.48834,0.477366,0.482853,0.482853,437400
1990-04-04,0.48834,0.48834,0.485597,0.48834,0.48834,373613
1990-04-05,0.482853,0.48834,0.482853,0.48834,0.48834,419175
1990-04-06,0.48834,0.48834,0.474623,0.482853,0.482853,4237313
1990-04-09,0.48834,0.48834,0.477366,0.477366,0.477366,1430663
1990-04-10,0.477366,0.482853,0.471879,0.482853,0.482853,373613
1990-04-11,0.482853,0.482853,0.471879,0.471879,0.471879,282488
1990-04-12,0.482853,0.482853,0.471879,0.482853,0.482853,123019
1990-04-16,0.482853,0.48834,0.477366,0.482853,0.482853,1599244
1990-04-17,0.482853,0.482853,0.477366,0.482853,0.482853,255150
1990-04-18,0.482853,0.48834,0.482853,0.48834,0.48834,104794
1990-04-19,0.48834,0.499314,0.482853,0.48834,0.48834,1084388
1990-04-20,0.48834,0.493827,0.48834,0.48834,0.48834,870244
1990-04-23,0.48834,0.48834,0.482853,0.482853,0.482853,838350
1990-04-24,0.482853,0.48834,0.477366,0.485597,0.485597,2291794
1990-04-25,0.477366,0.48834,0.477366,0.482853,0.482853,1622025
1990-04-26,0.48834,0.48834,0.482853,0.48834,0.48834,2756531
1990-04-27,0.482853,0.48834,0.482853,0.48834,0.48834,54675
1990-04-30,0.482853,0.48834,0.482853,0.48834,0.48834,569531
1990-05-01,0.48834,0.48834,0.482853,0.482853,0.482853,255150
1990-05-02,0.48834,0.499314,0.482853,0.48834,0.48834,756338
1990-05-03,0.499314,0.510288,0.493827,0.499314,0.499314,460181
1990-05-04,0.510288,0.510288,0.499314,0.504801,0.504801,1079831
1990-05-07,0.499314,0.510288,0.499314,0.499314,0.499314,1298531
1990-05-08,0.499314,0.507545,0.499314,0.507545,0.507545,1426106
1990-05-09,0.499314,0.515775,0.499314,0.515775,0.515775,2214338
1990-05-10,0.515775,0.515775,0.504801,0.504801,0.504801,282488
1990-05-11,0.504801,0.521262,0.504801,0.521262,0.521262,423731
1990-05-14,0.521262,0.521262,0.510288,0.510288,0.510288,1371431
1990-05-15,0.510288,0.521262,0.510288,0.515775,0.515775,751781
1990-05-16,0.521262,0.521262,0.510288,0.521262,0.521262,350831
1990-05-17,0.510288,0.521262,0.510288,0.521262,0.521262,100238
1990-05-18,0.510288,0.515775,0.510288,0.510288,0.510288,865688
1990-05-21,0.510288,0.521262,0.510288,0.513032,0.513032,883913
1990-05-22,0.510288,0.521262,0.510288,0.518519,0.518519,1581019
1990-05-23,0.515775,0.526749,0.515775,0.521262,0.521262,200475
1990-05-24,0.524005,0.526749,0.521262,0.526749,0.526749,1722263
1990-05-25,0.521262,0.521262,0.515775,0.515775,0.515775,109350
1990-05-29,0.526749,0.537723,0.521262,0.537723,0.537723,2018419
1990-05-30,0.537723,0.537723,0.521262,0.532236,0.532236,915806
1990-05-31,0.526749,0.529492,0.521262,0.521262,0.521262,660656
1990-06-01,0.526749,0.537723,0.521262,0.526749,0.526749,5148563
1990-06-04,0.537723,0.537723,0.521262,0.526749,0.526749,979594
1990-06-05,0.532236,0.537723,0.521262,0.524005,0.524005,3070913
1990-06-06,0.532236,0.532236,0.521262,0.524005,0.524005,1248413
1990-06-07,0.532236,0.532236,0.526749,0.529492,0.529492,1366875
1990-06-08,0.521262,0.532236,0.521262,0.532236,0.532236,113906
1990-06-11,0.521262,0.54321,0.521262,0.526749,0.526749,2077650
1990-06-12,0.537723,0.537723,0.532236,0.537723,0.537723,446513
1990-06-13,0.532236,0.548697,0.532236,0.534979,0.534979,970481
1990-06-14,0.548697,0.554184,0.532236,0.548697,0.548697,2004750
1990-06-15,0.559671,0.587106,0.559671,0.581619,0.581619,1845281
1990-06-18,0.631001,0.663923,0.625514,0.644719,0.644719,18152100
1990-06-19,0.652949,0.652949,0.61454,0.636488,0.636488,5535844
1990-06-20,0.625514,0.636488,0.625514,0.636488,0.636488,8761669
1990-06-21,0.636488,0.636488,0.620027,0.625514,0.625514,4633706
1990-06-22,0.620027,0.631001,0.620027,0.620027,0.620027,3731569
1990-06-25,0.631001,0.631001,0.609053,0.609053,0.609053,1170956
1990-06-26,0.641975,0.658436,0.620027,0.655693,0.655693,16060781
1990-06-27,0.650206,0.658436,0.625514,0.633745,0.633745,15336338
1990-06-28,0.636488,0.641975,0.631001,0.641975,0.641975,2756531
1990-06-29,0.641975,0.641975,0.510288,0.537723,0.537723,26016188
1990-07-02,0.537723,0.554184,0.537723,0.554184,0.554184,8784450
1990-07-03,0.554184,0.554184,0.545953,0.554184,0.554184,865688
1990-07-05,0.554184,0.570645,0.545953,0.562414,0.562414,1116281
1990-07-06,0.570645,0.570645,0.559671,0.567901,0.567901,842906
1990-07-09,0.565158,0.570645,0.559671,0.567901,0.567901,6469875
1990-07-10,0.576132,0.581619,0.567901,0.573388,0.573388,1827056
1990-07-11,0.573388,0.589849,0.573388,0.584362,0.584362,970481
1990-07-12,0.592593,0.59808,0.587106,0.59808,0.59808,455625
1990-07-13,0.600823,0.603567,0.592593,0.600823,0.600823,1758713
1990-07-16,0.592593,0.592593,0.592593,0.592593,0.592593,136688
1990-07-17,0.592593,0.59808,0.592593,0.592593,0.592593,2615288
1990-07-18,0.592593,0.592593,0.587106,0.587106,0.587106,2351025
1990-07-19,0.587106,0.587106,0.584362,0.584362,0.584362,182250
1990-07-20,0.578875,0.587106,0.578875,0.581619,0.581619,2460375
1990-07-23,0.578875,0.581619,0.562414,0.570645,0.570645,1927294
1990-07-24,0.570645,0.570645,0.559671,0.570645,0.570645,2063981
1990-07-25,0.570645,0.570645,0.556927,0.556927,0.556927,1804275
1990-07-26,0.554184,0.565158,0.554184,0.565158,0.565158,113906
1990-07-27,0.554184,0.562414,0.554184,0.562414,0.562414,1426106
1990-07-30,0.554184,0.554184,0.554184,0.554184,0.554184,36450
1990-07-31,0.554184,0.559671,0.548697,0.548697,0.548697,72900
1990-08-01,0.554184,0.556927,0.548697,0.554184,0.554184,492075
1990-08-02,0.548697,0.548697,0.529492,0.529492,0.529492,665213
1990-08-03,0.529492,0.532236,0.504801,0.504801,0.504801,1216519
1990-08-06,0.504801,0.507545,0.499314,0.499314,0.499314,2633513
1990-08-07,0.515775,0.521262,0.507545,0.521262,0.521262,2218894
1990-08-08,0.532236,0.537723,0.521262,0.532236,0.532236,865688
1990-08-09,0.537723,0.537723,0.526749,0.526749,0.526749,150356
1990-08-10,0.54321,0.54321,0.526749,0.54321,0.54321,72900
1990-08-13,0.526749,0.54321,0.526749,0.529492,0.529492,2460375
1990-08-14,0.529492,0.534979,0.526749,0.532236,0.532236,842906
1990-08-15,0.537723,0.537723,0.526749,0.537723,0.537723,487519
1990-08-16,0.526749,0.532236,0.515775,0.515775,0.515775,797344
1990-08-17,0.521262,0.526749,0.515775,0.515775,0.515775,1061606
1990-08-20,0.532236,0.532236,0.521262,0.532236,0.532236,729000
1990-08-21,0.521262,0.532236,0.510288,0.510288,0.510288,1740488
1990-08-22,0.510288,0.515775,0.504801,0.504801,0.504801,965925
1990-08-23,0.493827,0.504801,0.482853,0.491084,0.491084,396394
1990-08-24,0.504801,0.504801,0.493827,0.499314,0.499314,1093500
1990-08-27,0.510288,0.510288,0.493827,0.510288,0.510288,1489894
1990-08-28,0.499314,0.504801,0.499314,0.502058,0.502058,205031
1990-08-29,0.502058,0.510288,0.499314,0.510288,0.510288,2715525
1990-08-30,0.499314,0.504801,0.499314,0.499314,0.499314,1006931
1990-08-31,0.504801,0.510288,0.499314,0.510288,0.510288,1057050
1990-09-04,0.499314,0.499314,0.499314,0.499314,0.499314,113906
1990-09-05,0.504801,0.504801,0.493827,0.504801,0.504801,510300
1990-09-06,0.493827,0.504801,0.493827,0.493827,0.493827,469294
1990-09-07,0.493827,0.504801,0.493827,0.493827,0.493827,473850
1990-09-10,0.504801,0.504801,0.485597,0.493827,0.493827,14302069
1990-09-11,0.493827,0.499314,0.482853,0.482853,0.482853,883913
1990-09-12,0.482853,0.482853,0.482853,0.482853,0.482853,4556
1990-09-13,0.482853,0.48834,0.482853,0.482853,0.482853,555863
1990-09-14,0.477366,0.48834,0.466392,0.466392,0.466392,1029713
1990-09-17,0.466392,0.471879,0.466392,0.466392,0.466392,2246231
1990-09-18,0.477366,0.477366,0.466392,0.466392,0.466392,1348650
1990-09-19,0.477366,0.477366,0.466392,0.477366,0.477366,91125
1990-09-20,0.477366,0.477366,0.466392,0.477366,0.477366,223256
1990-09-21,0.477366,0.477366,0.477366,0.477366,0.477366,13669
1990-09-24,0.466392,0.471879,0.455418,0.455418,0.455418,159469
1990-09-25,0.471879,0.471879,0.455418,0.466392,0.466392,1084388
1990-09-26,0.455418,0.455418,0.455418,0.455418,0.455418,77456
1990-09-27,0.455418,0.455418,0.444444,0.444444,0.444444,687994
1990-09-28,0.433471,0.444444,0.422497,0.438957,0.438957,1872619
1990-10-01,0.444444,0.444444,0.433471,0.444444,0.444444,729000
1990-10-02,0.449931,0.482853,0.444444,0.471879,0.471879,5508506
1990-10-03,0.477366,0.477366,0.455418,0.455418,0.455418,765450
1990-10-04,0.471879,0.471879,0.455418,0.458162,0.458162,355388
1990-10-05,0.455418,0.460905,0.449931,0.458162,0.458162,642431
1990-10-08,0.449931,0.466392,0.449931,0.466392,0.466392,756338
1990-10-09,0.458162,0.466392,0.455418,0.466392,0.466392,1426106
1990-10-10,0.455418,0.466392,0.455418,0.460905,0.460905,811013
1990-10-11,0.466392,0.466392,0.466392,0.466392,0.466392,13669
1990-10-12,0.463649,0.463649,0.463649,0.463649,0.463649,22781
1990-10-15,0.471879,0.474623,0.471879,0.474623,0.474623,246038
1990-10-16,0.460905,0.477366,0.460905,0.460905,0.460905,159469
1990-10-17,0.460905,0.477366,0.460905,0.477366,0.477366,68344
1990-10-18,0.471879,0.482853,0.471879,0.477366,0.477366,405506
1990-10-19,0.482853,0.504801,0.482853,0.499314,0.499314,300713
1990-10-22,0.521262,0.521262,0.507545,0.521262,0.521262,127575
1990-10-23,0.515775,0.521262,0.504801,0.513032,0.513032,496631
1990-10-24,0.510288,0.526749,0.510288,0.526749,0.526749,77456
1990-10-25,0.515775,0.526749,0.510288,0.510288,0.510288,446513
1990-10-26,0.513032,0.513032,0.510288,0.510288,0.510288,50119
1990-10-29,0.515775,0.532236,0.515775,0.526749,0.526749,464738
1990-10-30,0.521262,0.526749,0.521262,0.521262,0.521262,218700
1990-10-31,0.521262,0.532236,0.521262,0.524005,0.524005,2341913
1990-11-01,0.521262,0.526749,0.521262,0.524005,0.524005,956813
1990-11-02,0.532236,0.54321,0.521262,0.54321,0.54321,533081
1990-11-05,0.526749,0.537723,0.526749,0.526749,0.526749,446513
1990-11-06,0.521262,0.529492,0.521262,0.524005,0.524005,3654113
1990-11-07,0.529492,0.532236,0.521262,0.521262,0.521262,2496825
1990-11-08,0.532236,0.532236,0.532236,0.532236,0.532236,18225
1990-11-09,0.532236,0.532236,0.521262,0.521262,0.521262,50119
1990-11-12,0.521262,0.521262,0.521262,0.521262,0.521262,54675
1990-11-13,0.532236,0.532236,0.532236,0.532236,0.532236,45563
1990-11-14,0.54321,0.54321,0.526749,0.526749,0.526749,104794
1990-11-15,0.526749,0.545953,0.526749,0.537723,0.537723,4045950
1990-11-16,0.548697,0.548697,0.526749,0.526749,0.526749,77456
1990-11-19,0.532236,0.548697,0.532236,0.548697,0.548697,1143619
1990-11-20,0.548697,0.559671,0.548697,0.554184,0.554184,4301100
1990-11-21,0.556927,0.562414,0.554184,0.559671,0.559671,3221269
1990-11-23,0.565158,0.570645,0.559671,0.559671,0.559671,2050313
1990-11-26,0.570645,0.570645,0.559671,0.559671,0.559671,195919
1990-11-27,0.570645,0.587106,0.570645,0.584362,0.584362,4715719
1990-11-28,0.592593,0.603567,0.587106,0.603567,0.603567,642431
1990-11-29,0.592593,0.603567,0.592593,0.603567,0.603567,2410256
1990-11-30,0.587106,0.603567,0.587106,0.603567,0.603567,1954631
1990-12-03,0.603567,0.609053,0.587106,0.609053,0.609053,95681
1990-12-04,0.587106,0.609053,0.587106,0.59808,0.59808,268819
1990-12-05,0.609053,0.609053,0.603567,0.603567,0.603567,692550
1990-12-06,0.620027,0.620027,0.609053,0.61454,0.61454,1252969
1990-12-07,0.617284,0.625514,0.609053,0.609053,0.609053,1198294
1990-12-10,0.625514,0.631001,0.609053,0.631001,0.631001,2451263
1990-12-11,0.631001,0.631001,0.620027,0.620027,0.620027,455625
1990-12-12,0.620027,0.631001,0.620027,0.631001,0.631001,359944
1990-12-13,0.625514,0.631001,0.620027,0.631001,0.631001,1576463
1990-12-14,0.631001,0.631001,0.61454,0.620027,0.620027,1521788
1990-12-17,0.609053,0.61454,0.59808,0.60631,0.60631,1025156
1990-12-18,0.620027,0.633745,0.609053,0.631001,0.631001,4551694
1990-12-19,0.641975,0.641975,0.625514,0.625514,0.625514,4073288
1990-12-20,0.625514,0.652949,0.625514,0.652949,0.652949,2788425
1990-12-21,0.652949,0.658436,0.641975,0.658436,0.658436,2647181
1990-12-24,0.641975,0.658436,0.641975,0.658436,0.658436,232369
1990-12-26,0.658436,0.658436,0.647462,0.647462,0.647462,200475
1990-12-27,0.647462,0.663923,0.647462,0.663923,0.663923,400950
1990-12-28,0.663923,0.663923,0.647462,0.663923,0.663923,341719
1990-12-31,0.647462,0.683128,0.647462,0.683128,0.683128,1407881
1991-01-02,0.663923,0.66941,0.641975,0.647462,0.647462,4875188
1991-01-03,0.641975,0.644719,0.631001,0.636488,0.636488,865688
1991-01-04,0.636488,0.641975,0.620027,0.639232,0.639232,2205225
1991-01-07,0.620027,0.633745,0.609053,0.61454,0.61454,1312200
1991-01-08,0.609053,0.625514,0.609053,0.609053,0.609053,792788
1991-01-09,0.61454,0.631001,0.61454,0.622771,0.622771,3330619
1991-01-10,0.625514,0.625514,0.609053,0.61454,0.61454,59231
1991-01-11,0.609053,0.620027,0.609053,0.620027,0.620027,36450
1991-01-14,0.59808,0.61454,0.592593,0.61454,0.61454,3631331
1991-01-15,0.59808,0.625514,0.59808,0.620027,0.620027,496631
1991-01-16,0.620027,0.641975,0.620027,0.641975,0.641975,451069
1991-01-17,0.652949,0.674897,0.652949,0.658436,0.658436,8971256
1991-01-18,0.647462,0.663923,0.647462,0.647462,0.647462,396394
1991-01-21,0.663923,0.663923,0.647462,0.658436,0.658436,132131
1991-01-22,0.658436,0.658436,0.658436,0.658436,0.658436,145800
1991-01-23,0.658436,0.658436,0.641975,0.644719,0.644719,91125
1991-01-24,0.641975,0.674897,0.641975,0.674897,0.674897,1950075
1991-01-25,0.663923,0.674897,0.658436,0.674897,0.674897,1211963
1991-01-28,0.674897,0.674897,0.658436,0.658436,0.658436,332606
1991-01-29,0.663923,0.677641,0.663923,0.663923,0.663923,4342106
1991-01-30,0.663923,0.674897,0.663923,0.663923,0.663923,1817944
1991-01-31,0.674897,0.674897,0.658436,0.674897,0.674897,328050
1991-02-01,0.680384,0.718793,0.666667,0.718793,0.718793,8834569
1991-02-04,0.729767,0.735254,0.718793,0.72428,0.72428,5257913
1991-02-05,0.72428,0.735254,0.72428,0.72428,0.72428,3348844
1991-02-06,0.727023,0.729767,0.680384,0.696845,0.696845,6396975
1991-02-07,0.680384,0.702332,0.680384,0.702332,0.702332,3886481
1991-02-08,0.702332,0.702332,0.680384,0.702332,0.702332,300713
1991-02-11,0.688615,0.713306,0.685871,0.713306,0.713306,3353400
1991-02-12,0.696845,0.713306,0.696845,0.707819,0.707819,173138
1991-02-13,0.718793,0.72428,0.707819,0.72428,0.72428,1754156
1991-02-14,0.729767,0.735254,0.718793,0.735254,0.735254,8652319
1991-02-15,0.735254,0.735254,0.718793,0.72428,0.72428,842906
1991-02-19,0.718793,0.735254,0.718793,0.735254,0.735254,1763269
1991-02-20,0.735254,0.735254,0.72428,0.72428,0.72428,833794
1991-02-21,0.72428,0.735254,0.72428,0.735254,0.735254,91125
1991-02-22,0.735254,0.735254,0.72428,0.729767,0.729767,692550
1991-02-25,0.740741,0.740741,0.72428,0.72428,0.72428,177694
1991-02-26,0.72428,0.768176,0.72428,0.748971,0.748971,1731375
1991-02-27,0.762689,0.762689,0.746228,0.751715,0.751715,1293975
1991-02-28,0.762689,0.762689,0.746228,0.748971,0.748971,1735931
1991-03-01,0.740741,0.751715,0.735254,0.746228,0.746228,159469
1991-03-04,0.751715,0.751715,0.740741,0.751715,0.751715,5262469
1991-03-05,0.757202,0.77915,0.740741,0.768176,0.768176,1453444
1991-03-06,0.801097,0.806584,0.77915,0.77915,0.77915,3613106
1991-03-07,0.77915,0.790123,0.77915,0.790123,0.790123,2843100
1991-03-08,0.79561,0.79561,0.773663,0.773663,0.773663,678881
1991-03-11,0.79561,0.79561,0.773663,0.781893,0.781893,159469
1991-03-12,0.773663,0.79561,0.773663,0.790123,0.790123,373613
1991-03-13,0.773663,0.79561,0.773663,0.79561,0.79561,441956
1991-03-14,0.79561,0.79561,0.773663,0.773663,0.773663,82013
1991-03-15,0.79561,0.79561,0.79561,0.79561,0.79561,159469
1991-03-18,0.79561,0.79561,0.77915,0.78738,0.78738,95681
1991-03-19,0.790123,0.790123,0.773663,0.773663,0.773663,915806
1991-03-20,0.768176,0.784636,0.751715,0.751715,0.751715,1079831
1991-03-21,0.762689,0.762689,0.746228,0.762689,0.762689,779119
1991-03-22,0.746228,0.762689,0.746228,0.746228,0.746228,77456
1991-03-25,0.762689,0.762689,0.746228,0.757202,0.757202,592313
1991-03-26,0.762689,0.762689,0.746228,0.746228,0.746228,738113
1991-03-27,0.746228,0.762689,0.746228,0.757202,0.757202,1025156
1991-03-28,0.762689,0.762689,0.746228,0.762689,0.762689,765450
1991-04-01,0.754458,0.768176,0.746228,0.768176,0.768176,501188
1991-04-02,0.768176,0.768176,0.768176,0.768176,0.768176,287044
1991-04-03,0.77915,0.790123,0.762689,0.790123,0.790123,619650
1991-04-04,0.790123,0.790123,0.773663,0.790123,0.790123,2628956
1991-04-05,0.790123,0.790123,0.77915,0.77915,0.77915,437400
1991-04-08,0.77915,0.790123,0.77915,0.790123,0.790123,123019
1991-04-09,0.79561,0.79561,0.77915,0.79561,0.79561,451069
1991-04-10,0.784636,0.79561,0.784636,0.79561,0.79561,300713
1991-04-11,0.790123,0.79561,0.784636,0.784636,0.784636,154913
1991-04-12,0.79561,0.79561,0.792867,0.79561,0.79561,127575
1991-04-15,0.77915,0.79561,0.77915,0.79561,0.79561,537638
1991-04-16,0.77915,0.79561,0.77915,0.79561,0.79561,883913
1991-04-17,0.790123,0.801097,0.784636,0.784636,0.784636,478406
1991-04-18,0.801097,0.85048,0.790123,0.85048,0.85048,2679075
1991-04-19,0.85048,0.85048,0.823045,0.839506,0.839506,4843294
1991-04-22,0.834019,0.834019,0.817558,0.834019,0.834019,323494
1991-04-23,0.817558,0.834019,0.817558,0.828532,0.828532,797344
1991-04-24,0.834019,0.839506,0.817558,0.817558,0.817558,332606
1991-04-25,0.839506,0.839506,0.828532,0.828532,0.828532,104794
1991-04-26,0.839506,0.844993,0.823045,0.84225,0.84225,792788
1991-04-29,0.85048,0.85048,0.834019,0.85048,0.85048,195919
1991-04-30,0.85048,0.85048,0.834019,0.85048,0.85048,678881
1991-05-01,0.85048,0.85048,0.836763,0.85048,0.85048,1134506
1991-05-02,0.85048,0.855967,0.839506,0.855967,0.855967,993263
1991-05-03,0.85048,0.866941,0.844993,0.866941,0.866941,359944
1991-05-06,0.844993,0.866941,0.839506,0.85048,0.85048,1922738
1991-05-07,0.85048,0.85048,0.839506,0.839506,0.839506,19022344
1991-05-08,0.839506,0.844993,0.834019,0.839506,0.839506,4866075
1991-05-09,0.839506,0.85048,0.834019,0.844993,0.844993,1963744
1991-05-10,0.85048,0.85048,0.839506,0.844993,0.844993,874800
1991-05-13,0.85048,0.85048,0.839506,0.85048,0.85048,410063
1991-05-14,0.855967,0.855967,0.839506,0.844993,0.844993,838350
1991-05-15,0.839506,0.85048,0.839506,0.839506,0.839506,1717706
1991-05-16,0.839506,0.861454,0.839506,0.85048,0.85048,3184819
1991-05-17,0.85048,0.861454,0.844993,0.861454,0.861454,218700
1991-05-20,0.861454,0.861454,0.844993,0.847737,0.847737,2510494
1991-05-21,0.855967,0.855967,0.834019,0.844993,0.844993,4187194
1991-05-22,0.834019,0.85048,0.834019,0.834019,0.834019,323494
1991-05-23,0.839506,0.85048,0.834019,0.844993,0.844993,1444331
1991-05-24,0.839506,0.85048,0.839506,0.844993,0.844993,660656
1991-05-28,0.85048,0.85048,0.844993,0.844993,0.844993,1389656
1991-05-29,0.855967,0.855967,0.844993,0.855967,0.855967,2104988
1991-05-30,0.844993,0.872428,0.844993,0.872428,0.872428,2628956
1991-05-31,0.872428,0.872428,0.855967,0.872428,0.872428,533081
1991-06-03,0.866941,0.894376,0.866941,0.894376,0.894376,1353206
1991-06-04,0.899863,0.899863,0.877915,0.894376,0.894376,3494644
1991-06-05,0.883402,0.916324,0.883402,0.90535,0.90535,1166400
1991-06-06,0.910837,0.910837,0.899863,0.910837,0.910837,2414813
1991-06-07,0.90535,0.90535,0.877915,0.888889,0.888889,3376181
1991-06-10,0.877915,0.888889,0.877915,0.886145,0.886145,1412438
1991-06-11,0.888889,0.910837,0.877915,0.90535,0.90535,1243856
1991-06-12,0.910837,0.910837,0.894376,0.90535,0.90535,2346469
1991-06-13,0.894376,0.90535,0.894376,0.90535,0.90535,1954631
1991-06-14,0.916324,0.927298,0.910837,0.927298,0.927298,1125394
1991-06-17,0.927298,0.960219,0.916324,0.960219,0.960219,1649363
1991-06-18,0.965706,0.971193,0.954733,0.965706,0.965706,5877563
1991-06-19,0.943759,0.954733,0.932785,0.943759,0.943759,1143619
1991-06-20,0.938272,0.938272,0.894376,0.90535,0.90535,12042169
1991-06-21,0.894376,0.90535,0.894376,0.894376,0.894376,264263
1991-06-24,0.894376,0.899863,0.883402,0.886145,0.886145,1781494
1991-06-25,0.899863,0.90535,0.883402,0.886145,0.886145,820125
1991-06-26,0.899863,0.90535,0.883402,0.90535,0.90535,605981
1991-06-27,0.90535,0.90535,0.883402,0.899863,0.899863,660656
1991-06-28,0.899863,0.899863,0.861454,0.883402,0.883402,2187000
1991-07-01,0.888889,0.894376,0.877915,0.877915,0.877915,1116281
1991-07-02,0.897119,0.90535,0.888889,0.90535,0.90535,1175513
1991-07-03,0.90535,0.90535,0.880658,0.897119,0.897119,592313
1991-07-05,0.888889,0.897119,0.864198,0.897119,0.897119,574088
1991-07-08,0.888889,0.888889,0.872428,0.872428,0.872428,340200
1991-07-09,0.880658,0.897119,0.880658,0.897119,0.897119,962888
1991-07-10,0.897119,0.897119,0.864198,0.876543,0.876543,3720938
1991-07-11,0.880658,0.884774,0.864198,0.872428,0.872428,2615288
1991-07-12,0.864198,0.880658,0.864198,0.872428,0.872428,1075275
1991-07-15,0.872428,0.888889,0.864198,0.888889,0.888889,1266638
1991-07-16,0.872428,0.888889,0.872428,0.888889,0.888889,6488100
1991-07-17,0.897119,0.897119,0.897119,0.897119,0.897119,112388
1991-07-18,0.897119,0.897119,0.872428,0.888889,0.888889,984150
1991-07-19,0.897119,0.897119,0.880658,0.897119,0.897119,33413
1991-07-22,0.897119,0.897119,0.880658,0.897119,0.897119,2484675
1991-07-23,0.897119,0.897119,0.864198,0.888889,0.888889,3107363
1991-07-24,0.888889,0.888889,0.864198,0.888889,0.888889,1297013
1991-07-25,0.888889,0.888889,0.888889,0.888889,0.888889,431325
1991-07-26,0.888889,0.90535,0.880658,0.880658,0.880658,479925
1991-07-29,0.90535,0.921811,0.897119,0.921811,0.921811,3310875
1991-07-30,0.91358,0.921811,0.90535,0.921811,0.921811,4191750
1991-07-31,0.930041,0.938272,0.91358,0.938272,0.938272,1360800
1991-08-01,0.954733,0.962963,0.946502,0.954733,0.954733,3125588
1991-08-02,0.954733,0.954733,0.942387,0.954733,0.954733,1154250
1991-08-05,0.954733,0.962963,0.925926,0.958848,0.958848,4495500
1991-08-06,0.962963,0.962963,0.946502,0.962963,0.962963,765450
1991-08-07,0.962963,0.962963,0.962963,0.962963,0.962963,24300
1991-08-08,0.962963,0.962963,0.938272,0.938272,0.938272,786713
1991-08-09,0.962963,0.962963,0.946502,0.954733,0.954733,2086763
1991-08-12,0.946502,0.962963,0.930041,0.954733,0.954733,318938
1991-08-13,0.954733,0.954733,0.930041,0.954733,0.954733,246038
1991-08-14,0.946502,0.954733,0.934156,0.954733,0.954733,179213
1991-08-15,0.954733,0.954733,0.938272,0.954733,0.954733,21263
1991-08-16,0.954733,0.954733,0.930041,0.942387,0.942387,1913625
1991-08-19,0.855967,0.930041,0.847737,0.91358,0.91358,1758713
1991-08-20,0.930041,0.930041,0.91358,0.921811,0.921811,750263
1991-08-21,0.954733,0.954733,0.938272,0.954733,0.954733,309825
1991-08-22,0.954733,0.954733,0.930041,0.938272,0.938272,1798200
1991-08-23,0.946502,0.946502,0.921811,0.930041,0.930041,167063
1991-08-26,0.946502,0.946502,0.921811,0.921811,0.921811,130613
1991-08-27,0.938272,0.938272,0.921811,0.921811,0.921811,555863
1991-08-28,0.938272,0.962963,0.938272,0.962963,0.962963,2217375
1991-08-29,0.954733,0.995885,0.946502,0.995885,0.995885,598388
1991-08-30,0.971193,1.004115,0.971193,0.983539,0.983539,932513
1991-09-03,1.004115,1.037037,0.971193,1.004115,1.004115,962888
1991-09-04,1.037037,1.053498,1.004115,1.037037,1.037037,3277463
1991-09-05,1.053498,1.053498,1.020576,1.028807,1.028807,4067213
1991-09-06,1.028807,1.037037,1.020576,1.037037,1.037037,1852875
1991-09-09,1.045267,1.053498,1.028807,1.053498,1.053498,6831338
1991-09-10,1.053498,1.053498,1.020576,1.020576,1.020576,2095875
1991-09-11,1.037037,1.037037,1.020576,1.037037,1.037037,1336500
1991-09-12,1.037037,1.053498,1.028807,1.053498,1.053498,3177225
1991-09-13,1.053498,1.053498,1.028807,1.053498,1.053498,2223450
1991-09-16,1.053498,1.053498,1.028807,1.053498,1.053498,337163
1991-09-17,1.037037,1.08642,1.037037,1.08642,1.08642,1087425
1991-09-18,1.069959,1.08642,1.065844,1.08642,1.08642,1242338
1991-09-19,1.08642,1.102881,1.078189,1.102881,1.102881,859613
1991-09-20,1.102881,1.119342,1.09465,1.115226,1.115226,2827913
1991-09-23,1.127572,1.127572,1.08642,1.102881,1.102881,1758713
1991-09-24,1.08642,1.102881,1.061728,1.061728,1.061728,607500
1991-09-25,1.078189,1.078189,1.061728,1.061728,1.061728,154913
1991-09-26,1.078189,1.078189,1.061728,1.078189,1.078189,209588
1991-09-27,1.078189,1.08642,1.053498,1.053498,1.053498,729000
1991-09-30,1.078189,1.078189,1.053498,1.053498,1.053498,236925
1991-10-01,1.078189,1.078189,1.061728,1.061728,1.061728,1658475
1991-10-02,1.078189,1.078189,1.037037,1.037037,1.037037,1017563
1991-10-03,1.053498,1.061728,1.020576,1.037037,1.037037,288563
1991-10-04,1.045267,1.061728,1.020576,1.053498,1.053498,18662400
1991-10-07,1.078189,1.08642,1.053498,1.08642,1.08642,5841113
1991-10-08,1.08642,1.08642,1.069959,1.08642,1.08642,1998675
1991-10-09,1.08642,1.08642,1.078189,1.08642,1.08642,2241675
1991-10-10,1.08642,1.08642,1.069959,1.08642,1.08642,753300
1991-10-11,1.08642,1.127572,1.08642,1.119342,1.119342,2502900
1991-10-14,1.119342,1.135802,1.102881,1.111111,1.111111,1679738
1991-10-15,1.119342,1.127572,1.09465,1.119342,1.119342,2502900
1991-10-16,1.119342,1.119342,1.102881,1.119342,1.119342,1500525
1991-10-17,1.119342,1.119342,1.102881,1.111111,1.111111,850500
1991-10-18,1.119342,1.127572,1.102881,1.127572,1.127572,2032088
1991-10-21,1.127572,1.127572,1.102881,1.127572,1.127572,978075
1991-10-22,1.135802,1.135802,1.119342,1.135802,1.135802,1242338
1991-10-23,1.135802,1.135802,1.119342,1.135802,1.135802,449550
1991-10-24,1.135802,1.135802,1.111111,1.127572,1.127572,1081350
1991-10-25,1.115226,1.135802,1.111111,1.123457,1.123457,2135363
1991-10-28,1.135802,1.135802,1.098765,1.098765,1.098765,1716188
1991-10-29,1.09465,1.102881,1.078189,1.09465,1.09465,2272050
1991-10-30,1.09465,1.111111,1.082305,1.111111,1.111111,1767825
1991-10-31,1.111111,1.127572,1.09465,1.127572,1.127572,2466450
1991-11-01,1.127572,1.127572,1.106996,1.127572,1.127572,3450600
1991-11-04,1.111111,1.127572,1.111111,1.111111,1.111111,1060088
1991-11-05,1.127572,1.127572,1.111111,1.111111,1.111111,564975
1991-11-06,1.135802,1.135802,1.111111,1.119342,1.119342,4434750
1991-11-07,1.111111,1.160494,1.111111,1.152263,1.152263,3104325
1991-11-08,1.185185,1.185185,1.152263,1.185185,1.185185,3730050
1991-11-11,1.185185,1.185185,1.160494,1.185185,1.185185,2217375
1991-11-12,1.185185,1.185185,1.160494,1.160494,1.160494,379688
1991-11-13,1.168724,1.168724,1.144033,1.160494,1.160494,1093500
1991-11-14,1.168724,1.168724,1.152263,1.164609,1.164609,3344288
1991-11-15,1.152263,1.176955,1.144033,1.144033,1.144033,452588
1991-11-18,1.111111,1.135802,1.111111,1.131687,1.131687,1236263
1991-11-19,1.119342,1.127572,1.111111,1.111111,1.111111,1120838
1991-11-20,1.111111,1.135802,1.111111,1.127572,1.127572,2411775
1991-11-21,1.119342,1.152263,1.119342,1.152263,1.152263,5346000
1991-11-22,1.135802,1.152263,1.135802,1.135802,1.135802,495113
1991-11-25,1.135802,1.152263,1.135802,1.152263,1.152263,209588
1991-11-26,1.152263,1.152263,1.135802,1.135802,1.135802,1154250
1991-11-27,1.135802,1.152263,1.119342,1.144033,1.144033,1303088
1991-11-29,1.111111,1.144033,1.111111,1.131687,1.131687,1321313
1991-12-02,1.111111,1.144033,1.111111,1.144033,1.144033,6776663
1991-12-03,1.144033,1.144033,1.111111,1.135802,1.135802,1530900
1991-12-04,1.135802,1.135802,1.111111,1.135802,1.135802,1160325
1991-12-05,1.135802,1.135802,1.111111,1.111111,1.111111,91125
1991-12-06,1.111111,1.135802,1.111111,1.111111,1.111111,267300
1991-12-09,1.111111,1.135802,1.111111,1.119342,1.119342,300713
1991-12-10,1.135802,1.135802,1.111111,1.135802,1.135802,230850
1991-12-11,1.135802,1.135802,1.111111,1.111111,1.111111,148838
1991-12-12,1.135802,1.135802,1.111111,1.135802,1.135802,2642625
1991-12-13,1.135802,1.144033,1.111111,1.144033,1.144033,2041200
1991-12-16,1.144033,1.144033,1.119342,1.131687,1.131687,698625
1991-12-17,1.144033,1.144033,1.119342,1.144033,1.144033,479925
1991-12-18,1.152263,1.1893,1.152263,1.160494,1.160494,1640250
1991-12-19,1.144033,1.168724,1.135802,1.135802,1.135802,1014525
1991-12-20,1.160494,1.168724,1.144033,1.144033,1.144033,774563
1991-12-23,1.135802,1.168724,1.135802,1.168724,1.168724,367538
1991-12-24,1.160494,1.160494,1.135802,1.144033,1.144033,719888
1991-12-26,1.144033,1.152263,1.127572,1.152263,1.152263,2047275
1991-12-27,1.168724,1.168724,1.144033,1.144033,1.144033,1749600
1991-12-30,1.152263,1.251029,1.135802,1.218107,1.218107,5160713
1991-12-31,1.209877,1.242798,1.193416,1.242798,1.242798,4115813
1992-01-02,1.234568,1.234568,1.160494,1.160494,1.160494,2770200
1992-01-03,1.185185,1.242798,1.160494,1.234568,1.234568,2788425
1992-01-06,1.242798,1.242798,1.209877,1.226337,1.226337,1743525
1992-01-07,1.226337,1.242798,1.209877,1.209877,1.209877,1315238
1992-01-08,1.209877,1.300412,1.209877,1.283951,1.283951,4067213
1992-01-09,1.27572,1.283951,1.259259,1.26749,1.26749,12681563
1992-01-10,1.259259,1.259259,1.218107,1.230453,1.230453,2408738
1992-01-13,1.234568,1.251029,1.209877,1.230453,1.230453,3818138
1992-01-14,1.226337,1.251029,1.226337,1.242798,1.242798,2311538
1992-01-15,1.234568,1.242798,1.234568,1.234568,1.234568,3134700
1992-01-16,1.242798,1.242798,1.226337,1.234568,1.234568,1321313
1992-01-17,1.218107,1.226337,1.201646,1.226337,1.226337,391838
1992-01-20,1.201646,1.226337,1.201646,1.209877,1.209877,252113
1992-01-21,1.201646,1.218107,1.176955,1.201646,1.201646,2545425
1992-01-22,1.176955,1.201646,1.176955,1.201646,1.201646,713813
1992-01-23,1.201646,1.201646,1.185185,1.185185,1.185185,619650
1992-01-24,1.201646,1.201646,1.160494,1.185185,1.185185,2563650
1992-01-27,1.168724,1.185185,1.160494,1.160494,1.160494,659138
1992-01-28,1.168724,1.176955,1.152263,1.152263,1.152263,2657813
1992-01-29,1.176955,1.176955,1.152263,1.152263,1.152263,777600
1992-01-30,1.144033,1.152263,1.127572,1.127572,1.127572,1263600
1992-01-31,1.127572,1.152263,1.119342,1.152263,1.152263,11202300
1992-02-03,1.127572,1.152263,1.127572,1.127572,1.127572,4471200
1992-02-04,1.135802,1.152263,1.119342,1.119342,1.119342,1464075
1992-02-05,1.144033,1.160494,1.119342,1.135802,1.135802,5765175
1992-02-06,1.135802,1.152263,1.135802,1.144033,1.144033,2253825
1992-02-07,1.152263,1.152263,1.127572,1.144033,1.144033,209588
1992-02-10,1.119342,1.135802,1.111111,1.127572,1.127572,1196775
1992-02-11,1.119342,1.135802,1.119342,1.127572,1.127572,2241675
1992-02-12,1.119342,1.135802,1.119342,1.135802,1.135802,1536975
1992-02-13,1.119342,1.144033,1.119342,1.144033,1.144033,2229525
1992-02-14,1.119342,1.144033,1.119342,1.123457,1.123457,431325
1992-02-18,1.144033,1.144033,1.119342,1.144033,1.144033,285525
1992-02-19,1.111111,1.119342,1.102881,1.119342,1.119342,601425
1992-02-20,1.119342,1.119342,1.09465,1.09465,1.09465,394875
1992-02-21,1.09465,1.119342,1.045267,1.045267,1.045267,7147238
1992-02-24,1.069959,1.069959,1.037037,1.045267,1.045267,9012263
1992-02-25,1.049383,1.069959,1.045267,1.049383,1.049383,3675375
1992-02-26,1.045267,1.069959,1.045267,1.069959,1.069959,258188
1992-02-27,1.069959,1.069959,1.045267,1.045267,1.045267,6390900
1992-02-28,1.045267,1.061728,1.045267,1.061728,1.061728,6269400
1992-03-02,1.045267,1.061728,1.045267,1.049383,1.049383,5361188
1992-03-03,1.045267,1.061728,1.045267,1.061728,1.061728,11554650
1992-03-04,1.045267,1.061728,1.045267,1.061728,1.061728,10777050
1992-03-05,1.045267,1.069959,1.045267,1.069959,1.069959,7985588
1992-03-06,1.053498,1.078189,1.053498,1.078189,1.078189,5625450
1992-03-09,1.09465,1.102881,1.08642,1.08642,1.08642,2630475
1992-03-10,1.102881,1.119342,1.08642,1.119342,1.119342,7706138
1992-03-11,1.119342,1.119342,1.09465,1.119342,1.119342,1922738
1992-03-12,1.119342,1.127572,1.102881,1.127572,1.127572,540675
1992-03-13,1.127572,1.127572,1.127572,1.127572,1.127572,121500
1992-03-16,1.102881,1.127572,1.102881,1.127572,1.127572,403988
1992-03-17,1.102881,1.168724,1.102881,1.152263,1.152263,3860663
1992-03-18,1.160494,1.160494,1.119342,1.135802,1.135802,914288
1992-03-19,1.127572,1.135802,1.123457,1.135802,1.135802,1609875
1992-03-20,1.135802,1.135802,1.119342,1.119342,1.119342,1242338
1992-03-23,1.119342,1.135802,1.09465,1.119342,1.119342,473850
1992-03-24,1.119342,1.119342,1.09465,1.119342,1.119342,118463
1992-03-25,1.119342,1.119342,1.08642,1.08642,1.08642,552825
1992-03-26,1.08642,1.111111,1.08642,1.08642,1.08642,297675
1992-03-27,1.111111,1.111111,1.08642,1.08642,1.08642,273375
1992-03-30,1.08642,1.111111,1.08642,1.08642,1.08642,923400
1992-03-31,1.08642,1.111111,1.08642,1.08642,1.08642,75938
1992-04-01,1.069959,1.08642,1.061728,1.065844,1.065844,3143813
1992-04-02,1.061728,1.078189,1.061728,1.069959,1.069959,637875
1992-04-03,1.08642,1.08642,1.061728,1.074074,1.074074,1218038
1992-04-06,1.061728,1.069959,1.037037,1.045267,1.045267,1497488
1992-04-07,1.061728,1.061728,1.020576,1.028807,1.028807,6005138
1992-04-08,1.012346,1.045267,1.012346,1.037037,1.037037,3906225
1992-04-09,1.028807,1.045267,1.020576,1.045267,1.045267,3915338
1992-04-10,1.078189,1.078189,1.053498,1.053498,1.053498,978075
1992-04-13,1.053498,1.078189,1.053498,1.078189,1.078189,1497488
1992-04-14,1.053498,1.09465,1.053498,1.078189,1.078189,2135363
1992-04-15,1.09465,1.09465,1.069959,1.09465,1.09465,1196775
1992-04-16,1.09465,1.09465,1.069959,1.082305,1.082305,1543050
1992-04-20,1.09465,1.09465,1.069959,1.09465,1.09465,598388
1992-04-21,1.09465,1.102881,1.069959,1.102881,1.102881,592313
1992-04-22,1.069959,1.102881,1.069959,1.102881,1.102881,328050
1992-04-23,1.102881,1.102881,1.08642,1.08642,1.08642,2141438
1992-04-24,1.069959,1.09465,1.069959,1.078189,1.078189,1375988
1992-04-27,1.078189,1.111111,1.078189,1.111111,1.111111,1011488
1992-04-28,1.111111,1.127572,1.09465,1.127572,1.127572,2062463
1992-04-29,1.106996,1.127572,1.102881,1.102881,1.102881,498150
1992-04-30,1.127572,1.144033,1.102881,1.144033,1.144033,2341913
1992-05-01,1.135802,1.152263,1.127572,1.144033,1.144033,3007125
1992-05-04,1.152263,1.176955,1.139918,1.152263,1.152263,4659525
1992-05-05,1.152263,1.168724,1.152263,1.168724,1.168724,276413
1992-05-06,1.168724,1.168724,1.152263,1.152263,1.152263,1570388
1992-05-07,1.168724,1.168724,1.144033,1.168724,1.168724,1843763
1992-05-08,1.144033,1.168724,1.144033,1.152263,1.152263,33413
1992-05-11,1.168724,1.168724,1.144033,1.152263,1.152263,179213
1992-05-12,1.168724,1.168724,1.144033,1.168724,1.168724,78975
1992-05-13,1.168724,1.168724,1.144033,1.168724,1.168724,2657813
1992-05-14,1.168724,1.168724,1.144033,1.144033,1.144033,5400675
1992-05-15,1.168724,1.168724,1.144033,1.144033,1.144033,94163
1992-05-18,1.144033,1.168724,1.144033,1.168724,1.168724,133650
1992-05-19,1.168724,1.168724,1.144033,1.148148,1.148148,446513
1992-05-20,1.152263,1.176955,1.152263,1.152263,1.152263,291600
1992-05-21,1.144033,1.168724,1.144033,1.168724,1.168724,167063
1992-05-22,1.144033,1.168724,1.144033,1.168724,1.168724,2949413
1992-05-26,1.168724,1.168724,1.144033,1.164609,1.164609,91125
1992-05-27,1.144033,1.156379,1.144033,1.148148,1.148148,8544488
1992-05-28,1.144033,1.168724,1.144033,1.148148,1.148148,1752638
1992-05-29,1.144033,1.168724,1.144033,1.168724,1.168724,516375
1992-06-01,1.185185,1.185185,1.148148,1.148148,1.148148,72900
1992-06-02,1.185185,1.197531,1.160494,1.197531,1.197531,583200
1992-06-03,1.197531,1.197531,1.17284,1.185185,1.185185,2733750
1992-06-04,1.160494,1.185185,1.148148,1.148148,1.148148,1235250
1992-06-05,1.185185,1.185185,1.123457,1.148148,1.148148,2964600
1992-06-08,1.148148,1.148148,1.111111,1.135802,1.135802,283500
1992-06-09,1.111111,1.148148,1.111111,1.135802,1.135802,168075
1992-06-10,1.135802,1.135802,1.111111,1.111111,1.111111,180225
1992-06-11,1.111111,1.135802,1.111111,1.123457,1.123457,194400
1992-06-12,1.135802,1.135802,1.111111,1.135802,1.135802,36450
1992-06-15,1.111111,1.135802,1.111111,1.111111,1.111111,103275
1992-06-16,1.135802,1.135802,1.111111,1.123457,1.123457,346275
1992-06-17,1.111111,1.135802,1.098765,1.098765,1.098765,330075
1992-06-18,1.111111,1.123457,1.098765,1.123457,1.123457,354375
1992-06-19,1.135802,1.135802,1.098765,1.104938,1.104938,46575
1992-06-22,1.098765,1.123457,1.098765,1.098765,1.098765,1960200
1992-06-23,1.123457,1.123457,1.08642,1.123457,1.123457,1648350
1992-06-24,1.111111,1.123457,1.098765,1.098765,1.098765,97200
1992-06-25,1.098765,1.123457,1.098765,1.123457,1.123457,953775
1992-06-26,1.111111,1.111111,1.037037,1.061728,1.061728,498150
1992-06-29,1.037037,1.08642,1.037037,1.08642,1.08642,1518750
1992-06-30,1.08642,1.098765,1.061728,1.08642,1.08642,1142100
1992-07-01,1.080247,1.17284,1.080247,1.17284,1.17284,1555200
1992-07-02,1.185185,1.209877,1.17284,1.17284,1.17284,4406400
1992-07-06,1.17284,1.185185,1.148148,1.17284,1.17284,1658475
1992-07-07,1.148148,1.17284,1.148148,1.148148,1.148148,1206900
1992-07-08,1.148148,1.17284,1.148148,1.154321,1.154321,1138050
1992-07-09,1.160494,1.17284,1.148148,1.160494,1.160494,617625
1992-07-10,1.17284,1.17284,1.160494,1.17284,1.17284,32400
1992-07-13,1.17284,1.17284,1.148148,1.17284,1.17284,712800
1992-07-14,1.17284,1.179012,1.148148,1.17284,1.17284,538650
1992-07-15,1.185185,1.185185,1.148148,1.148148,1.148148,36450
1992-07-16,1.160494,1.185185,1.148148,1.160494,1.160494,261225
1992-07-17,1.17284,1.17284,1.148148,1.17284,1.17284,692550
1992-07-20,1.135802,1.17284,1.135802,1.135802,1.135802,220725
1992-07-21,1.17284,1.234568,1.160494,1.209877,1.209877,1429650
1992-07-22,1.209877,1.271605,1.17284,1.271605,1.271605,2636550
1992-07-23,1.246914,1.283951,1.234568,1.271605,1.271605,2286225
1992-07-24,1.271605,1.271605,1.209877,1.209877,1.209877,295650
1992-07-27,1.246914,1.246914,1.209877,1.246914,1.246914,469800
1992-07-28,1.246914,1.246914,1.209877,1.246914,1.246914,97200
1992-07-29,1.222222,1.246914,1.222222,1.234568,1.234568,2474550
1992-07-30,1.246914,1.246914,1.216049,1.216049,1.216049,2992950
1992-07-31,1.234568,1.234568,1.197531,1.222222,1.222222,994275
1992-08-03,1.209877,1.234568,1.209877,1.209877,1.209877,109350
1992-08-04,1.209877,1.234568,1.197531,1.234568,1.234568,121500
1992-08-05,1.197531,1.234568,1.197531,1.234568,1.234568,60750
1992-08-06,1.234568,1.234568,1.209877,1.222222,1.222222,3146850
1992-08-07,1.209877,1.234568,1.209877,1.216049,1.216049,1860975
1992-08-10,1.234568,1.234568,1.234568,1.234568,1.234568,16200
1992-08-11,1.234568,1.234568,1.197531,1.197531,1.197531,2379375
1992-08-12,1.197531,1.234568,1.197531,1.209877,1.209877,20250
1992-08-13,1.197531,1.234568,1.197531,1.222222,1.222222,40500
1992-08-14,1.222222,1.222222,1.197531,1.197531,1.197531,52650
1992-08-17,1.185185,1.222222,1.185185,1.222222,1.222222,1312200
1992-08-18,1.222222,1.222222,1.185185,1.185185,1.185185,184275
1992-08-19,1.222222,1.222222,1.185185,1.216049,1.216049,68850
1992-08-20,1.234568,1.234568,1.197531,1.197531,1.197531,2519100
1992-08-21,1.234568,1.234568,1.197531,1.222222,1.222222,976050
1992-08-24,1.197531,1.234568,1.197531,1.216049,1.216049,2217375
1992-08-25,1.197531,1.216049,1.197531,1.197531,1.197531,1470150
1992-08-26,1.197531,1.222222,1.197531,1.222222,1.222222,184275
1992-08-27,1.197531,1.234568,1.197531,1.234568,1.234568,2407725
1992-08-28,1.197531,1.234568,1.197531,1.197531,1.197531,1666575
1992-08-31,1.203704,1.222222,1.197531,1.197531,1.197531,214650
1992-09-01,1.222222,1.222222,1.160494,1.166667,1.166667,2365200
1992-09-02,1.17284,1.185185,1.160494,1.160494,1.160494,2016900
1992-09-03,1.160494,1.185185,1.160494,1.17284,1.17284,2079675
1992-09-04,1.160494,1.17284,1.148148,1.154321,1.154321,2403675
1992-09-08,1.148148,1.17284,1.148148,1.148148,1.148148,24300
1992-09-09,1.17284,1.17284,1.148148,1.17284,1.17284,435375
1992-09-10,1.17284,1.17284,1.160494,1.17284,1.17284,147825
1992-09-11,1.17284,1.17284,1.160494,1.17284,1.17284,2049300
1992-09-14,1.185185,1.185185,1.160494,1.185185,1.185185,2427975
1992-09-15,1.160494,1.185185,1.148148,1.148148,1.148148,789750
1992-09-16,1.148148,1.185185,1.148148,1.166667,1.166667,313875
1992-09-17,1.185185,1.185185,1.148148,1.160494,1.160494,328050
1992-09-18,1.160494,1.166667,1.123457,1.141975,1.141975,1626075
1992-09-21,1.123457,1.148148,1.123457,1.148148,1.148148,1061100
1992-09-22,1.123457,1.148148,1.123457,1.141975,1.141975,949725
1992-09-23,1.148148,1.148148,1.123457,1.123457,1.123457,643950
1992-09-24,1.148148,1.148148,1.123457,1.148148,1.148148,437400
1992-09-25,1.148148,1.148148,1.123457,1.148148,1.148148,846450
1992-09-28,1.123457,1.148148,1.123457,1.135802,1.135802,109350
1992-09-29,1.135802,1.148148,1.123457,1.148148,1.148148,206550
1992-09-30,1.123457,1.17284,1.123457,1.160494,1.160494,2106000
1992-10-01,1.17284,1.17284,1.135802,1.17284,1.17284,212625
1992-10-02,1.135802,1.17284,1.135802,1.135802,1.135802,411075
1992-10-05,1.148148,1.160494,1.135802,1.135802,1.135802,131625
1992-10-06,1.135802,1.160494,1.135802,1.135802,1.135802,18225
1992-10-07,1.148148,1.160494,1.135802,1.148148,1.148148,279450
1992-10-08,1.160494,1.160494,1.135802,1.160494,1.160494,402975
1992-10-09,1.141975,1.160494,1.123457,1.135802,1.135802,599400
1992-10-12,1.123457,1.160494,1.123457,1.160494,1.160494,1287900
1992-10-13,1.141975,1.160494,1.135802,1.135802,1.135802,99225
1992-10-14,1.160494,1.160494,1.111111,1.123457,1.123457,5390550
1992-10-15,1.135802,1.160494,1.135802,1.160494,1.160494,716850
1992-10-16,1.135802,1.160494,1.135802,1.160494,1.160494,251100
1992-10-19,1.135802,1.160494,1.135802,1.160494,1.160494,224775
1992-10-20,1.160494,1.160494,1.123457,1.123457,1.123457,3713850
1992-10-21,1.12963,1.148148,1.123457,1.135802,1.135802,321975
1992-10-22,1.123457,1.148148,1.098765,1.148148,1.148148,15434550
1992-10-23,1.148148,1.148148,1.123457,1.141975,1.141975,334125
1992-10-26,1.148148,1.148148,1.111111,1.123457,1.123457,251100
1992-10-27,1.135802,1.148148,1.123457,1.123457,1.123457,374625
1992-10-28,1.148148,1.148148,1.111111,1.111111,1.111111,554850
1992-10-29,1.135802,1.135802,1.111111,1.111111,1.111111,1601775
1992-10-30,1.111111,1.135802,1.111111,1.135802,1.135802,666225
1992-11-02,1.135802,1.135802,1.111111,1.135802,1.135802,1692900
1992-11-03,1.135802,1.135802,1.111111,1.135802,1.135802,289575
1992-11-04,1.111111,1.135802,1.111111,1.135802,1.135802,398925
1992-11-05,1.135802,1.135802,1.074074,1.074074,1.074074,1496475
1992-11-06,1.074074,1.098765,1.074074,1.098765,1.098765,5475600
1992-11-09,1.098765,1.098765,1.074074,1.08642,1.08642,6273450
1992-11-10,1.074074,1.098765,1.074074,1.08642,1.08642,1901475
1992-11-11,1.08642,1.123457,1.074074,1.123457,1.123457,12617775
1992-11-12,1.123457,1.135802,1.098765,1.135802,1.135802,3246075
1992-11-13,1.111111,1.135802,1.111111,1.135802,1.135802,7954200
1992-11-16,1.123457,1.17284,1.123457,1.148148,1.148148,583200
1992-11-17,1.148148,1.185185,1.148148,1.185185,1.185185,4983525
1992-11-18,1.185185,1.185185,1.160494,1.160494,1.160494,4793175
1992-11-19,1.185185,1.185185,1.160494,1.166667,1.166667,1733400
1992-11-20,1.160494,1.17284,1.160494,1.166667,1.166667,888975
1992-11-23,1.160494,1.17284,1.148148,1.17284,1.17284,694575
1992-11-24,1.148148,1.185185,1.148148,1.17284,1.17284,4363875
1992-11-25,1.197531,1.197531,1.160494,1.197531,1.197531,1067175
1992-11-27,1.17284,1.197531,1.17284,1.17284,1.17284,162000
1992-11-30,1.197531,1.197531,1.17284,1.185185,1.185185,905175
1992-12-01,1.197531,1.197531,1.17284,1.197531,1.197531,277425
1992-12-02,1.17284,1.197531,1.17284,1.197531,1.197531,1399275
1992-12-03,1.197531,1.197531,1.17284,1.179012,1.179012,1103625
1992-12-04,1.197531,1.197531,1.185185,1.185185,1.185185,2646675
1992-12-07,1.197531,1.209877,1.185185,1.197531,1.197531,1743525
1992-12-08,1.234568,1.234568,1.197531,1.234568,1.234568,1563300
1992-12-09,1.234568,1.234568,1.197531,1.197531,1.197531,346275
1992-12-10,1.222222,1.222222,1.197531,1.209877,1.209877,3640950
1992-12-11,1.209877,1.209877,1.197531,1.197531,1.197531,261225
1992-12-14,1.209877,1.209877,1.17284,1.197531,1.197531,731025
1992-12-15,1.17284,1.197531,1.17284,1.197531,1.197531,1235250
1992-12-16,1.17284,1.197531,1.17284,1.185185,1.185185,332100
1992-12-17,1.185185,1.197531,1.160494,1.17284,1.17284,2640600
1992-12-18,1.185185,1.185185,1.160494,1.160494,1.160494,400950
1992-12-21,1.185185,1.185185,1.160494,1.160494,1.160494,313875
1992-12-22,1.160494,1.185185,1.160494,1.185185,1.185185,299700
1992-12-23,1.185185,1.185185,1.160494,1.185185,1.185185,224775
1992-12-24,1.185185,1.185185,1.160494,1.185185,1.185185,471825
1992-12-28,1.160494,1.209877,1.160494,1.17284,1.17284,601425
1992-12-29,1.197531,1.197531,1.17284,1.17284,1.17284,44550
1992-12-30,1.197531,1.209877,1.17284,1.209877,1.209877,579150
1992-12-31,1.185185,1.246914,1.185185,1.246914,1.246914,1136025
1993-01-04,1.246914,1.358025,1.246914,1.345679,1.345679,7213050
1993-01-05,1.345679,1.358025,1.320988,1.345679,1.345679,13541175
1993-01-06,1.419753,1.432099,1.351852,1.37037,1.37037,8893800
1993-01-07,1.37037,1.37037,1.333333,1.345679,1.345679,6911325
1993-01-08,1.358025,1.37037,1.333333,1.37037,1.37037,2557575
1993-01-11,1.37037,1.407407,1.345679,1.407407,1.407407,6530625
1993-01-12,1.407407,1.444444,1.37037,1.444444,1.444444,1607850
1993-01-13,1.444444,1.444444,1.407407,1.419753,1.419753,4041900
1993-01-14,1.432099,1.432099,1.407407,1.425926,1.425926,526500
1993-01-15,1.432099,1.432099,1.407407,1.432099,1.432099,1854900
1993-01-18,1.432099,1.432099,1.407407,1.432099,1.432099,2215350
1993-01-19,1.432099,1.432099,1.407407,1.41358,1.41358,2837025
1993-01-20,1.432099,1.432099,1.407407,1.407407,1.407407,378675
1993-01-21,1.432099,1.432099,1.407407,1.432099,1.432099,1395225
1993-01-22,1.419753,1.45679,1.419753,1.45679,1.45679,4311225
1993-01-25,1.45679,1.45679,1.419753,1.45679,1.45679,793800
1993-01-26,1.45679,1.518519,1.419753,1.506173,1.506173,5038200
1993-01-27,1.518519,1.592593,1.481481,1.506173,1.506173,6311925
1993-01-28,1.481481,1.493827,1.45679,1.469136,1.469136,1601775
1993-01-29,1.493827,1.493827,1.469136,1.469136,1.469136,200475
1993-02-01,1.469136,1.493827,1.469136,1.493827,1.493827,212625
1993-02-02,1.469136,1.493827,1.469136,1.469136,1.469136,1682775
1993-02-03,1.493827,1.493827,1.469136,1.469136,1.469136,311850
1993-02-04,1.493827,1.493827,1.469136,1.493827,1.493827,1332450
1993-02-05,1.493827,1.493827,1.45679,1.45679,1.45679,1107675
1993-02-08,1.469136,1.469136,1.444444,1.469136,1.469136,103275
1993-02-09,1.469136,1.469136,1.444444,1.469136,1.469136,2314575
1993-02-10,1.469136,1.469136,1.45679,1.469136,1.469136,376650
1993-02-11,1.45679,1.481481,1.444444,1.469136,1.469136,2444175
1993-02-12,1.444444,1.469136,1.444444,1.469136,1.469136,133650
1993-02-16,1.444444,1.469136,1.395062,1.444444,1.444444,1014525
1993-02-17,1.419753,1.444444,1.382716,1.382716,1.382716,739125
1993-02-18,1.395062,1.419753,1.37037,1.37037,1.37037,884925
1993-02-19,1.37037,1.395062,1.37037,1.395062,1.395062,301725
1993-02-22,1.407407,1.407407,1.320988,1.345679,1.345679,1273725
1993-02-23,1.320988,1.345679,1.320988,1.345679,1.345679,856575
1993-02-24,1.345679,1.345679,1.320988,1.345679,1.345679,1239300
1993-02-25,1.345679,1.345679,1.320988,1.333333,1.333333,1093500
1993-02-26,1.333333,1.345679,1.308642,1.345679,1.345679,1982475
1993-03-01,1.333333,1.345679,1.308642,1.320988,1.320988,2004750
1993-03-02,1.333333,1.358025,1.320988,1.345679,1.345679,6095250
1993-03-03,1.358025,1.37037,1.333333,1.351852,1.351852,3069900
1993-03-04,1.382716,1.382716,1.345679,1.382716,1.382716,271350
1993-03-05,1.382716,1.382716,1.345679,1.37037,1.37037,1812375
1993-03-08,1.382716,1.382716,1.358025,1.382716,1.382716,1281825
1993-03-09,1.382716,1.395062,1.358025,1.358025,1.358025,1340550
1993-03-10,1.395062,1.432099,1.364198,1.432099,1.432099,4135050
1993-03-11,1.432099,1.45679,1.419753,1.419753,1.419753,1393200
1993-03-12,1.45679,1.469136,1.419753,1.469136,1.469136,340200
1993-03-15,1.45679,1.493827,1.45679,1.475309,1.475309,1585575
1993-03-16,1.493827,1.506173,1.45679,1.506173,1.506173,307800
1993-03-17,1.493827,1.506173,1.45679,1.487654,1.487654,1591650
1993-03-18,1.481481,1.524691,1.481481,1.518519,1.518519,969975
1993-03-19,1.530864,1.555556,1.506173,1.537037,1.537037,1779975
1993-03-22,1.54321,1.580247,1.530864,1.580247,1.580247,2065500
1993-03-23,1.580247,1.580247,1.54321,1.580247,1.580247,3977100
1993-03-24,1.54321,1.567901,1.54321,1.54321,1.54321,1144125
1993-03-25,1.54321,1.567901,1.530864,1.530864,1.530864,888975
1993-03-26,1.555556,1.580247,1.530864,1.561728,1.561728,5987925
1993-03-29,1.580247,1.580247,1.555556,1.580247,1.580247,5013900
1993-03-30,1.580247,1.580247,1.567901,1.567901,1.567901,1413450
1993-03-31,1.580247,1.580247,1.518519,1.530864,1.530864,1960200
1993-04-01,1.530864,1.54321,1.493827,1.493827,1.493827,1974375
1993-04-02,1.518519,1.518519,1.45679,1.462963,1.462963,1154250
1993-04-05,1.45679,1.481481,1.432099,1.438272,1.438272,3750300
1993-04-06,1.45679,1.45679,1.432099,1.432099,1.432099,743175
1993-04-07,1.432099,1.45679,1.395062,1.407407,1.407407,3636900
1993-04-08,1.432099,1.432099,1.382716,1.395062,1.395062,1962225
1993-04-12,1.382716,1.407407,1.382716,1.395062,1.395062,1389150
1993-04-13,1.407407,1.407407,1.382716,1.395062,1.395062,3244050
1993-04-14,1.382716,1.395062,1.382716,1.395062,1.395062,3379725
1993-04-15,1.395062,1.395062,1.382716,1.395062,1.395062,3879900
1993-04-16,1.382716,1.395062,1.345679,1.358025,1.358025,2713500
1993-04-19,1.358025,1.358025,1.320988,1.333333,1.333333,1129950
1993-04-20,1.271605,1.320988,1.240741,1.290123,1.290123,3734100
1993-04-21,1.296296,1.333333,1.283951,1.32716,1.32716,878850
1993-04-22,1.308642,1.345679,1.308642,1.308642,1.308642,745200
1993-04-23,1.308642,1.345679,1.308642,1.32716,1.32716,415125
1993-04-26,1.345679,1.345679,1.308642,1.308642,1.308642,548775
1993-04-27,1.333333,1.333333,1.308642,1.32716,1.32716,234900
1993-04-28,1.345679,1.345679,1.320988,1.333333,1.333333,461700
1993-04-29,1.345679,1.345679,1.308642,1.333333,1.333333,747225
1993-04-30,1.345679,1.345679,1.308642,1.320988,1.320988,595350
1993-05-03,1.333333,1.37037,1.333333,1.342593,1.342593,2798550
1993-05-04,1.37037,1.37037,1.333333,1.37037,1.37037,6458400
1993-05-05,1.37037,1.388889,1.351852,1.388889,1.388889,772200
1993-05-06,1.351852,1.388889,1.351852,1.37037,1.37037,322650
1993-05-07,1.388889,1.388889,1.351852,1.388889,1.388889,199800
1993-05-10,1.388889,1.388889,1.37037,1.37963,1.37963,959850
1993-05-11,1.351852,1.388889,1.351852,1.388889,1.388889,436050
1993-05-12,1.388889,1.388889,1.333333,1.37037,1.37037,384750
1993-05-13,1.37037,1.37037,1.333333,1.333333,1.333333,198450
1993-05-14,1.37037,1.37037,1.333333,1.37037,1.37037,105300
1993-05-17,1.37037,1.37037,1.333333,1.333333,1.333333,159300
1993-05-18,1.37037,1.37037,1.333333,1.37037,1.37037,950400
1993-05-19,1.37037,1.37037,1.333333,1.37037,1.37037,471150
1993-05-20,1.37037,1.37037,1.333333,1.333333,1.333333,4168800
1993-05-21,1.333333,1.481481,1.333333,1.425926,1.425926,2428650
1993-05-24,1.462963,1.462963,1.425926,1.453704,1.453704,324000
1993-05-25,1.444444,1.444444,1.425926,1.425926,1.425926,18792000
1993-05-26,1.444444,1.444444,1.37037,1.398148,1.398148,4683150
1993-05-27,1.398148,1.407407,1.37037,1.407407,1.407407,2620350
1993-05-28,1.407407,1.425926,1.388889,1.425926,1.425926,2309850
1993-06-01,1.388889,1.425926,1.388889,1.407407,1.407407,703350
1993-06-02,1.407407,1.425926,1.388889,1.425926,1.425926,1038150
1993-06-03,1.388889,1.425926,1.388889,1.407407,1.407407,1881900
1993-06-04,1.407407,1.407407,1.37037,1.407407,1.407407,2249100
1993-06-07,1.398148,1.407407,1.388889,1.398148,1.398148,1857600
1993-06-08,1.407407,1.407407,1.388889,1.388889,1.388889,372600
1993-06-09,1.388889,1.425926,1.388889,1.388889,1.388889,1503900
1993-06-10,1.425926,1.425926,1.351852,1.351852,1.351852,3913650
1993-06-11,1.388889,1.388889,1.351852,1.388889,1.388889,522450
1993-06-14,1.37037,1.388889,1.351852,1.361111,1.361111,1100250
1993-06-15,1.388889,1.388889,1.351852,1.351852,1.351852,1965600
1993-06-16,1.351852,1.388889,1.333333,1.351852,1.351852,1009800
1993-06-17,1.333333,1.351852,1.333333,1.333333,1.333333,207900
1993-06-18,1.333333,1.351852,1.333333,1.351852,1.351852,1753650
1993-06-21,1.333333,1.351852,1.333333,1.351852,1.351852,1440450
1993-06-22,1.351852,1.37037,1.333333,1.37037,1.37037,1286550
1993-06-23,1.388889,1.388889,1.314815,1.314815,1.314815,1710450
1993-06-24,1.314815,1.37037,1.314815,1.37037,1.37037,1620000
1993-06-25,1.37037,1.425926,1.351852,1.425926,1.425926,935550
1993-06-28,1.425926,1.444444,1.37037,1.416667,1.416667,3308850
1993-06-29,1.407407,1.444444,1.407407,1.425926,1.425926,1618650
1993-06-30,1.444444,1.444444,1.407407,1.407407,1.407407,903150
1993-07-01,1.444444,1.444444,1.407407,1.416667,1.416667,4317300
1993-07-02,1.407407,1.444444,1.407407,1.416667,1.416667,962550
1993-07-06,1.444444,1.481481,1.407407,1.481481,1.481481,2540700
1993-07-07,1.444444,1.481481,1.444444,1.462963,1.462963,1085400
1993-07-08,1.444444,1.462963,1.425926,1.444444,1.444444,1043550
1993-07-09,1.462963,1.481481,1.425926,1.481481,1.481481,616950
1993-07-12,1.444444,1.481481,1.435185,1.462963,1.462963,463050
1993-07-13,1.481481,1.537037,1.425926,1.518519,1.518519,1655100
1993-07-14,1.481481,1.518519,1.481481,1.5,1.5,1393200
1993-07-15,1.462963,1.5,1.444444,1.453704,1.453704,861300
1993-07-16,1.425926,1.444444,1.407407,1.425926,1.425926,1046250
1993-07-19,1.444444,1.444444,1.407407,1.407407,1.407407,641250
1993-07-20,1.444444,1.444444,1.407407,1.425926,1.425926,1159650
1993-07-21,1.444444,1.444444,1.407407,1.444444,1.444444,411750
1993-07-22,1.407407,1.444444,1.407407,1.416667,1.416667,176850
1993-07-23,1.444444,1.444444,1.407407,1.407407,1.407407,880200
1993-07-26,1.444444,1.444444,1.407407,1.444444,1.444444,639900
1993-07-27,1.425926,1.462963,1.425926,1.453704,1.453704,869400
1993-07-28,1.481481,1.481481,1.444444,1.481481,1.481481,820800
1993-07-29,1.444444,1.518519,1.444444,1.481481,1.481481,2142450
1993-07-30,1.518519,1.518519,1.481481,1.481481,1.481481,666900
1993-08-02,1.537037,1.574074,1.537037,1.555556,1.555556,2349000
1993-08-03,1.537037,1.574074,1.518519,1.537037,1.537037,3391200
1993-08-04,1.574074,1.574074,1.509259,1.546296,1.546296,565650
1993-08-05,1.574074,1.574074,1.537037,1.555556,1.555556,529200
1993-08-06,1.537037,1.574074,1.537037,1.555556,1.555556,2789100
1993-08-09,1.537037,1.574074,1.537037,1.574074,1.574074,216000
1993-08-10,1.574074,1.574074,1.518519,1.537037,1.537037,2674350
1993-08-11,1.555556,1.555556,1.5,1.537037,1.537037,446850
1993-08-12,1.537037,1.537037,1.481481,1.518519,1.518519,1698300
1993-08-13,1.518519,1.518519,1.462963,1.462963,1.462963,942300
1993-08-16,1.5,1.5,1.462963,1.5,1.5,1206900
1993-08-17,1.518519,1.518519,1.481481,1.481481,1.481481,224100
1993-08-18,1.481481,1.518519,1.481481,1.518519,1.518519,750600
1993-08-19,1.518519,1.546296,1.481481,1.537037,1.537037,1428300
1993-08-20,1.537037,1.537037,1.518519,1.518519,1.518519,526500
1993-08-23,1.518519,1.537037,1.518519,1.527778,1.527778,710100
1993-08-24,1.518519,1.537037,1.518519,1.537037,1.537037,1190700
1993-08-25,1.537037,1.574074,1.518519,1.537037,1.537037,2173500
1993-08-26,1.537037,1.574074,1.537037,1.546296,1.546296,1919700
1993-08-27,1.574074,1.574074,1.5,1.518519,1.518519,1096200
1993-08-30,1.537037,1.537037,1.5,1.537037,1.537037,1641600
1993-08-31,1.537037,1.537037,1.5,1.537037,1.537037,1269000
1993-09-01,1.537037,1.537037,1.5,1.537037,1.537037,1258200
1993-09-02,1.518519,1.537037,1.518519,1.537037,1.537037,1868400
1993-09-03,1.518519,1.537037,1.518519,1.537037,1.537037,392850
1993-09-07,1.527778,1.537037,1.518519,1.537037,1.537037,2154600
1993-09-08,1.518519,1.537037,1.518519,1.537037,1.537037,1252800
1993-09-09,1.537037,1.537037,1.518519,1.527778,1.527778,434700
1993-09-10,1.537037,1.555556,1.518519,1.537037,1.537037,3763800
1993-09-13,1.537037,1.555556,1.537037,1.555556,1.555556,1186650
1993-09-14,1.555556,1.611111,1.555556,1.611111,1.611111,6772950
1993-09-15,1.611111,1.611111,1.592593,1.611111,1.611111,1644300
1993-09-16,1.611111,1.611111,1.592593,1.592593,1.592593,4120200
1993-09-17,1.611111,1.611111,1.592593,1.611111,1.611111,2809350
1993-09-20,1.611111,1.611111,1.555556,1.592593,1.592593,2439450
1993-09-21,1.555556,1.592593,1.518519,1.574074,1.574074,822150
1993-09-22,1.574074,1.574074,1.518519,1.564815,1.564815,1779300
1993-09-23,1.574074,1.574074,1.537037,1.555556,1.555556,5686200
1993-09-24,1.555556,1.574074,1.537037,1.564815,1.564815,1574100
1993-09-27,1.574074,1.574074,1.555556,1.555556,1.555556,796500
1993-09-28,1.574074,1.574074,1.555556,1.574074,1.574074,1048950
1993-09-29,1.574074,1.574074,1.537037,1.555556,1.555556,1671300
1993-09-30,1.537037,1.574074,1.537037,1.574074,1.574074,1066500
1993-10-01,1.574074,1.574074,1.537037,1.574074,1.574074,680400
1993-10-04,1.574074,1.648148,1.555556,1.62963,1.62963,1061100
1993-10-05,1.62963,1.666667,1.592593,1.62963,1.62963,3179250
1993-10-06,1.648148,1.648148,1.611111,1.611111,1.611111,1368900
1993-10-07,1.648148,1.648148,1.611111,1.648148,1.648148,1633500
1993-10-08,1.611111,1.648148,1.611111,1.648148,1.648148,807300
1993-10-11,1.648148,1.666667,1.611111,1.648148,1.648148,750600
1993-10-12,1.666667,1.666667,1.648148,1.648148,1.648148,1027350
1993-10-13,1.666667,1.666667,1.62963,1.648148,1.648148,1019250
1993-10-14,1.666667,1.703704,1.648148,1.685185,1.685185,1884600
1993-10-15,1.703704,1.759259,1.685185,1.759259,1.759259,3852900
1993-10-18,1.740741,1.759259,1.722222,1.740741,1.740741,1810350
1993-10-19,1.722222,1.740741,1.611111,1.648148,1.648148,2465100
1993-10-20,1.648148,1.648148,1.574074,1.592593,1.592593,1098900
1993-10-21,1.592593,1.62963,1.592593,1.592593,1.592593,588600
1993-10-22,1.592593,1.62963,1.592593,1.592593,1.592593,815400
1993-10-25,1.611111,1.611111,1.574074,1.611111,1.611111,525150
1993-10-26,1.574074,1.611111,1.574074,1.574074,1.574074,1027350
1993-10-27,1.611111,1.611111,1.574074,1.611111,1.611111,843750
1993-10-28,1.574074,1.611111,1.574074,1.611111,1.611111,1939950
1993-10-29,1.611111,1.611111,1.574074,1.592593,1.592593,1993950
1993-11-01,1.574074,1.611111,1.574074,1.601852,1.601852,982800
1993-11-02,1.611111,1.648148,1.574074,1.648148,1.648148,1048950
1993-11-03,1.648148,1.648148,1.611111,1.62963,1.62963,459000
1993-11-04,1.62963,1.648148,1.611111,1.62963,1.62963,2550150
1993-11-05,1.648148,1.648148,1.555556,1.592593,1.592593,1175850
1993-11-08,1.592593,1.592593,1.555556,1.592593,1.592593,612900
1993-11-09,1.592593,1.648148,1.592593,1.648148,1.648148,692550
1993-11-10,1.648148,1.648148,1.611111,1.648148,1.648148,1318950
1993-11-11,1.611111,1.685185,1.611111,1.648148,1.648148,801900
1993-11-12,1.685185,1.685185,1.648148,1.685185,1.685185,1487700
1993-11-15,1.685185,1.685185,1.574074,1.611111,1.611111,1309500
1993-11-16,1.611111,1.611111,1.574074,1.611111,1.611111,558900
1993-11-17,1.611111,1.611111,1.537037,1.574074,1.574074,1638900
1993-11-18,1.574074,1.574074,1.537037,1.537037,1.537037,7086150
1993-11-19,1.555556,1.555556,1.537037,1.537037,1.537037,916650
1993-11-22,1.537037,1.555556,1.537037,1.537037,1.537037,1066500
1993-11-23,1.537037,1.592593,1.537037,1.555556,1.555556,610200
1993-11-24,1.592593,1.62963,1.555556,1.62963,1.62963,962550
1993-11-26,1.611111,1.62963,1.592593,1.62963,1.62963,83700
1993-11-29,1.62963,1.62963,1.592593,1.592593,1.592593,232200
1993-11-30,1.592593,1.62963,1.574074,1.611111,1.611111,496800
1993-12-01,1.574074,1.611111,1.574074,1.574074,1.574074,958500
1993-12-02,1.574074,1.592593,1.444444,1.444444,1.444444,5809050
1993-12-03,1.5,1.518519,1.462963,1.490741,1.490741,8760150
1993-12-06,1.518519,1.518519,1.444444,1.462963,1.462963,1749600
1993-12-07,1.481481,1.5,1.444444,1.481481,1.481481,3508650
1993-12-08,1.5,1.5,1.444444,1.5,1.5,3357450
1993-12-09,1.5,1.5,1.462963,1.5,1.5,220050
1993-12-10,1.462963,1.5,1.462963,1.5,1.5,3751650
1993-12-13,1.5,1.5,1.462963,1.5,1.5,261900
1993-12-14,1.5,1.5,1.462963,1.462963,1.462963,868050
1993-12-15,1.462963,1.5,1.462963,1.462963,1.462963,2494800
1993-12-16,1.462963,1.481481,1.462963,1.462963,1.462963,1117800
1993-12-17,1.481481,1.481481,1.462963,1.481481,1.481481,2617650
1993-12-20,1.481481,1.518519,1.462963,1.518519,1.518519,1262250
1993-12-21,1.481481,1.555556,1.481481,1.546296,1.546296,1607850
1993-12-22,1.555556,1.555556,1.518519,1.518519,1.518519,3265650
1993-12-23,1.555556,1.555556,1.5,1.518519,1.518519,1455300
1993-12-27,1.537037,1.537037,1.462963,1.5,1.5,641250
1993-12-28,1.5,1.518519,1.481481,1.518519,1.518519,869400
1993-12-29,1.518519,1.518519,1.481481,1.490741,1.490741,3198150
1993-12-30,1.5,1.5,1.444444,1.462963,1.462963,928800
1993-12-31,1.425926,1.462963,1.425926,1.425926,1.425926,581850
1994-01-03,1.425926,1.462963,1.425926,1.462963,1.462963,1428300
1994-01-04,1.462963,1.481481,1.444444,1.481481,1.481481,2833650
1994-01-05,1.444444,1.481481,1.407407,1.462963,1.462963,3785400
1994-01-06,1.462963,1.462963,1.425926,1.444444,1.444444,545400
1994-01-07,1.425926,1.481481,1.425926,1.481481,1.481481,1316250
1994-01-10,1.481481,1.481481,1.462963,1.462963,1.462963,355050
1994-01-11,1.481481,1.5,1.462963,1.490741,1.490741,2099250
1994-01-12,1.481481,1.537037,1.481481,1.518519,1.518519,1487700
1994-01-13,1.518519,1.537037,1.518519,1.518519,1.518519,1660500
1994-01-14,1.537037,1.537037,1.5,1.5,1.5,1031400
1994-01-17,1.518519,1.518519,1.453704,1.462963,1.462963,3105000
1994-01-18,1.481481,1.5,1.444444,1.472222,1.472222,1907550
1994-01-19,1.5,1.5,1.462963,1.462963,1.462963,909900
1994-01-20,1.481481,1.481481,1.444444,1.472222,1.472222,855900
1994-01-21,1.481481,1.481481,1.407407,1.407407,1.407407,1487700
1994-01-24,1.444444,1.444444,1.333333,1.37037,1.37037,5377050
1994-01-25,1.37037,1.388889,1.333333,1.388889,1.388889,9163800
1994-01-26,1.388889,1.444444,1.351852,1.444444,1.444444,8976150
1994-01-27,1.444444,1.444444,1.407407,1.407407,1.407407,4124250
1994-01-28,1.444444,1.444444,1.407407,1.444444,1.444444,6207300
1994-01-31,1.444444,1.462963,1.425926,1.425926,1.425926,2087100
1994-02-01,1.462963,1.481481,1.425926,1.481481,1.481481,5513400
1994-02-02,1.481481,1.5,1.444444,1.481481,1.481481,5495850
1994-02-03,1.481481,1.481481,1.425926,1.435185,1.435185,3271050
1994-02-04,1.425926,1.462963,1.425926,1.444444,1.444444,1198800
1994-02-07,1.425926,1.444444,1.388889,1.425926,1.425926,4881600
1994-02-08,1.444444,1.444444,1.407407,1.407407,1.407407,1775250
1994-02-09,1.407407,1.462963,1.407407,1.444444,1.444444,2567700
1994-02-10,1.462963,1.462963,1.425926,1.425926,1.425926,2871450
1994-02-11,1.444444,1.444444,1.425926,1.435185,1.435185,8104050
1994-02-14,1.462963,1.462963,1.425926,1.462963,1.462963,3973050
1994-02-15,1.462963,1.481481,1.444444,1.481481,1.481481,4568400
1994-02-16,1.481481,1.481481,1.444444,1.481481,1.481481,1973700
1994-02-17,1.481481,1.5,1.444444,1.5,1.5,1625400
1994-02-18,1.5,1.5,1.462963,1.472222,1.472222,4295700
1994-02-22,1.481481,1.481481,1.462963,1.462963,1.462963,2547450
1994-02-23,1.462963,1.5,1.462963,1.481481,1.481481,4398300
1994-02-24,1.5,1.5,1.481481,1.481481,1.481481,864000
1994-02-25,1.462963,1.5,1.462963,1.5,1.5,1316250
1994-02-28,1.462963,1.5,1.462963,1.481481,1.481481,2130300
1994-03-01,1.5,1.5,1.462963,1.462963,1.462963,1325700
1994-03-02,1.462963,1.462963,1.425926,1.462963,1.462963,750600
1994-03-03,1.481481,1.481481,1.444444,1.481481,1.481481,380700
1994-03-04,1.481481,1.5,1.444444,1.5,1.5,419850
1994-03-07,1.5,1.555556,1.462963,1.555556,1.555556,2112750
1994-03-08,1.555556,1.574074,1.537037,1.564815,1.564815,4241700
1994-03-09,1.574074,1.574074,1.537037,1.574074,1.574074,3454650
1994-03-10,1.537037,1.574074,1.537037,1.537037,1.537037,1686150
1994-03-11,1.574074,1.574074,1.537037,1.537037,1.537037,1964250
1994-03-14,1.555556,1.592593,1.555556,1.592593,1.592593,7713900
1994-03-15,1.592593,1.648148,1.555556,1.648148,1.648148,2482650
1994-03-16,1.648148,1.722222,1.611111,1.722222,1.722222,1347300
1994-03-17,1.685185,1.759259,1.685185,1.740741,1.740741,1899450
1994-03-18,1.759259,1.759259,1.722222,1.740741,1.740741,2679750
1994-03-21,1.722222,1.740741,1.666667,1.666667,1.666667,2114100
1994-03-22,1.703704,1.740741,1.666667,1.722222,1.722222,2378700
1994-03-23,1.740741,1.759259,1.703704,1.722222,1.722222,2042550
1994-03-24,1.740741,1.740741,1.62963,1.666667,1.666667,2457000
1994-03-25,1.666667,1.685185,1.648148,1.666667,1.666667,1750950
1994-03-28,1.62963,1.666667,1.592593,1.592593,1.592593,573750
1994-03-29,1.592593,1.62963,1.5,1.5,1.5,1013850
1994-03-30,1.5,1.537037,1.5,1.5,1.5,719550
1994-03-31,1.537037,1.537037,1.481481,1.509259,1.509259,2056050
1994-04-04,1.5,1.5,1.462963,1.5,1.5,396900
1994-04-05,1.481481,1.518519,1.481481,1.518519,1.518519,2743200
1994-04-06,1.518519,1.518519,1.481481,1.509259,1.509259,2488050
1994-04-07,1.481481,1.518519,1.481481,1.518519,1.518519,292950
1994-04-08,1.481481,1.518519,1.481481,1.518519,1.518519,195750
1994-04-11,1.518519,1.518519,1.481481,1.518519,1.518519,1078650
1994-04-12,1.481481,1.518519,1.481481,1.481481,1.481481,1841400
1994-04-13,1.518519,1.518519,1.481481,1.509259,1.509259,1783350
1994-04-14,1.518519,1.518519,1.481481,1.518519,1.518519,382050
1994-04-15,1.518519,1.555556,1.481481,1.537037,1.537037,865350
1994-04-18,1.555556,1.592593,1.518519,1.518519,1.518519,1278450
1994-04-19,1.555556,1.555556,1.5,1.537037,1.537037,2859300
1994-04-20,1.518519,1.537037,1.518519,1.518519,1.518519,382050
1994-04-21,1.555556,1.574074,1.518519,1.564815,1.564815,2943000
1994-04-22,1.574074,1.574074,1.555556,1.560185,1.560185,3250800
1994-04-25,1.574074,1.601852,1.555556,1.592593,1.592593,626400
1994-04-26,1.611111,1.648148,1.592593,1.648148,1.648148,1101600
1994-04-28,1.611111,1.648148,1.611111,1.62037,1.62037,1112400
1994-04-29,1.648148,1.648148,1.611111,1.648148,1.648148,923400
1994-05-02,1.611111,1.648148,1.574074,1.592593,1.592593,1815750
1994-05-03,1.592593,1.62963,1.555556,1.62037,1.62037,5304150
1994-05-04,1.62963,1.62963,1.555556,1.564815,1.564815,916650
1994-05-05,1.574074,1.574074,1.481481,1.537037,1.537037,1984500
1994-05-06,1.481481,1.518519,1.481481,1.518519,1.518519,1648350
1994-05-09,1.518519,1.518519,1.5,1.5,1.5,533250
1994-05-10,1.5,1.518519,1.5,1.518519,1.518519,433350
1994-05-11,1.5,1.555556,1.5,1.518519,1.518519,2735100
1994-05-12,1.518519,1.555556,1.518519,1.518519,1.518519,2193750
1994-05-13,1.518519,1.537037,1.5,1.518519,1.518519,2268000
1994-05-16,1.518519,1.518519,1.5,1.513889,1.513889,1896750
1994-05-17,1.481481,1.518519,1.481481,1.5,1.5,936900
1994-05-18,1.537037,1.555556,1.5,1.518519,1.518519,1603800
1994-05-19,1.555556,1.574074,1.518519,1.555556,1.555556,4197150
1994-05-20,1.574074,1.574074,1.527778,1.546296,1.546296,10065600
1994-05-23,1.555556,1.555556,1.537037,1.555556,1.555556,1169100
1994-05-24,1.537037,1.555556,1.518519,1.541667,1.541667,1769850
1994-05-25,1.518519,1.555556,1.518519,1.518519,1.518519,1944000
1994-05-26,1.555556,1.574074,1.518519,1.537037,1.537037,1383750
1994-05-27,1.537037,1.555556,1.481481,1.518519,1.518519,3381750
1994-05-31,1.5,1.518519,1.481481,1.513889,1.513889,1294650
1994-06-01,1.518519,1.518519,1.481481,1.486111,1.486111,801900
1994-06-02,1.5,1.5,1.481481,1.490741,1.490741,4230900
1994-06-03,1.481481,1.5,1.481481,1.5,1.5,2752650
1994-06-06,1.5,1.518519,1.481481,1.518519,1.518519,1894050
1994-06-07,1.5,1.537037,1.5,1.509259,1.509259,1005750
1994-06-08,1.5,1.537037,1.5,1.509259,1.509259,1729350
1994-06-09,1.518519,1.518519,1.5,1.5,1.5,4002750
1994-06-10,1.518519,1.537037,1.5,1.518519,1.518519,766800
1994-06-13,1.5,1.537037,1.5,1.537037,1.537037,287550
1994-06-14,1.537037,1.555556,1.518519,1.555556,1.555556,368550
1994-06-15,1.555556,1.574074,1.537037,1.546296,1.546296,626400
1994-06-16,1.537037,1.574074,1.537037,1.564815,1.564815,4141800
1994-06-17,1.574074,1.574074,1.537037,1.574074,1.574074,583200
1994-06-20,1.537037,1.555556,1.518519,1.518519,1.518519,1555200
1994-06-21,1.518519,1.537037,1.5,1.518519,1.518519,2052000
1994-06-22,1.5,1.537037,1.5,1.537037,1.537037,691200
1994-06-23,1.537037,1.537037,1.518519,1.537037,1.537037,1895400
1994-06-24,1.518519,1.546296,1.518519,1.518519,1.518519,2652750
1994-06-27,1.518519,1.537037,1.518519,1.518519,1.518519,2004750
1994-06-28,1.518519,1.537037,1.518519,1.537037,1.537037,3277800
1994-06-29,1.518519,1.537037,1.518519,1.518519,1.518519,805950
1994-06-30,1.518519,1.537037,1.518519,1.518519,1.518519,376650
1994-07-01,1.537037,1.537037,1.5,1.537037,1.537037,544050
1994-07-05,1.537037,1.537037,1.481481,1.486111,1.486111,604800
1994-07-06,1.481481,1.5,1.462963,1.481481,1.481481,1674000
1994-07-07,1.481481,1.5,1.462963,1.462963,1.462963,3616650
1994-07-08,1.5,1.5,1.462963,1.462963,1.462963,479250
1994-07-11,1.5,1.5,1.462963,1.481481,1.481481,1019250
1994-07-12,1.481481,1.481481,1.425926,1.425926,1.425926,627750
1994-07-13,1.425926,1.462963,1.425926,1.435185,1.435185,2012850
1994-07-14,1.425926,1.462963,1.425926,1.425926,1.425926,4006800
1994-07-15,1.444444,1.462963,1.37037,1.388889,1.388889,2411100
1994-07-18,1.407407,1.425926,1.37037,1.388889,1.388889,595350
1994-07-19,1.388889,1.425926,1.388889,1.425926,1.425926,205200
1994-07-20,1.425926,1.462963,1.407407,1.444444,1.444444,4715550
1994-07-21,1.462963,1.462963,1.425926,1.462963,1.462963,6413850
1994-07-22,1.462963,1.537037,1.425926,1.537037,1.537037,6208650
1994-07-25,1.537037,1.574074,1.5,1.555556,1.555556,1073250
1994-07-26,1.555556,1.611111,1.537037,1.601852,1.601852,1231200
1994-07-27,1.611111,1.62963,1.574074,1.62963,1.62963,1744200
1994-07-28,1.592593,1.62963,1.592593,1.592593,1.592593,1077300
1994-07-29,1.592593,1.666667,1.592593,1.62963,1.62963,1271700
1994-08-01,1.648148,1.648148,1.611111,1.611111,1.611111,2388150
1994-08-02,1.592593,1.62963,1.555556,1.564815,1.564815,2323350
1994-08-03,1.592593,1.611111,1.555556,1.592593,1.592593,120150
1994-08-04,1.555556,1.592593,1.555556,1.592593,1.592593,114750
1994-08-05,1.592593,1.592593,1.555556,1.592593,1.592593,629100
1994-08-08,1.592593,1.611111,1.574074,1.611111,1.611111,2666250
1994-08-09,1.611111,1.611111,1.574074,1.574074,1.574074,739800
1994-08-10,1.574074,1.611111,1.574074,1.611111,1.611111,572400
1994-08-11,1.592593,1.592593,1.555556,1.592593,1.592593,210600
1994-08-12,1.592593,1.592593,1.537037,1.537037,1.537037,442800
1994-08-15,1.537037,1.574074,1.49537,1.509259,1.509259,1915650
1994-08-16,1.518519,1.537037,1.490741,1.518519,1.518519,1520100
1994-08-17,1.555556,1.574074,1.5,1.564815,1.564815,2938950
1994-08-18,1.574074,1.574074,1.537037,1.537037,1.537037,1377000
1994-08-19,1.518519,1.574074,1.509259,1.537037,1.537037,2035800
1994-08-22,1.537037,1.537037,1.481481,1.518519,1.518519,648000
1994-08-23,1.481481,1.555556,1.481481,1.555556,1.555556,3514050
1994-08-24,1.537037,1.666667,1.537037,1.638889,1.638889,4768200
1994-08-25,1.648148,1.648148,1.574074,1.574074,1.574074,1605150
1994-08-26,1.611111,1.666667,1.592593,1.648148,1.648148,5741550
1994-08-29,1.638889,1.648148,1.62963,1.648148,1.648148,1930500
1994-08-30,1.648148,1.685185,1.62963,1.666667,1.666667,2658150
1994-08-31,1.666667,1.722222,1.666667,1.685185,1.685185,2354400
1994-09-01,1.685185,1.703704,1.666667,1.666667,1.666667,1636200
1994-09-02,1.703704,1.703704,1.648148,1.648148,1.648148,361800
1994-09-06,1.648148,1.666667,1.62963,1.62963,1.62963,854550
1994-09-07,1.62963,1.666667,1.592593,1.62963,1.62963,1431000
1994-09-08,1.62963,1.62963,1.592593,1.592593,1.592593,783000
1994-09-09,1.592593,1.62963,1.592593,1.601852,1.601852,371250
1994-09-12,1.574074,1.611111,1.574074,1.611111,1.611111,5478300
1994-09-13,1.574074,1.611111,1.564815,1.611111,1.611111,6548850
1994-09-14,1.574074,1.685185,1.574074,1.685185,1.685185,4129650
1994-09-15,1.685185,1.703704,1.648148,1.685185,1.685185,1123200
1994-09-16,1.666667,1.685185,1.648148,1.685185,1.685185,1703700
1994-09-19,1.685185,1.685185,1.62963,1.62963,1.62963,310500
1994-09-20,1.666667,1.666667,1.611111,1.648148,1.648148,365850
1994-09-21,1.648148,1.648148,1.611111,1.611111,1.611111,2548800
1994-09-22,1.62963,1.648148,1.583333,1.611111,1.611111,1570050
1994-09-23,1.611111,1.611111,1.574074,1.611111,1.611111,724950
1994-09-26,1.611111,1.611111,1.574074,1.592593,1.592593,1134000
1994-09-27,1.592593,1.592593,1.555556,1.555556,1.555556,1387800
1994-09-28,1.592593,1.62963,1.555556,1.611111,1.611111,5807700
1994-09-29,1.62963,1.62963,1.592593,1.601852,1.601852,461700
1994-09-30,1.62963,1.62963,1.592593,1.592593,1.592593,932850
1994-10-03,1.62963,1.62963,1.574074,1.578704,1.578704,2308500
1994-10-04,1.574074,1.592593,1.537037,1.555556,1.555556,999000
1994-10-05,1.537037,1.592593,1.537037,1.592593,1.592593,603450
1994-10-06,1.592593,1.666667,1.587963,1.666667,1.666667,1327050
1994-10-07,1.666667,1.666667,1.62963,1.638889,1.638889,1113750
1994-10-10,1.62963,1.648148,1.62963,1.648148,1.648148,1124550
1994-10-11,1.648148,1.666667,1.611111,1.62963,1.62963,1274400
1994-10-12,1.611111,1.648148,1.611111,1.611111,1.611111,1698300
1994-10-13,1.611111,1.648148,1.611111,1.611111,1.611111,955800
1994-10-14,1.648148,1.648148,1.601852,1.648148,1.648148,5062500
1994-10-17,1.62963,1.62963,1.611111,1.62963,1.62963,965250
1994-10-18,1.611111,1.648148,1.611111,1.62963,1.62963,931500
1994-10-19,1.648148,1.722222,1.611111,1.685185,1.685185,1312200
1994-10-20,1.703704,1.703704,1.666667,1.686343,1.686343,1044900
1994-10-21,1.703704,1.703704,1.666667,1.666667,1.666667,419850
1994-10-24,1.694444,1.703704,1.666667,1.675926,1.675926,365850
1994-10-25,1.703704,1.703704,1.666667,1.666667,1.666667,419850
1994-10-26,1.703704,1.703704,1.666667,1.694444,1.694444,162000
1994-10-27,1.703704,1.722222,1.666667,1.722222,1.722222,1321650
1994-10-28,1.703704,1.759259,1.703704,1.740741,1.740741,1773900
1994-10-31,1.759259,1.759259,1.722222,1.740741,1.740741,1193400
1994-11-01,1.722222,1.740741,1.675926,1.685185,1.685185,629100
1994-11-02,1.703704,1.722222,1.666667,1.703704,1.703704,2709450
1994-11-03,1.685185,1.722222,1.666667,1.694444,1.694444,758700
1994-11-04,1.666667,1.703704,1.611111,1.62037,1.62037,1945350
1994-11-07,1.648148,1.648148,1.611111,1.648148,1.648148,529200
1994-11-08,1.648148,1.666667,1.611111,1.657407,1.657407,897750
1994-11-09,1.666667,1.666667,1.648148,1.657407,1.657407,1227150
1994-11-10,1.648148,1.666667,1.648148,1.666667,1.666667,124200
1994-11-11,1.666667,1.666667,1.648148,1.666667,1.666667,195750
1994-11-14,1.657407,1.666667,1.648148,1.666667,1.666667,218700
1994-11-15,1.666667,1.685185,1.62963,1.62963,1.62963,1108350
1994-11-16,1.666667,1.666667,1.62963,1.648148,1.648148,1680750
1994-11-17,1.666667,1.666667,1.611111,1.615741,1.615741,1595700
1994-11-18,1.62963,1.62963,1.592593,1.611111,1.611111,1865700
1994-11-21,1.611111,1.611111,1.592593,1.592593,1.592593,947700
1994-11-22,1.592593,1.611111,1.555556,1.555556,1.555556,1564650
1994-11-23,1.555556,1.555556,1.481481,1.518519,1.518519,1117800
1994-11-25,1.5,1.537037,1.481481,1.537037,1.537037,322650
1994-11-28,1.537037,1.574074,1.5,1.564815,1.564815,2284200
1994-11-29,1.574074,1.592593,1.555556,1.592593,1.592593,2058750
1994-11-30,1.592593,1.592593,1.555556,1.574074,1.574074,958500
1994-12-01,1.592593,1.592593,1.537037,1.537037,1.537037,1273050
1994-12-02,1.541667,1.555556,1.537037,1.537037,1.537037,422550
1994-12-05,1.555556,1.555556,1.537037,1.546296,1.546296,325350
1994-12-06,1.537037,1.555556,1.518519,1.527778,1.527778,5061150
1994-12-07,1.537037,1.537037,1.481481,1.5,1.5,1026000
1994-12-08,1.5,1.5,1.462963,1.481481,1.481481,2101950
1994-12-09,1.5,1.5,1.407407,1.425926,1.425926,1313550
1994-12-12,1.407407,1.444444,1.388889,1.444444,1.444444,4351050
1994-12-13,1.444444,1.5,1.444444,1.5,1.5,1667250
1994-12-14,1.5,1.518519,1.462963,1.518519,1.518519,1235250
1994-12-15,1.518519,1.518519,1.481481,1.518519,1.518519,1863000
1994-12-16,1.518519,1.555556,1.481481,1.555556,1.555556,4468500
1994-12-19,1.537037,1.555556,1.518519,1.537037,1.537037,768150
1994-12-20,1.555556,1.555556,1.518519,1.537037,1.537037,604800
1994-12-21,1.537037,1.574074,1.537037,1.574074,1.574074,652050
1994-12-22,1.537037,1.592593,1.537037,1.583333,1.583333,2682450
1994-12-23,1.555556,1.592593,1.555556,1.592593,1.592593,1854900
1994-12-27,1.606481,1.611111,1.574074,1.611111,1.611111,2739150
1994-12-28,1.574074,1.611111,1.574074,1.606481,1.606481,1085400
1994-12-29,1.592593,1.648148,1.592593,1.648148,1.648148,2065500
1994-12-30,1.648148,1.648148,1.592593,1.592593,1.592593,2276100
1995-01-03,1.62963,1.666667,1.592593,1.62963,1.62963,2235600
1995-01-04,1.62963,1.666667,1.62963,1.648148,1.648148,1590300
1995-01-05,1.648148,1.648148,1.611111,1.611111,1.611111,745200
1995-01-06,1.611111,1.648148,1.611111,1.62963,1.62963,546750
1995-01-09,1.666667,1.666667,1.62963,1.666667,1.666667,699300
1995-01-10,1.648148,1.666667,1.62963,1.62963,1.62963,1448550
1995-01-11,1.611111,1.666667,1.611111,1.611111,1.611111,1289250
1995-01-12,1.648148,1.648148,1.611111,1.62963,1.62963,1672650
1995-01-13,1.62963,1.62963,1.611111,1.62963,1.62963,677700
1995-01-16,1.611111,1.648148,1.611111,1.62963,1.62963,1715850
1995-01-17,1.611111,1.648148,1.592593,1.648148,1.648148,3376350
1995-01-18,1.648148,1.648148,1.592593,1.592593,1.592593,1000350
1995-01-19,1.592593,1.62963,1.592593,1.592593,1.592593,5328450
1995-01-20,1.592593,1.62963,1.592593,1.592593,1.592593,745200
1995-01-23,1.62963,1.62963,1.555556,1.555556,1.555556,5610600
1995-01-24,1.574074,1.657407,1.555556,1.648148,1.648148,2641950
1995-01-25,1.648148,1.666667,1.62963,1.62963,1.62963,3584250
1995-01-26,1.62963,1.666667,1.62963,1.666667,1.666667,2921400
1995-01-27,1.62963,1.666667,1.611111,1.611111,1.611111,3094200
1995-01-30,1.611111,1.611111,1.592593,1.592593,1.592593,843750
1995-01-31,1.611111,1.611111,1.574074,1.597222,1.597222,768150
1995-02-01,1.611111,1.611111,1.592593,1.592593,1.592593,518400
1995-02-02,1.611111,1.62963,1.592593,1.601852,1.601852,811350
1995-02-03,1.62963,1.666667,1.592593,1.62963,1.62963,1630800
1995-02-06,1.648148,1.685185,1.592593,1.592593,1.592593,5779350
1995-02-07,1.592593,1.592593,1.555556,1.592593,1.592593,5374350
1995-02-08,1.555556,1.62963,1.555556,1.615741,1.615741,1819800
1995-02-09,1.592593,1.62963,1.592593,1.62963,1.62963,846450
1995-02-10,1.62963,1.666667,1.62037,1.648148,1.648148,2698650
1995-02-13,1.62963,1.666667,1.62963,1.648148,1.648148,679050
1995-02-14,1.666667,1.666667,1.62963,1.666667,1.666667,599400
1995-02-15,1.62963,1.666667,1.574074,1.62963,1.62963,1629450
1995-02-16,1.62963,1.648148,1.592593,1.648148,1.648148,2016900
1995-02-17,1.648148,1.648148,1.62963,1.648148,1.648148,367200
1995-02-21,1.62963,1.666667,1.62963,1.648148,1.648148,1244700
1995-02-22,1.666667,1.740741,1.62963,1.740741,1.740741,6388200
1995-02-23,1.768519,1.833333,1.740741,1.833333,1.833333,7510050
1995-02-24,1.833333,1.888889,1.796296,1.87037,1.87037,4989600
1995-02-27,1.851852,1.944444,1.833333,1.87963,1.87963,5381100
1995-02-28,1.87037,1.944444,1.87037,1.944444,1.944444,3314250
1995-03-01,1.925926,1.962963,1.87037,1.87037,1.87037,8721000
1995-03-02,1.87037,1.888889,1.833333,1.851852,1.851852,2209950
1995-03-03,1.833333,1.87037,1.833333,1.851852,1.851852,2400300
1995-03-06,1.833333,1.87037,1.833333,1.851852,1.851852,1351350
1995-03-07,1.833333,1.925926,1.833333,1.907407,1.907407,4198500
1995-03-08,1.944444,1.944444,1.907407,1.935185,1.935185,6978150
1995-03-09,1.907407,1.944444,1.907407,1.925926,1.925926,2544750
1995-03-10,1.907407,1.944444,1.907407,1.944444,1.944444,7755750
1995-03-13,1.944444,2.074074,1.907407,2.055556,2.055556,10093950
1995-03-14,2.055556,2.055556,2.0,2.018519,2.018519,4546800
1995-03-15,2.0,2.018519,1.962963,1.981481,1.981481,3187350
1995-03-16,1.981481,2.0,1.962963,1.972222,1.972222,5292000
1995-03-17,1.981481,2.0,1.962963,1.962963,1.962963,4120200
1995-03-20,1.962963,2.037037,1.962963,2.00463,2.00463,3990600
1995-03-21,2.018519,2.037037,1.981481,1.990741,1.990741,1885950
1995-03-22,1.981481,2.018519,1.981481,1.981481,1.981481,886950
1995-03-23,1.981481,2.018519,1.962963,1.981481,1.981481,2135700
1995-03-24,1.962963,2.0,1.962963,1.981481,1.981481,4725000
1995-03-27,1.981481,1.981481,1.962963,1.981481,1.981481,3896100
1995-03-28,1.962963,2.0,1.944444,2.0,2.0,5306850
1995-03-29,2.0,2.0,1.962963,2.0,2.0,2631150
1995-03-30,2.0,2.0,1.981481,2.0,2.0,4661550
1995-03-31,1.962963,2.0,1.962963,1.962963,1.962963,1790100
1995-04-03,2.0,2.0,1.962963,1.972222,1.972222,1005750
1995-04-04,1.990741,2.0,1.888889,1.907407,1.907407,1833300
1995-04-05,1.925926,1.925926,1.851852,1.907407,1.907407,2972700
1995-04-06,1.888889,1.944444,1.888889,1.944444,1.944444,3505950
1995-04-07,1.981481,2.018519,1.888889,1.925926,1.925926,3549150
1995-04-10,1.925926,1.925926,1.833333,1.907407,1.907407,4888350
1995-04-11,1.925926,2.018519,1.907407,2.0,2.0,4010850
1995-04-12,2.037037,2.12963,2.037037,2.101852,2.101852,13575600
1995-04-13,2.111111,2.12963,2.0,2.037037,2.037037,2674350
1995-04-17,2.018519,2.037037,1.944444,1.981481,1.981481,1248750
1995-04-18,1.944444,2.055556,1.944444,2.018519,2.018519,3708450
1995-04-19,2.018519,2.092593,2.018519,2.074074,2.074074,4282200
1995-04-20,2.074074,2.074074,2.037037,2.055556,2.055556,955800
1995-04-21,2.037037,2.092593,2.037037,2.074074,2.074074,2255850
1995-04-24,2.037037,2.074074,2.037037,2.074074,2.074074,943650
1995-04-25,2.055556,2.092593,2.055556,2.074074,2.074074,3866400
1995-04-26,2.092593,2.092593,2.027778,2.055556,2.055556,1182600
1995-04-27,2.018519,2.037037,1.962963,2.0,2.0,1680750
1995-04-28,2.0,2.0,1.962963,1.962963,1.962963,3551850
1995-05-01,1.962963,2.046296,1.962963,2.0,2.0,2782350
1995-05-02,2.0,2.0,1.962963,1.972222,1.972222,800550
1995-05-03,2.0,2.0,1.944444,1.962963,1.962963,818100
1995-05-04,2.0,2.055556,1.962963,1.990741,1.990741,1138050
1995-05-05,2.018519,2.037037,2.0,2.009259,2.009259,912600
1995-05-08,2.037037,2.055556,2.0,2.018519,2.018519,529200
1995-05-09,2.055556,2.055556,2.018519,2.018519,2.018519,661500
1995-05-10,2.055556,2.092593,2.055556,2.055556,2.055556,4496850
1995-05-11,2.092593,2.092593,2.0,2.0,2.0,1655100
1995-05-12,2.018519,2.018519,1.981481,2.018519,2.018519,2484000
1995-05-15,1.981481,2.055556,1.981481,2.055556,2.055556,2390850
1995-05-16,2.055556,2.092593,2.018519,2.087963,2.087963,3808350
1995-05-17,2.074074,2.092593,2.055556,2.074074,2.074074,1186650
1995-05-18,2.074074,2.074074,2.055556,2.055556,2.055556,426600
1995-05-19,2.037037,2.092593,2.037037,2.083333,2.083333,2440800
1995-05-22,2.055556,2.111111,2.055556,2.092593,2.092593,2893050
1995-05-23,2.111111,2.111111,2.074074,2.083333,2.083333,2347650
1995-05-24,2.092593,2.092593,1.981481,1.990741,1.990741,3697650
1995-05-25,2.0,2.018519,1.944444,1.953704,1.953704,1969650
1995-05-26,1.981481,1.981481,1.944444,1.953704,1.953704,1262250
1995-05-30,1.944444,1.962963,1.925926,1.944444,1.944444,1035450
1995-05-31,1.981481,1.981481,1.925926,1.953704,1.953704,1938600
1995-06-01,1.925926,2.0,1.925926,1.990741,1.990741,1468800
1995-06-02,1.981481,2.037037,1.944444,2.037037,2.037037,1923750
1995-06-05,2.0,2.092593,2.0,2.092593,2.092593,1877850
1995-06-06,2.055556,2.083333,2.055556,2.055556,2.055556,3854250
1995-06-07,2.074074,2.074074,2.037037,2.046296,2.046296,2069550
1995-06-08,2.037037,2.074074,2.037037,2.037037,2.037037,1385100
1995-06-09,2.037037,2.074074,2.0,2.037037,2.037037,1698300
1995-06-12,2.037037,2.055556,2.0,2.055556,2.055556,976050
1995-06-13,2.037037,2.092593,2.002315,2.018519,2.018519,4021650
1995-06-14,2.018519,2.018519,1.981481,1.981481,1.981481,1668600
1995-06-15,2.0,2.037037,1.981481,1.981481,1.981481,1621350
1995-06-16,2.009259,2.009259,1.953704,1.962963,1.962963,1318950
1995-06-19,1.981481,1.981481,1.953704,1.981481,1.981481,739800
1995-06-20,1.981481,2.018519,1.962963,2.018519,2.018519,1200150
1995-06-21,2.018519,2.037037,2.0,2.037037,2.037037,1741500
1995-06-22,2.037037,2.074074,2.009259,2.041667,2.041667,581850
1995-06-23,2.064815,2.092593,2.037037,2.083333,2.083333,3403350
1995-06-26,2.092593,2.092593,1.962963,1.981481,1.981481,2122200
1995-06-27,1.981481,2.046296,1.962963,2.037037,2.037037,1989900
1995-06-28,2.037037,2.074074,2.018519,2.055556,2.055556,3468150
1995-06-29,2.037037,2.087963,2.037037,2.064815,2.064815,1777950
1995-06-30,2.074074,2.083333,2.037037,2.083333,2.083333,764100
1995-07-03,2.055556,2.092593,2.055556,2.092593,2.092593,387450
1995-07-05,2.074074,2.148148,2.074074,2.12963,2.12963,2339550
1995-07-06,2.12963,2.148148,2.092593,2.111111,2.111111,2439450
1995-07-07,2.12963,2.240741,2.111111,2.222222,2.222222,12075750
1995-07-10,2.222222,2.222222,2.157407,2.166667,2.166667,3902850
1995-07-11,2.166667,2.166667,2.12963,2.12963,2.12963,884250
1995-07-12,2.166667,2.166667,2.12963,2.166667,2.166667,1038150
1995-07-13,2.148148,2.166667,2.138889,2.166667,2.166667,911250
1995-07-14,2.12963,2.148148,2.064815,2.064815,2.064815,2127600
1995-07-17,2.055556,2.092593,1.981481,2.009259,2.009259,3284550
1995-07-18,2.009259,2.074074,2.0,2.074074,2.074074,3165750
1995-07-19,2.055556,2.064815,1.981481,1.990741,1.990741,1647000
1995-07-20,2.0,2.055556,1.981481,2.037037,2.037037,990900
1995-07-21,2.055556,2.055556,2.018519,2.018519,2.018519,2027700
1995-07-24,2.046296,2.046296,1.962963,1.990741,1.990741,1258200
1995-07-25,2.009259,2.018519,1.888889,1.981481,1.981481,2484000
1995-07-26,1.981481,1.981481,1.87037,1.888889,1.888889,4916700
1995-07-27,1.898148,2.018519,1.87037,2.018519,2.018519,9687600
1995-07-28,2.0,2.12963,2.0,2.092593,2.092593,3279150
1995-07-31,2.111111,2.111111,2.055556,2.092593,2.092593,1398600
1995-08-01,2.092593,2.092593,2.037037,2.046296,2.046296,9888750
1995-08-02,2.064815,2.074074,2.018519,2.018519,2.018519,1219050
1995-08-03,2.0,2.037037,1.990741,2.009259,2.009259,1710450
1995-08-04,2.037037,2.037037,1.962963,2.009259,2.009259,1316250
1995-08-07,2.018519,2.018519,1.990741,1.990741,1.990741,2173500
1995-08-08,1.981481,2.018519,1.972222,1.990741,1.990741,1790100
1995-08-09,1.990741,1.990741,1.962963,1.981481,1.981481,1221750
1995-08-10,1.990741,2.083333,1.962963,2.064815,2.064815,3754350
1995-08-11,2.092593,2.092593,2.037037,2.037037,2.037037,1794150
1995-08-14,2.037037,2.055556,2.0,2.037037,2.037037,565650
1995-08-15,2.037037,2.037037,1.981481,2.009259,2.009259,783000
1995-08-16,2.009259,2.009259,1.944444,1.981481,1.981481,2953800
1995-08-17,1.962963,2.018519,1.962963,2.018519,2.018519,1035450
1995-08-18,2.013889,2.037037,1.981481,2.009259,2.009259,843750
1995-08-21,2.018519,2.037037,2.0,2.037037,2.037037,888300
1995-08-22,2.0,2.074074,2.0,2.055556,2.055556,1379700
1995-08-23,2.055556,2.074074,2.037037,2.037037,2.037037,553500
1995-08-24,2.037037,2.074074,2.037037,2.074074,2.074074,568350
1995-08-25,2.074074,2.074074,1.962963,1.990741,1.990741,2400300
1995-08-28,1.962963,2.0,1.962963,1.99537,1.99537,1333800
1995-08-29,1.972222,2.027778,1.972222,2.018519,2.018519,4230900
1995-08-30,2.138889,2.222222,2.12963,2.185185,2.185185,11098350
1995-08-31,2.203704,2.203704,2.111111,2.111111,2.111111,3009150
1995-09-01,2.148148,2.148148,2.092593,2.12037,2.12037,3217050
1995-09-05,2.12963,2.148148,2.092593,2.12963,2.12963,3901500
1995-09-06,2.12963,2.166667,2.12037,2.166667,2.166667,8144550
1995-09-07,2.185185,2.222222,2.166667,2.222222,2.222222,8171550
1995-09-08,2.222222,2.296296,2.203704,2.296296,2.296296,5852250
1995-09-11,2.296296,2.296296,2.259259,2.268519,2.268519,4089150
1995-09-12,2.259259,2.259259,2.212963,2.231481,2.231481,2199150
1995-09-13,2.240741,2.259259,2.222222,2.226852,2.226852,3144150
1995-09-14,2.240741,2.259259,2.222222,2.240741,2.240741,2382750
1995-09-15,2.231481,2.240741,2.148148,2.240741,2.240741,1902150
1995-09-18,2.240741,2.240741,2.12963,2.157407,2.157407,3581550
1995-09-19,2.148148,2.175926,2.148148,2.175926,2.175926,1725300
1995-09-20,2.175926,2.175926,2.12963,2.148148,2.148148,1343250
1995-09-21,2.12963,2.166667,2.074074,2.087963,2.087963,5719950
1995-09-22,2.074074,2.12037,2.055556,2.12037,2.12037,3674700
1995-09-25,2.12037,2.148148,2.101852,2.138889,2.138889,2756700
1995-09-26,2.111111,2.138889,2.092593,2.12963,2.12963,1733400
1995-09-27,2.111111,2.111111,2.074074,2.101852,2.101852,2289600
1995-09-28,2.101852,2.101852,2.037037,2.037037,2.037037,1277100
1995-09-29,2.064815,2.148148,2.055556,2.138889,2.138889,3496500
1995-10-02,2.111111,2.138889,2.092593,2.111111,2.111111,1266300
1995-10-03,2.12037,2.12037,2.092593,2.111111,2.111111,1890000
1995-10-04,2.092593,2.092593,2.046296,2.074074,2.074074,1545750
1995-10-05,2.074074,2.092593,2.055556,2.083333,2.083333,2371950
1995-10-06,2.092593,2.111111,2.074074,2.101852,2.101852,6069600
1995-10-09,2.111111,2.111111,2.018519,2.037037,2.037037,1922400
1995-10-10,2.018519,2.074074,1.962963,2.037037,2.037037,3865050
1995-10-11,2.092593,2.092593,2.055556,2.074074,2.074074,1661850
1995-10-12,2.074074,2.148148,2.064815,2.148148,2.148148,1871100
1995-10-13,2.148148,2.185185,2.12963,2.166667,2.166667,1691550
1995-10-16,2.166667,2.203704,2.12963,2.203704,2.203704,1235250
1995-10-17,2.203704,2.203704,2.148148,2.157407,2.157407,1483650
1995-10-18,2.148148,2.185185,2.074074,2.12037,2.12037,8665650
1995-10-19,2.12963,2.185185,2.111111,2.175926,2.175926,3720600
1995-10-20,2.185185,2.194444,2.166667,2.175926,2.175926,1788750
1995-10-23,2.185185,2.185185,2.138889,2.138889,2.138889,1830600
1995-10-24,2.166667,2.166667,2.0,2.009259,2.009259,3916350
1995-10-25,2.018519,2.027778,1.898148,1.898148,1.898148,8934300
1995-10-26,1.898148,2.0,1.888889,1.962963,1.962963,3191400
1995-10-27,1.962963,1.981481,1.925926,1.944444,1.944444,959850
1995-10-30,1.981481,1.981481,1.907407,1.925926,1.925926,2490750
1995-10-31,1.935185,1.944444,1.907407,1.907407,1.907407,1414800
1995-11-01,1.944444,1.944444,1.888889,1.925926,1.925926,2662200
1995-11-02,1.925926,1.925926,1.888889,1.907407,1.907407,2411100
1995-11-03,1.925926,1.925926,1.888889,1.888889,1.888889,5652450
1995-11-06,1.925926,1.925926,1.87037,1.907407,1.907407,5275800
1995-11-07,1.907407,2.037037,1.87037,1.981481,1.981481,6898500
1995-11-08,2.037037,2.111111,2.037037,2.074074,2.074074,4491450
1995-11-09,2.074074,2.092593,2.037037,2.074074,2.074074,2515050
1995-11-10,2.092593,2.092593,2.055556,2.092593,2.092593,2760750
1995-11-13,2.074074,2.092593,2.055556,2.064815,2.064815,2694600
1995-11-14,2.074074,2.074074,2.055556,2.064815,2.064815,903150
1995-11-15,2.074074,2.074074,2.037037,2.037037,2.037037,1416150
1995-11-16,2.037037,2.074074,2.037037,2.055556,2.055556,5387850
1995-11-17,2.055556,2.055556,2.037037,2.055556,2.055556,630450
1995-11-20,2.055556,2.055556,2.037037,2.037037,2.037037,946350
1995-11-21,2.055556,2.055556,1.981481,1.990741,1.990741,1472850
1995-11-22,2.0,2.0,1.962963,1.972222,1.972222,892350
1995-11-24,1.990741,2.018519,1.962963,2.018519,2.018519,1952100
1995-11-27,2.018519,2.018519,1.972222,2.0,2.0,1513350
1995-11-28,2.0,2.0,1.944444,1.958333,1.958333,3040200
1995-11-29,1.981481,1.981481,1.925926,1.962963,1.962963,3732750
1995-11-30,1.962963,1.962963,1.935185,1.962963,1.962963,2255850
1995-12-01,1.962963,2.0,1.944444,1.990741,1.990741,4695300
1995-12-04,2.0,2.037037,1.944444,2.018519,2.018519,7758450
1995-12-05,2.037037,2.037037,1.981481,1.981481,1.981481,4703400
1995-12-06,2.027778,2.111111,1.981481,2.078704,2.078704,3208950
1995-12-07,2.092593,2.185185,2.074074,2.166667,2.166667,8806050
1995-12-08,2.175926,2.185185,2.148148,2.175926,2.175926,1065150
1995-12-11,2.175926,2.175926,2.111111,2.138889,2.138889,993600
1995-12-12,2.111111,2.166667,2.111111,2.12963,2.12963,712800
1995-12-13,2.175926,2.185185,2.148148,2.185185,2.185185,1998000
1995-12-14,2.185185,2.185185,2.148148,2.148148,2.148148,2114100
1995-12-15,2.157407,2.185185,2.12963,2.166667,2.166667,1831950
1995-12-18,2.12963,2.166667,2.12963,2.148148,2.148148,680400
1995-12-19,2.148148,2.212963,2.111111,2.203704,2.203704,2786400
1995-12-20,2.222222,2.222222,2.185185,2.222222,2.222222,1572750
1995-12-21,2.222222,2.222222,2.157407,2.157407,2.157407,3408750
1995-12-22,2.148148,2.203704,2.111111,2.148148,2.148148,2878200
1995-12-26,2.12963,2.175926,2.111111,2.175926,2.175926,1783350
1995-12-27,2.175926,2.203704,2.148148,2.203704,2.203704,885600
1995-12-28,2.212963,2.240741,2.185185,2.231481,2.231481,4226850
1995-12-29,2.240741,2.240741,2.148148,2.222222,2.222222,4819500
1996-01-02,2.222222,2.231481,2.185185,2.212963,2.212963,1132650
1996-01-03,2.185185,2.231481,2.185185,2.203704,2.203704,1872450
1996-01-04,2.240741,2.25,2.212963,2.240741,2.240741,3176550
1996-01-05,2.212963,2.212963,2.185185,2.185185,2.185185,2606850
1996-01-08,2.212963,2.212963,2.185185,2.212963,2.212963,576450
1996-01-09,2.185185,2.212963,2.111111,2.111111,2.111111,3044250
1996-01-10,2.12037,2.12037,1.990741,2.018519,2.018519,3920400
1996-01-11,2.046296,2.101852,2.018519,2.092593,2.092593,2486700
1996-01-12,2.092593,2.092593,2.018519,2.046296,2.046296,1995300
1996-01-15,2.055556,2.055556,1.953704,1.953704,1.953704,2170800
1996-01-16,1.981481,2.0,1.953704,1.953704,1.953704,1714500
1996-01-17,1.981481,1.981481,1.944444,1.944444,1.944444,4495500
1996-01-18,1.981481,2.018519,1.944444,2.009259,2.009259,6291000
1996-01-19,2.009259,2.018519,1.972222,2.0,2.0,3105000
1996-01-22,2.0,2.0,1.925926,1.962963,1.962963,5111100
1996-01-23,1.907407,2.157407,1.87037,2.111111,2.111111,11161800
1996-01-24,2.12963,2.12963,1.981481,1.981481,1.981481,5348700
1996-01-25,2.018519,2.018519,1.944444,2.0,2.0,2565000
1996-01-26,1.962963,2.018519,1.907407,1.944444,1.944444,3796200
1996-01-29,1.962963,1.981481,1.925926,1.981481,1.981481,4395600
1996-01-30,1.972222,2.074074,1.972222,2.055556,2.055556,5817150
1996-01-31,2.055556,2.055556,2.0,2.0,2.0,5467500
1996-02-01,2.037037,2.037037,1.962963,1.962963,1.962963,4715550
1996-02-02,2.0,2.0,1.907407,1.962963,1.962963,5551200
1996-02-05,1.962963,1.981481,1.888889,1.962963,1.962963,7596450
1996-02-06,1.981481,2.009259,1.962963,1.972222,1.972222,5356800
1996-02-07,2.027778,2.240741,2.018519,2.212963,2.212963,17957700
1996-02-08,2.203704,2.277778,2.185185,2.268519,2.268519,9462150
1996-02-09,2.268519,2.37037,2.222222,2.324074,2.324074,9189450
1996-02-12,2.314815,2.37037,2.277778,2.37037,2.37037,4974750
1996-02-13,2.342593,2.388889,2.296296,2.37037,2.37037,6529950
1996-02-14,2.388889,2.388889,2.333333,2.37037,2.37037,3171150
1996-02-15,2.37037,2.37037,2.314815,2.351852,2.351852,3770550
1996-02-16,2.314815,2.351852,2.314815,2.333333,2.333333,1003050
1996-02-20,2.314815,2.314815,2.259259,2.259259,2.259259,2478600
1996-02-21,2.287037,2.314815,2.259259,2.314815,2.314815,3769200
1996-02-22,2.314815,2.351852,2.296296,2.324074,2.324074,2924100
1996-02-23,2.333333,2.333333,2.277778,2.314815,2.314815,2682450
1996-02-26,2.277778,2.314815,2.277778,2.277778,2.277778,1278450
1996-02-27,2.314815,2.314815,2.259259,2.259259,2.259259,1813050
1996-02-28,2.259259,2.333333,2.259259,2.296296,2.296296,1710450
1996-02-29,2.287037,2.333333,2.268519,2.296296,2.296296,1121850
1996-03-01,2.333333,2.333333,2.25,2.25,2.25,1934550
1996-03-04,2.25,2.277778,2.194444,2.203704,2.203704,4703400
1996-03-05,2.203704,2.277778,2.203704,2.268519,2.268519,3137400
1996-03-06,2.277778,2.277778,2.203704,2.240741,2.240741,9097650
1996-03-07,2.240741,2.240741,1.981481,2.064815,2.064815,38330550
1996-03-08,2.037037,2.083333,1.944444,2.0,2.0,13115250
1996-03-11,1.981481,2.037037,1.981481,2.037037,2.037037,6443550
1996-03-12,2.037037,2.037037,1.981481,2.018519,2.018519,4557600
1996-03-13,2.0,2.018519,1.925926,1.976852,1.976852,10241100
1996-03-14,1.962963,2.009259,1.944444,1.981481,1.981481,8579250
1996-03-15,1.944444,1.962963,1.851852,1.87963,1.87963,9632250
1996-03-18,1.888889,2.037037,1.87037,2.037037,2.037037,12965400
1996-03-19,2.055556,2.101852,1.981481,2.0,2.0,7800300
1996-03-20,2.018519,2.037037,1.981481,1.990741,1.990741,7697700
1996-03-21,2.074074,2.092593,1.925926,1.962963,1.962963,12742650
1996-03-22,1.962963,2.055556,1.944444,1.981481,1.981481,10251900
1996-03-25,2.0,2.018519,1.981481,2.009259,2.009259,7047000
1996-03-26,2.018519,2.074074,1.981481,2.046296,2.046296,6878250
1996-03-27,2.074074,2.111111,2.046296,2.083333,2.083333,3153600
1996-03-28,2.083333,2.083333,2.027778,2.046296,2.046296,2315250
1996-03-29,2.055556,2.074074,2.037037,2.074074,2.074074,1621350
1996-04-01,2.092593,2.212963,2.037037,2.203704,2.203704,5370300
1996-04-02,2.203704,2.203704,2.138889,2.157407,2.157407,2218050
1996-04-03,2.166667,2.166667,2.037037,2.101852,2.101852,3678750
1996-04-04,2.111111,2.175926,2.083333,2.148148,2.148148,5336550
1996-04-08,2.12963,2.12963,2.074074,2.078704,2.078704,8699400
1996-04-09,2.101852,2.111111,2.074074,2.111111,2.111111,3206250
1996-04-10,2.111111,2.157407,2.083333,2.138889,2.138889,2374650
1996-04-11,2.157407,2.157407,2.111111,2.111111,2.111111,1892700
1996-04-12,2.148148,2.166667,2.12963,2.138889,2.138889,10288350
1996-04-15,2.12963,2.166667,2.12963,2.148148,2.148148,3672000
1996-04-16,2.138889,2.157407,2.138889,2.157407,2.157407,2326050
1996-04-17,2.157407,2.157407,2.138889,2.157407,2.157407,4488750
1996-04-18,2.157407,2.157407,2.138889,2.138889,2.138889,747900
1996-04-19,2.157407,2.166667,2.111111,2.148148,2.148148,2133000
1996-04-22,2.148148,2.157407,2.111111,2.12963,2.12963,2066850
1996-04-23,2.157407,2.231481,2.12963,2.185185,2.185185,4645350
1996-04-24,2.222222,2.333333,2.222222,2.305556,2.305556,8316000
1996-04-25,2.268519,2.388889,2.268519,2.314815,2.314815,5579550
1996-04-26,2.351852,2.351852,2.314815,2.324074,2.324074,2555550
1996-04-29,2.351852,2.351852,2.268519,2.277778,2.277778,2979450
1996-04-30,2.296296,2.296296,2.259259,2.259259,2.259259,2012850
1996-05-01,2.25,2.277778,2.222222,2.277778,2.277778,4984200
1996-05-02,2.268519,2.277778,2.138889,2.138889,2.138889,6277500
1996-05-03,2.166667,2.185185,2.12963,2.185185,2.185185,3419550
1996-05-06,2.194444,2.277778,2.166667,2.277778,2.277778,4509000
1996-05-07,2.259259,2.305556,2.240741,2.268519,2.268519,7886700
1996-05-08,2.259259,2.277778,2.203704,2.203704,2.203704,2702700
1996-05-09,2.231481,2.259259,2.203704,2.259259,2.259259,1632150
1996-05-10,2.268519,2.342593,2.240741,2.333333,2.333333,2578500
1996-05-13,2.342593,2.342593,2.305556,2.333333,2.333333,2436750
1996-05-14,2.351852,2.388889,2.342593,2.375,2.375,4487400
1996-05-15,2.361111,2.407407,2.361111,2.37963,2.37963,8746650
1996-05-16,2.37037,2.398148,2.37037,2.388889,2.388889,5837400
1996-05-17,2.37037,2.388889,2.37037,2.388889,2.388889,1428300
1996-05-20,2.388889,2.388889,2.333333,2.342593,2.342593,1692900
1996-05-21,2.37037,2.388889,2.342593,2.361111,2.361111,2882250
1996-05-22,2.37963,2.37963,2.333333,2.361111,2.361111,4639950
1996-05-23,2.361111,2.361111,2.333333,2.342593,2.342593,4780350
1996-05-24,2.361111,2.361111,2.342593,2.347222,2.347222,2972700
1996-05-28,2.342593,2.361111,2.314815,2.314815,2.314815,2571750
1996-05-29,2.333333,2.444444,2.305556,2.351852,2.351852,4955850
1996-05-30,2.351852,2.407407,2.342593,2.361111,2.361111,2133000
1996-05-31,2.388889,2.388889,2.277778,2.324074,2.324074,3038850
1996-06-03,2.342593,2.342593,2.305556,2.333333,2.333333,1776600
1996-06-04,2.305556,2.333333,2.268519,2.296296,2.296296,1296000
1996-06-05,2.268519,2.296296,2.268519,2.296296,2.296296,679050
1996-06-06,2.296296,2.314815,2.268519,2.277778,2.277778,1393200
1996-06-07,2.277778,2.314815,2.240741,2.277778,2.277778,1402650
1996-06-10,2.333333,2.388889,2.277778,2.351852,2.351852,1738800
1996-06-11,2.351852,2.435185,2.351852,2.37037,2.37037,3538350
1996-06-12,2.388889,2.388889,2.333333,2.37037,2.37037,1691550
1996-06-13,2.342593,2.481481,2.342593,2.472222,2.472222,4302450
1996-06-14,2.509259,2.537037,2.333333,2.333333,2.333333,6489450
1996-06-17,2.361111,2.361111,2.324074,2.342593,2.342593,1890000
1996-06-18,2.361111,2.361111,2.305556,2.324074,2.324074,3169800
1996-06-19,2.342593,2.351852,2.314815,2.351852,2.351852,2936250
1996-06-20,2.351852,2.351852,2.277778,2.277778,2.277778,2841750
1996-06-21,2.314815,2.314815,2.259259,2.259259,2.259259,2876850
1996-06-24,2.296296,2.296296,2.231481,2.240741,2.240741,1680750
1996-06-25,2.277778,2.277778,2.185185,2.222222,2.222222,2813400
1996-06-26,2.222222,2.222222,2.148148,2.175926,2.175926,1741500
1996-06-27,2.185185,2.203704,2.148148,2.203704,2.203704,1961550
1996-06-28,2.222222,2.296296,2.185185,2.222222,2.222222,8063550
1996-07-01,2.240741,2.333333,2.194444,2.333333,2.333333,3940650
1996-07-02,2.351852,2.462963,2.351852,2.444444,2.444444,6280200
1996-07-03,2.444444,2.481481,2.398148,2.453704,2.453704,4263300
1996-07-05,2.407407,2.462963,2.388889,2.388889,2.388889,3250800
1996-07-08,2.37037,2.453704,2.37037,2.416667,2.416667,2695950
1996-07-09,2.444444,2.444444,2.37963,2.398148,2.398148,2003400
1996-07-10,2.407407,2.407407,2.166667,2.203704,2.203704,6570450
1996-07-11,2.222222,2.222222,2.037037,2.12037,2.12037,7809750
1996-07-12,2.12037,2.296296,2.111111,2.268519,2.268519,5686200
1996-07-15,2.259259,2.268519,2.203704,2.212963,2.212963,3676050
1996-07-16,2.203704,2.222222,2.055556,2.12037,2.12037,4259250
1996-07-17,2.166667,2.222222,2.12037,2.175926,2.175926,3696300
1996-07-18,2.203704,2.240741,2.166667,2.222222,2.222222,2566350
1996-07-19,2.231481,2.231481,2.203704,2.231481,2.231481,1702350
1996-07-22,2.203704,2.231481,2.203704,2.231481,2.231481,596700
1996-07-23,2.259259,2.268519,2.148148,2.175926,2.175926,3504600
1996-07-24,2.12963,2.203704,2.074074,2.203704,2.203704,1923750
1996-07-25,2.296296,2.407407,2.296296,2.37963,2.37963,7844850
1996-07-26,2.388889,2.509259,2.388889,2.481481,2.481481,6176250
1996-07-29,2.490741,2.490741,2.425926,2.444444,2.444444,6461100
1996-07-30,2.481481,2.481481,2.453704,2.462963,2.462963,8376750
1996-07-31,2.462963,2.509259,2.462963,2.481481,2.481481,5123250
1996-08-01,2.509259,2.537037,2.481481,2.509259,2.509259,3804300
1996-08-02,2.555556,2.648148,2.537037,2.62037,2.62037,8202600
1996-08-05,2.648148,2.685185,2.611111,2.671296,2.671296,6764850
1996-08-06,2.657407,2.685185,2.592593,2.611111,2.611111,5520150
1996-08-07,2.601852,2.648148,2.583333,2.638889,2.638889,6151950
1996-08-08,2.62963,2.62963,2.583333,2.601852,2.601852,3527550
1996-08-09,2.574074,2.592593,2.518519,2.518519,2.518519,1590300
1996-08-12,2.555556,2.592593,2.481481,2.574074,2.574074,2366550
1996-08-13,2.518519,2.611111,2.518519,2.583333,2.583333,3454650
1996-08-14,2.592593,2.611111,2.555556,2.583333,2.583333,930150
1996-08-15,2.611111,2.611111,2.555556,2.574074,2.574074,529200
1996-08-16,2.555556,2.592593,2.5,2.518519,2.518519,4348350
1996-08-19,2.518519,2.537037,2.5,2.509259,2.509259,940950
1996-08-20,2.537037,2.537037,2.453704,2.490741,2.490741,2421900
1996-08-21,2.490741,2.527778,2.453704,2.527778,2.527778,1975050
1996-08-22,2.527778,2.527778,2.490741,2.518519,2.518519,789750
1996-08-23,2.490741,2.555556,2.490741,2.546296,2.546296,1372950
1996-08-26,2.527778,2.62963,2.527778,2.62963,2.62963,2582550
1996-08-27,2.666667,2.666667,2.611111,2.611111,2.611111,3750300
1996-08-28,2.611111,2.648148,2.574074,2.574074,2.574074,1065150
1996-08-29,2.574074,2.592593,2.5,2.5,2.5,1090800
1996-08-30,2.5,2.537037,2.481481,2.509259,2.509259,1189350
1996-09-03,2.481481,2.481481,2.398148,2.444444,2.444444,1486350
1996-09-04,2.462963,2.518519,2.462963,2.5,2.5,657450
1996-09-05,2.481481,2.527778,2.481481,2.518519,2.518519,1780650
1996-09-06,2.537037,2.555556,2.518519,2.555556,2.555556,999000
1996-09-09,2.537037,2.62963,2.518519,2.527778,2.527778,2062800
1996-09-10,2.537037,2.555556,2.5,2.555556,2.555556,1495800
1996-09-11,2.518519,2.537037,2.518519,2.537037,2.537037,777600
1996-09-12,2.555556,2.601852,2.5,2.592593,2.592593,2432700
1996-09-13,2.611111,2.611111,2.509259,2.574074,2.574074,2968650
1996-09-16,2.546296,2.648148,2.546296,2.611111,2.611111,3912300
1996-09-17,2.611111,2.712963,2.611111,2.666667,2.666667,4591350
1996-09-18,2.685185,2.685185,2.62037,2.62037,2.62037,1618650
1996-09-19,2.62037,2.638889,2.583333,2.592593,2.592593,1155600
1996-09-20,2.611111,2.648148,2.583333,2.62963,2.62963,1695600
1996-09-23,2.648148,2.685185,2.611111,2.675926,2.675926,3006450
1996-09-24,2.657407,2.703704,2.648148,2.685185,2.685185,1632150
1996-09-25,2.703704,2.722222,2.666667,2.722222,2.722222,1337850
1996-09-26,2.759259,2.907407,2.75,2.851852,2.851852,7615350
1996-09-27,2.861111,2.87963,2.833333,2.865741,2.865741,3118500
1996-09-30,2.87037,2.87037,2.824074,2.833333,2.833333,2760750
1996-10-01,2.814815,2.851852,2.814815,2.851852,2.851852,1536300
1996-10-02,2.851852,2.851852,2.740741,2.740741,2.740741,3200850
1996-10-03,2.759259,2.861111,2.666667,2.824074,2.824074,6948450
1996-10-04,2.833333,2.888889,2.814815,2.851852,2.851852,1636200
1996-10-07,2.907407,2.944444,2.833333,2.861111,2.861111,2741850
1996-10-08,2.87037,2.907407,2.842593,2.861111,2.861111,2712150
1996-10-09,2.888889,2.888889,2.833333,2.842593,2.842593,3902850
1996-10-10,2.833333,2.888889,2.833333,2.861111,2.861111,2416500
1996-10-11,2.842593,2.861111,2.796296,2.814815,2.814815,3106350
1996-10-14,2.814815,2.87037,2.814815,2.851852,2.851852,835650
1996-10-15,2.833333,2.962963,2.833333,2.87037,2.87037,2789100
1996-10-16,2.87037,2.907407,2.759259,2.851852,2.851852,2934900
1996-10-17,2.833333,2.990741,2.833333,2.925926,2.925926,3041550
1996-10-18,2.925926,2.944444,2.861111,2.935185,2.935185,2288250
1996-10-21,2.888889,2.972222,2.888889,2.925926,2.925926,1429650
1996-10-22,2.925926,2.981481,2.851852,2.851852,2.851852,3816450
1996-10-23,2.851852,2.87963,2.768519,2.814815,2.814815,3086100
1996-10-24,2.851852,2.87037,2.777778,2.791667,2.791667,2428650
1996-10-25,2.777778,2.814815,2.740741,2.777778,2.777778,2413800
1996-10-28,2.777778,2.814815,2.759259,2.763889,2.763889,2164050
1996-10-29,2.759259,2.824074,2.759259,2.768519,2.768519,2331450
1996-10-30,2.796296,2.796296,2.759259,2.768519,2.768519,2035800
1996-10-31,2.759259,2.87037,2.759259,2.842593,2.842593,2610900
1996-11-01,2.842593,2.851852,2.777778,2.805556,2.805556,1593000
1996-11-04,2.796296,2.842593,2.796296,2.833333,2.833333,926100
1996-11-05,2.805556,2.851852,2.768519,2.814815,2.814815,3206250
1996-11-06,2.833333,2.851852,2.814815,2.824074,2.824074,1553850
1996-11-07,2.824074,2.851852,2.824074,2.824074,2.824074,344250
1996-11-08,2.824074,2.851852,2.796296,2.796296,2.796296,1008450
1996-11-11,2.796296,2.833333,2.777778,2.814815,2.814815,1844100
1996-11-12,2.787037,2.824074,2.712963,2.740741,2.740741,3369600
1996-11-13,2.712963,2.740741,2.703704,2.740741,2.740741,874800
1996-11-14,2.740741,2.740741,2.703704,2.722222,2.722222,1116450
1996-11-15,2.722222,2.740741,2.648148,2.671296,2.671296,3338550
1996-11-18,2.694444,2.694444,2.62963,2.666667,2.666667,1522800
1996-11-19,2.648148,2.722222,2.62963,2.722222,2.722222,2458350
1996-11-20,2.722222,2.722222,2.694444,2.694444,2.694444,436050
1996-11-21,2.722222,2.851852,2.694444,2.833333,2.833333,2713500
1996-11-22,2.824074,2.87963,2.824074,2.851852,2.851852,2324700
1996-11-25,2.861111,2.925926,2.842593,2.907407,2.907407,2218050
1996-11-26,2.898148,2.925926,2.824074,2.824074,2.824074,1510650
1996-11-27,2.824074,2.833333,2.814815,2.814815,2.814815,1582200
1996-11-29,2.824074,2.833333,2.796296,2.796296,2.796296,672300
1996-12-02,2.796296,2.805556,2.777778,2.777778,2.777778,1899450
1996-12-03,2.796296,2.796296,2.685185,2.712963,2.712963,3191400
1996-12-04,2.712963,2.712963,2.62963,2.675926,2.675926,2157300
1996-12-05,2.666667,2.685185,2.657407,2.685185,2.685185,1637550
1996-12-06,2.62037,2.648148,2.601852,2.611111,2.611111,1408050
1996-12-09,2.657407,2.685185,2.62963,2.666667,2.666667,471150
1996-12-10,2.694444,2.768519,2.666667,2.694444,2.694444,1213650
1996-12-11,2.703704,2.703704,2.657407,2.666667,2.666667,1024650
1996-12-12,2.666667,2.675926,2.481481,2.518519,2.518519,3893400
1996-12-13,2.509259,2.564815,2.416667,2.564815,2.564815,5706450
1996-12-16,2.583333,2.583333,2.5,2.527778,2.527778,2579850
1996-12-17,2.527778,2.62963,2.518519,2.601852,2.601852,3591000
1996-12-18,2.62963,2.666667,2.592593,2.601852,2.601852,4014900
1996-12-19,2.62963,2.666667,2.592593,2.648148,2.648148,2484000
1996-12-20,2.648148,2.657407,2.62037,2.657407,2.657407,907200
1996-12-23,2.648148,2.666667,2.62037,2.62037,2.62037,1614600
1996-12-24,2.62037,2.648148,2.62037,2.638889,2.638889,1607850
1996-12-26,2.62037,2.638889,2.62037,2.62037,2.62037,504900
1996-12-27,2.62037,2.648148,2.611111,2.648148,2.648148,544050
1996-12-30,2.611111,2.722222,2.611111,2.685185,2.685185,1969650
1996-12-31,2.685185,2.759259,2.666667,2.722222,2.722222,2870100
1997-01-02,2.722222,2.740741,2.694444,2.699074,2.699074,2438100
1997-01-03,2.694444,2.759259,2.694444,2.740741,2.740741,4263300
1997-01-06,2.740741,2.75,2.703704,2.722222,2.722222,4428000
1997-01-07,2.712963,2.731481,2.666667,2.703704,2.703704,757350
1997-01-08,2.685185,2.722222,2.666667,2.680556,2.680556,2968650
1997-01-09,2.703704,2.722222,2.648148,2.680556,2.680556,3680100
1997-01-10,2.685185,2.712963,2.675926,2.712963,2.712963,1593000
1997-01-13,2.685185,2.722222,2.685185,2.712963,2.712963,1551150
1997-01-14,2.703704,2.768519,2.703704,2.768519,2.768519,3028050
1997-01-15,2.75,2.768519,2.722222,2.722222,2.722222,7167150
1997-01-16,2.722222,2.759259,2.722222,2.731481,2.731481,4422600
1997-01-17,2.722222,2.740741,2.712963,2.740741,2.740741,521100
1997-01-20,2.740741,2.740741,2.685185,2.685185,2.685185,1142100
1997-01-21,2.685185,2.703704,2.634259,2.638889,2.638889,4548150
1997-01-22,2.666667,2.703704,2.638889,2.703704,2.703704,4391550
1997-01-23,2.703704,2.777778,2.666667,2.666667,2.666667,5926500
1997-01-24,2.675926,2.675926,2.592593,2.601852,2.601852,2683800
1997-01-27,2.62963,2.62963,2.555556,2.583333,2.583333,2593350
1997-01-28,2.601852,2.601852,2.546296,2.555556,2.555556,7119900
1997-01-29,2.555556,2.564815,2.490741,2.490741,2.490741,5483700
1997-01-30,2.518519,2.537037,2.5,2.537037,2.537037,6369300
1997-01-31,2.546296,2.546296,2.472222,2.476852,2.476852,5609250
1997-02-03,2.5,2.5,2.407407,2.481481,2.481481,24907500
1997-02-04,2.5,2.555556,2.481481,2.537037,2.537037,5016600
1997-02-05,2.537037,2.611111,2.509259,2.564815,2.564815,6334200
1997-02-06,2.583333,2.583333,2.555556,2.583333,2.583333,611550
1997-02-07,2.611111,2.657407,2.601852,2.62963,2.62963,1537650
1997-02-10,2.648148,2.712963,2.62037,2.685185,2.685185,3612600
1997-02-11,2.703704,2.703704,2.666667,2.666667,2.666667,1945350
1997-02-12,2.694444,2.712963,2.666667,2.712963,2.712963,1463400
1997-02-13,2.685185,2.712963,2.657407,2.657407,2.657407,3046950
1997-02-14,2.657407,2.685185,2.601852,2.611111,2.611111,2355750
1997-02-18,2.601852,2.62963,2.601852,2.62037,2.62037,1917000
1997-02-19,2.592593,2.611111,2.527778,2.550926,2.550926,4494150
1997-02-20,2.564815,2.583333,2.527778,2.569444,2.569444,1944000
1997-02-21,2.555556,2.583333,2.555556,2.574074,2.574074,1408050
1997-02-24,2.555556,2.611111,2.546296,2.546296,2.546296,2290950
1997-02-25,2.583333,2.592593,2.509259,2.555556,2.555556,1367550
1997-02-26,2.564815,2.564815,2.518519,2.518519,2.518519,1359450
1997-02-27,2.518519,2.546296,2.490741,2.509259,2.509259,2536650
1997-02-28,2.518519,2.518519,2.425926,2.425926,2.425926,2718900
1997-03-03,2.453704,2.740741,2.425926,2.712963,2.712963,9107100
1997-03-04,2.712963,2.824074,2.685185,2.787037,2.787037,9305550
1997-03-05,2.796296,2.898148,2.768519,2.888889,2.888889,8271450
1997-03-06,2.888889,2.888889,2.796296,2.805556,2.805556,3510000
1997-03-07,2.814815,2.814815,2.787037,2.805556,2.805556,2149200
1997-03-10,2.787037,2.87963,2.787037,2.875,2.875,5161050
1997-03-11,2.907407,2.935185,2.87037,2.87037,2.87037,4590000
1997-03-12,2.888889,2.898148,2.851852,2.851852,2.851852,3412800
1997-03-13,2.833333,2.833333,2.777778,2.805556,2.805556,4594050
1997-03-14,2.833333,2.87963,2.805556,2.814815,2.814815,4661550
1997-03-17,2.842593,2.842593,2.796296,2.805556,2.805556,4477950
1997-03-18,2.824074,2.842593,2.787037,2.814815,2.814815,3843450
1997-03-19,2.805556,2.861111,2.796296,2.805556,2.805556,4760100
1997-03-20,2.810185,2.824074,2.777778,2.777778,2.777778,3731400
1997-03-21,2.833333,2.851852,2.805556,2.805556,2.805556,3018600
1997-03-24,2.833333,2.833333,2.703704,2.768519,2.768519,2664900
1997-03-25,2.75,2.777778,2.75,2.759259,2.759259,2427300
1997-03-26,2.768519,2.805556,2.75,2.787037,2.787037,649350
1997-03-27,2.759259,2.787037,2.712963,2.740741,2.740741,1830600
1997-03-31,2.759259,2.759259,2.722222,2.759259,2.759259,2155950
1997-04-01,2.722222,2.787037,2.722222,2.759259,2.759259,3813750
1997-04-02,2.768519,2.768519,2.731481,2.768519,2.768519,294300
1997-04-03,2.731481,2.768519,2.703704,2.740741,2.740741,2891700
1997-04-04,2.731481,2.759259,2.722222,2.74537,2.74537,5637600
1997-04-07,2.731481,2.833333,2.731481,2.810185,2.810185,1678050
1997-04-08,2.787037,2.824074,2.768519,2.796296,2.796296,670950
1997-04-09,2.787037,2.796296,2.75,2.777778,2.777778,807300
1997-04-10,2.75,2.768519,2.75,2.75,2.75,2520450
1997-04-11,2.740741,2.75,2.703704,2.722222,2.722222,4592700
1997-04-14,2.703704,2.796296,2.703704,2.796296,2.796296,1185300
1997-04-15,2.777778,2.87037,2.777778,2.842593,2.842593,2821500
1997-04-16,2.833333,2.87037,2.805556,2.814815,2.814815,1817100
1997-04-17,2.814815,2.851852,2.740741,2.777778,2.777778,3202200
1997-04-18,2.759259,2.777778,2.740741,2.740741,2.740741,2812050
1997-04-21,2.731481,2.759259,2.694444,2.703704,2.703704,1483650
1997-04-22,2.712963,2.777778,2.703704,2.759259,2.759259,7086150
1997-04-23,2.759259,2.907407,2.759259,2.907407,2.907407,3767850
1997-04-24,2.888889,2.898148,2.842593,2.842593,2.842593,4251150
1997-04-25,2.814815,2.833333,2.796296,2.814815,2.814815,2285550
1997-04-28,2.814815,2.824074,2.740741,2.777778,2.777778,2878200
1997-04-29,2.759259,2.824074,2.759259,2.796296,2.796296,3855600
1997-04-30,2.796296,2.842593,2.777778,2.796296,2.796296,2551500
1997-05-01,2.777778,2.814815,2.731481,2.731481,2.731481,3084750
1997-05-02,2.731481,2.87037,2.731481,2.87037,2.87037,12942450
1997-05-05,2.851852,3.074074,2.851852,3.037037,3.037037,16568550
1997-05-06,2.990741,3.018519,2.944444,2.962963,2.962963,6833700
1997-05-07,2.916667,2.962963,2.759259,2.777778,2.777778,2637900
1997-05-08,2.759259,2.898148,2.722222,2.87037,2.87037,6575850
1997-05-09,2.888889,2.888889,2.856481,2.861111,2.861111,2374650
1997-05-12,2.851852,2.861111,2.787037,2.791667,2.791667,2350350
1997-05-13,2.787037,2.805556,2.759259,2.759259,2.759259,7130700
1997-05-14,2.75,2.777778,2.712963,2.75,2.75,4175550
1997-05-15,2.759259,2.759259,2.731481,2.731481,2.731481,2226150
1997-05-16,2.740741,2.824074,2.722222,2.796296,2.796296,18447750
1997-05-19,2.787037,2.814815,2.777778,2.796296,2.796296,5958900
1997-05-20,2.796296,2.805556,2.777778,2.805556,2.805556,11209050
1997-05-21,2.814815,2.824074,2.777778,2.777778,2.777778,6650100
1997-05-22,2.787037,2.888889,2.768519,2.87037,2.87037,11689650
1997-05-23,2.861111,2.888889,2.861111,2.87963,2.87963,7009200
1997-05-27,2.87037,2.953704,2.842593,2.944444,2.944444,10546200
1997-05-28,2.953704,2.953704,2.935185,2.944444,2.944444,11257650
1997-05-29,2.935185,2.981481,2.935185,2.972222,2.972222,5634900
1997-05-30,2.888889,3.083333,2.87963,3.046296,3.046296,11587050
1997-06-02,3.046296,3.074074,2.861111,2.916667,2.916667,8776350
1997-06-03,2.888889,2.953704,2.851852,2.939815,2.939815,7214400
1997-06-04,2.944444,2.944444,2.916667,2.925926,2.925926,4001400
1997-06-05,2.935185,2.935185,2.824074,2.842593,2.842593,6083100
1997-06-06,2.842593,2.972222,2.814815,2.898148,2.898148,6702750
1997-06-09,2.888889,2.981481,2.888889,2.976852,2.976852,7916400
1997-06-10,2.981481,3.027778,2.981481,2.990741,2.990741,4850550
1997-06-11,3.0,3.111111,2.990741,3.032407,3.032407,15866550
1997-06-12,3.027778,3.074074,3.0,3.037037,3.037037,5186700
1997-06-13,3.055556,3.12963,3.046296,3.12037,3.12037,14169600
1997-06-16,3.111111,3.175926,3.101852,3.157407,3.157407,11647800
1997-06-17,3.148148,3.175926,3.12037,3.157407,3.157407,8036550
1997-06-18,3.12963,3.175926,3.12963,3.175926,3.175926,1869750
1997-06-19,3.166667,3.277778,3.157407,3.268519,3.268519,6309900
1997-06-20,3.287037,3.296296,3.259259,3.277778,3.277778,5198850
1997-06-23,3.268519,3.287037,3.259259,3.277778,3.277778,8513100
1997-06-24,3.305556,3.314815,3.287037,3.296296,3.296296,3746250
1997-06-25,3.305556,3.314815,3.268519,3.268519,3.268519,3333150
1997-06-26,3.268519,3.296296,3.268519,3.282407,3.282407,2772900
1997-06-27,3.287037,3.314815,3.268519,3.296296,3.296296,3219750
1997-06-30,3.277778,3.324074,3.277778,3.305556,3.305556,3874500
1997-07-01,3.314815,3.333333,3.287037,3.298611,3.298611,5950800
1997-07-02,3.305556,3.314815,3.287037,3.310185,3.310185,7946100
1997-07-03,3.324074,3.333333,3.305556,3.333333,3.333333,1129950
1997-07-07,3.305556,3.342593,3.305556,3.328704,3.328704,2463750
1997-07-08,3.333333,3.37963,3.314815,3.375,3.375,7692300
1997-07-09,3.37963,3.37963,3.333333,3.356481,3.356481,5881950
1997-07-10,3.361111,3.361111,3.305556,3.342593,3.342593,2253150
1997-07-11,3.342593,3.472222,3.314815,3.449074,3.449074,9072000
1997-07-14,3.453704,3.611111,3.444444,3.611111,3.611111,14085900
1997-07-15,3.611111,3.694444,3.583333,3.666667,3.666667,13130100
1997-07-16,3.685185,3.685185,3.611111,3.62037,3.62037,11592450
1997-07-17,3.638889,3.648148,3.62037,3.638889,3.638889,6299100
1997-07-18,3.638889,3.638889,3.62037,3.638889,3.638889,4221450
1997-07-21,3.62963,3.62963,3.574074,3.574074,3.574074,3748950
1997-07-22,3.574074,3.648148,3.5,3.527778,3.527778,7183350
1997-07-23,3.5,3.509259,3.462963,3.49537,3.49537,9751050
1997-07-24,3.509259,3.574074,3.490741,3.564815,3.564815,4963950
1997-07-25,3.564815,3.611111,3.537037,3.564815,3.564815,3651750
1997-07-28,3.546296,3.555556,3.509259,3.509259,3.509259,1109700
1997-07-29,3.509259,3.537037,3.444444,3.481481,3.481481,2739150
1997-07-30,3.481481,3.537037,3.444444,3.537037,3.537037,4807350
1997-07-31,3.518519,3.560185,3.518519,3.555556,3.555556,3343950
1997-08-01,3.560185,3.560185,3.523148,3.555556,3.555556,6438150
1997-08-04,3.555556,3.555556,3.537037,3.555556,3.555556,2128950
1997-08-05,3.527778,3.555556,3.518519,3.546296,3.546296,2273400
1997-08-06,3.527778,3.546296,3.481481,3.490741,3.490741,3400650
1997-08-07,3.472222,3.537037,3.425926,3.5,3.5,3159000
1997-08-08,3.490741,3.518519,3.462963,3.49537,3.49537,2029050
1997-08-11,3.472222,3.481481,3.398148,3.472222,3.472222,3473550
1997-08-12,3.490741,3.546296,3.453704,3.481481,3.481481,2840400
1997-08-13,3.490741,3.490741,3.416667,3.481481,3.481481,2201850
1997-08-14,3.5,3.5,3.462963,3.481481,3.481481,1178550
1997-08-15,3.462963,3.537037,3.462963,3.490741,3.490741,1710450
1997-08-18,3.453704,3.5,3.453704,3.472222,3.472222,3187350
1997-08-19,3.444444,3.472222,3.407407,3.435185,3.435185,1773900
1997-08-20,3.398148,3.490741,3.398148,3.481481,3.481481,2285550
1997-08-21,3.490741,3.490741,3.407407,3.435185,3.435185,4206600
1997-08-22,3.407407,3.472222,3.37037,3.407407,3.407407,2695950
1997-08-25,3.407407,3.490741,3.37963,3.453704,3.453704,4009500
1997-08-26,3.425926,3.5,3.425926,3.467593,3.467593,2538000
1997-08-27,3.490741,3.490741,3.435185,3.462963,3.462963,1467450
1997-08-28,3.425926,3.486111,3.425926,3.458333,3.458333,1219050
1997-08-29,3.472222,3.472222,3.305556,3.333333,3.333333,1919700
1997-09-02,3.333333,3.5,3.305556,3.462963,3.462963,2770200
1997-09-03,3.481481,3.490741,3.416667,3.444444,3.444444,4834350
1997-09-04,3.435185,3.490741,3.435185,3.481481,3.481481,1871100
1997-09-05,3.486111,3.564815,3.481481,3.537037,3.537037,2828250
1997-09-08,3.546296,3.638889,3.5,3.518519,3.518519,4309200
1997-09-09,3.518519,3.518519,3.444444,3.486111,3.486111,1175850
1997-09-10,3.472222,3.5,3.37963,3.398148,3.398148,4041900
1997-09-11,3.388889,3.472222,3.388889,3.467593,3.467593,1831950
1997-09-12,3.472222,3.574074,3.435185,3.518519,3.518519,2532600
1997-09-15,3.518519,3.583333,3.490741,3.546296,3.546296,2108700
1997-09-16,3.555556,3.583333,3.490741,3.574074,3.574074,2012850
1997-09-17,3.592593,3.648148,3.546296,3.601852,3.601852,3612600
1997-09-18,3.62963,3.638889,3.592593,3.634259,3.634259,1479600
1997-09-19,3.638889,3.638889,3.555556,3.555556,3.555556,2621700
1997-09-22,3.574074,3.611111,3.537037,3.574074,3.574074,2060100
1997-09-23,3.537037,3.555556,3.462963,3.472222,3.472222,2980800
1997-09-24,3.453704,3.490741,3.444444,3.453704,3.453704,2403000
1997-09-25,3.435185,3.472222,3.361111,3.37037,3.37037,5645700
1997-09-26,3.398148,3.398148,3.277778,3.277778,3.277778,7265700
1997-09-29,3.287037,3.342593,3.268519,3.333333,3.333333,5420250
1997-09-30,3.314815,3.333333,3.231481,3.25,3.25,7931250
1997-10-01,3.277778,3.490741,3.268519,3.476852,3.476852,8602200
1997-10-02,3.481481,3.527778,3.453704,3.486111,3.486111,2767500
1997-10-03,3.481481,3.546296,3.462963,3.537037,3.537037,2131650
1997-10-06,3.509259,3.657407,3.481481,3.648148,3.648148,3636900
1997-10-07,3.62963,3.703704,3.62037,3.666667,3.666667,4145850
1997-10-08,3.666667,3.712963,3.62963,3.62963,3.62963,5377050
1997-10-09,3.638889,3.648148,3.564815,3.611111,3.611111,1155600
1997-10-10,3.601852,3.611111,3.481481,3.5,3.5,1939950
1997-10-13,3.518519,3.564815,3.5,3.5,3.5,3865050
1997-10-14,3.518519,3.527778,3.361111,3.37963,3.37963,2130300
1997-10-15,3.342593,3.453704,3.342593,3.421296,3.421296,7850250
1997-10-16,3.425926,3.444444,3.342593,3.361111,3.361111,2897100
1997-10-17,3.342593,3.407407,3.277778,3.361111,3.361111,1842750
1997-10-20,3.351852,3.37963,3.296296,3.333333,3.333333,2901150
1997-10-21,3.37963,3.444444,3.365741,3.37963,3.37963,2253150
1997-10-22,3.37037,3.416667,3.347222,3.384259,3.384259,3144150
1997-10-23,3.324074,3.37037,3.166667,3.199074,3.199074,3111750
1997-10-24,3.259259,3.314815,3.203704,3.240741,3.240741,5216400
1997-10-27,3.222222,3.268519,2.925926,2.944444,2.944444,4928850
1997-10-28,2.888889,3.287037,2.824074,3.287037,3.287037,20717100
1997-10-29,3.296296,3.342593,3.055556,3.194444,3.194444,12561750
1997-10-30,3.111111,3.222222,3.092593,3.222222,3.222222,2265300
1997-10-31,3.240741,3.314815,3.185185,3.314815,3.314815,1939950
1997-11-03,3.324074,3.333333,3.185185,3.25463,3.25463,4895100
1997-11-04,3.259259,3.305556,3.231481,3.240741,3.240741,4214700
1997-11-05,3.296296,3.518519,3.287037,3.435185,3.435185,4336200
1997-11-06,3.527778,3.648148,3.518519,3.592593,3.592593,10359900
1997-11-07,3.518519,3.611111,3.518519,3.611111,3.611111,3736800
1997-11-10,3.611111,3.62963,3.555556,3.597222,3.597222,5653800
1997-11-11,3.583333,3.62963,3.555556,3.555556,3.555556,3634200
1997-11-12,3.518519,3.583333,3.481481,3.550926,3.550926,3665250
1997-11-13,3.537037,3.601852,3.388889,3.555556,3.555556,3400650
1997-11-14,3.583333,3.583333,3.5,3.569444,3.569444,1277100
1997-11-17,3.592593,3.666667,3.555556,3.648148,3.648148,1919700
1997-11-18,3.638889,3.657407,3.62037,3.62963,3.62963,4151250
1997-11-19,3.62037,3.638889,3.62037,3.638889,3.638889,3148200
1997-11-20,3.62963,3.638889,3.62037,3.62963,3.62963,3487050
1997-11-21,3.634259,3.635417,3.62037,3.62963,3.62963,4796550
1997-11-24,3.62037,3.648148,3.592593,3.592593,3.592593,2747250
1997-11-25,3.592593,3.62037,3.555556,3.592593,3.592593,5000400
1997-11-26,3.555556,3.583333,3.527778,3.578704,3.578704,1001700
1997-11-28,3.574074,3.592593,3.574074,3.592593,3.592593,610200
1997-12-01,3.601852,3.648148,3.592593,3.638889,3.638889,2178900
1997-12-02,3.546296,3.592593,3.537037,3.564815,3.564815,1991250
1997-12-03,3.564815,3.583333,3.518519,3.569444,3.569444,4036500
1997-12-04,3.574074,3.574074,3.509259,3.555556,3.555556,4068900
1997-12-05,3.518519,3.564815,3.518519,3.546296,3.546296,919350
1997-12-08,3.564815,3.574074,3.537037,3.574074,3.574074,2262600
1997-12-09,3.574074,3.583333,3.481481,3.546296,3.546296,3605850
1997-12-10,3.555556,3.583333,3.476852,3.5,3.5,2848500
1997-12-11,3.462963,3.481481,3.37963,3.407407,3.407407,4125600
1997-12-12,3.444444,3.462963,3.333333,3.351852,3.351852,2512350
1997-12-15,3.398148,3.407407,3.305556,3.305556,3.305556,3727350
1997-12-16,3.305556,3.351852,3.277778,3.333333,3.333333,3375000
1997-12-17,3.342593,3.342593,3.277778,3.300926,3.300926,3389850
1997-12-18,3.324074,3.324074,3.148148,3.212963,3.212963,6825600
1997-12-19,3.194444,3.462963,3.185185,3.453704,3.453704,9306900
1997-12-22,3.435185,3.583333,3.435185,3.564815,3.564815,6205950
1997-12-23,3.555556,3.62963,3.555556,3.615741,3.615741,3921750
1997-12-24,3.62037,3.62963,3.583333,3.597222,3.597222,1629450
1997-12-26,3.583333,3.592593,3.574074,3.592593,3.592593,623700
1997-12-29,3.592593,3.611111,3.574074,3.601852,3.601852,696600
1997-12-30,3.611111,3.712963,3.592593,3.712963,3.712963,3322350
1997-12-31,3.712963,3.814815,3.638889,3.638889,3.638889,4838400
1998-01-02,3.625,3.685185,3.555556,3.648148,3.648148,4205250
1998-01-05,3.648148,3.657407,3.592593,3.657407,3.657407,2481300
1998-01-06,3.62963,3.666667,3.587963,3.587963,3.587963,3173850
1998-01-07,3.611111,3.62037,3.5,3.592593,3.592593,4306500
1998-01-08,3.574074,3.611111,3.555556,3.578704,3.578704,2035800
1998-01-09,3.574074,3.574074,3.444444,3.444444,3.444444,5676750
1998-01-12,3.416667,3.574074,3.333333,3.532407,3.532407,10504350
1998-01-13,3.518519,3.574074,3.518519,3.574074,3.574074,3646350
1998-01-14,3.574074,3.578704,3.546296,3.555556,3.555556,1657800
1998-01-15,3.583333,3.759259,3.546296,3.740741,3.740741,6439500
1998-01-16,3.740741,3.888889,3.719907,3.777778,3.777778,8521200
1998-01-20,3.75,3.907407,3.740741,3.861111,3.861111,7013250
1998-01-21,3.787037,3.851852,3.75,3.851852,3.851852,3681450
1998-01-22,3.796296,3.925926,3.787037,3.861111,3.861111,5208300
1998-01-23,3.907407,3.907407,3.842593,3.87963,3.87963,2732400
1998-01-26,3.851852,3.888889,3.777778,3.782407,3.782407,3693600
1998-01-27,3.768519,3.833333,3.768519,3.833333,3.833333,3640950
1998-01-28,3.851852,3.944444,3.796296,3.916667,3.916667,4063500
1998-01-29,3.87963,3.935185,3.87037,3.888889,3.888889,2257200
1998-01-30,3.888889,3.907407,3.842593,3.842593,3.842593,1024650
1998-02-02,3.888889,3.981481,3.87963,3.902778,3.902778,4793850
1998-02-03,3.907407,4.0,3.87037,3.925926,3.925926,6295050
1998-02-04,3.888889,3.972222,3.888889,3.916667,3.916667,1672650
1998-02-05,3.925926,3.981481,3.907407,3.935185,3.935185,3434400
1998-02-06,3.949074,3.949074,3.916667,3.930556,3.930556,912600
1998-02-09,3.944444,3.944444,3.916667,3.935185,3.935185,3997350
1998-02-10,3.935185,4.009259,3.925926,4.0,4.0,4388850
1998-02-11,4.009259,4.074074,3.981481,4.055556,4.055556,5402700
1998-02-12,4.055556,4.083333,4.009259,4.078704,4.078704,6160050
1998-02-13,4.055556,4.083333,4.027778,4.027778,4.027778,2362500
1998-02-17,4.046296,4.083333,3.981481,3.981481,3.981481,8005500
1998-02-18,4.0,4.078704,3.962963,4.078704,4.078704,2583900
1998-02-19,4.037037,4.12037,4.037037,4.092593,4.092593,8946450
1998-02-20,4.101852,4.12037,3.907407,3.944444,3.944444,5107050
1998-02-23,3.972222,4.0,3.925926,4.0,4.0,3052350
1998-02-24,4.009259,4.037037,3.962963,3.981481,3.981481,6183000
1998-02-25,3.981481,4.138889,3.981481,4.12963,4.12963,3798900
1998-02-26,4.148148,4.175926,4.083333,4.157407,4.157407,6323400
1998-02-27,4.12963,4.166667,4.055556,4.055556,4.055556,8203950
1998-03-02,4.12037,4.222222,4.083333,4.157407,4.157407,6507000
1998-03-03,4.138889,4.296296,4.138889,4.259259,4.259259,2718900
1998-03-04,4.222222,4.37963,4.222222,4.375,4.375,3721950
1998-03-05,4.314815,4.388889,4.268519,4.314815,4.314815,5721300
1998-03-06,4.333333,4.49537,4.305556,4.49537,4.49537,5123250
1998-03-09,4.5,4.5,4.203704,4.240741,4.240741,5791500
1998-03-10,4.314815,4.333333,4.222222,4.25,4.25,4876200
1998-03-11,4.240741,4.37037,4.212963,4.296296,4.296296,9439200
1998-03-12,4.296296,4.361111,4.287037,4.351852,4.351852,1696950
1998-03-13,4.37037,4.407407,4.333333,4.351852,4.351852,1132650
1998-03-16,4.333333,4.361111,4.287037,4.324074,4.324074,1306800
1998-03-17,4.342593,4.361111,4.287037,4.296296,4.296296,1439100
1998-03-18,4.277778,4.37037,4.259259,4.356481,4.356481,815400
1998-03-19,4.37037,4.388889,4.296296,4.388889,4.388889,1478250
1998-03-20,4.425926,4.425926,4.25,4.25,4.25,2299050
1998-03-23,4.273148,4.388889,4.222222,4.351852,4.351852,3620700
1998-03-24,4.314815,4.462963,4.314815,4.37963,4.37963,5356800
1998-03-25,4.398148,4.453704,4.361111,4.435185,4.435185,7122600
1998-03-26,4.425926,4.527778,4.407407,4.486111,4.486111,5705100
1998-03-27,4.527778,4.583333,4.490741,4.555556,4.555556,11495250
1998-03-30,4.555556,4.689815,4.555556,4.634259,4.634259,5865750
1998-03-31,4.666667,4.722222,4.62037,4.694444,4.694444,6561000
1998-04-01,4.703704,4.722222,4.666667,4.666667,4.666667,4303800
1998-04-02,4.708333,4.824074,4.666667,4.74537,4.74537,4476600
1998-04-03,4.787037,4.833333,4.685185,4.685185,4.685185,9980550
1998-04-06,4.722222,4.722222,4.592593,4.601852,4.601852,3130650
1998-04-07,4.574074,4.62037,4.537037,4.564815,4.564815,4194450
1998-04-08,4.594907,4.648148,4.537037,4.592593,4.592593,5271750
1998-04-09,4.611111,4.666667,4.574074,4.611111,4.611111,2393550
1998-04-13,4.62037,4.74537,4.564815,4.740741,4.740741,2997000
1998-04-14,4.75463,4.796296,4.685185,4.75,4.75,2697300
1998-04-15,4.75,4.768519,4.703704,4.759259,4.759259,3248100
1998-04-16,4.731481,4.824074,4.712963,4.777778,4.777778,3500550
1998-04-17,4.791667,4.87963,4.787037,4.87963,4.87963,4129650
1998-04-20,4.87963,5.009259,4.87037,4.990741,4.990741,2439450
1998-04-21,5.0,5.027778,4.87963,4.912037,4.912037,6451650
1998-04-22,4.953704,4.953704,4.814815,4.814815,4.814815,2902500
1998-04-23,4.814815,4.87037,4.814815,4.837963,4.837963,3424950
1998-04-24,4.814815,4.861111,4.722222,4.75463,4.75463,2864700
1998-04-27,4.703704,4.777778,4.509259,4.555556,4.555556,2893050
1998-04-28,4.611111,4.648148,4.416667,4.481481,4.481481,6733800
1998-04-29,4.518519,4.611111,4.481481,4.611111,4.611111,5036850
1998-04-30,4.638889,4.87963,4.62963,4.842593,4.842593,5886000
1998-05-01,4.87037,4.87037,4.731481,4.768519,4.768519,3392550
1998-05-04,4.787037,4.842593,4.685185,4.731481,4.731481,1470150
1998-05-05,4.740741,4.740741,4.703704,4.703704,4.703704,1556550
1998-05-06,4.703704,4.796296,4.666667,4.675926,4.675926,4372650
1998-05-07,4.657407,4.675926,4.555556,4.555556,4.555556,1520100
1998-05-08,4.527778,4.638889,4.527778,4.638889,4.638889,4480650
1998-05-11,4.657407,4.722222,4.592593,4.657407,4.657407,4249800
1998-05-12,4.638889,4.685185,4.592593,4.685185,4.685185,3400650
1998-05-13,4.657407,4.703704,4.527778,4.555556,4.555556,2389500
1998-05-14,4.518519,4.675926,4.518519,4.597222,4.597222,1840050
1998-05-15,4.62037,4.62037,4.425926,4.462963,4.462963,3323700
1998-05-18,4.444444,4.537037,4.444444,4.458333,4.458333,2758050
1998-05-19,4.472222,4.666667,4.472222,4.583333,4.583333,2818800
1998-05-20,4.601852,4.601852,4.435185,4.435185,4.435185,3144150
1998-05-21,4.472222,4.537037,4.453704,4.527778,4.527778,1991250
1998-05-22,4.546296,4.546296,4.375,4.398148,4.398148,1636200
1998-05-26,4.435185,4.435185,4.305556,4.342593,4.342593,3431700
1998-05-27,4.333333,4.407407,4.231481,4.398148,4.398148,2646000
1998-05-28,4.37963,4.388889,4.277778,4.324074,4.324074,3757050
1998-05-29,4.314815,4.398148,4.314815,4.368056,4.368056,2673000
1998-06-01,4.347222,4.392361,4.173611,4.222222,4.222222,2286900
1998-06-02,4.291667,4.319444,4.236111,4.291667,4.291667,6428700
1998-06-03,4.305556,4.430556,4.25,4.368056,4.368056,2625300
1998-06-04,4.402778,4.402778,4.319444,4.340278,4.340278,2520900
1998-06-05,4.340278,4.375,4.319444,4.361111,4.361111,3231000
1998-06-08,4.333333,4.5,4.333333,4.444444,4.444444,4967100
1998-06-09,4.430556,4.659722,4.430556,4.652778,4.652778,7279200
1998-06-10,4.597222,4.666667,4.513889,4.527778,4.527778,3355200
1998-06-11,4.583333,4.597222,4.5,4.527778,4.527778,1395900
1998-06-12,4.513889,4.555556,4.388889,4.486111,4.486111,3260700
1998-06-15,4.458333,4.458333,4.361111,4.430556,4.430556,1828800
1998-06-16,4.444444,4.583333,4.395833,4.513889,4.513889,4086900
1998-06-17,4.472222,4.583333,4.416667,4.472222,4.472222,3766500
1998-06-18,4.444444,4.513889,4.416667,4.430556,4.430556,2969100
1998-06-19,4.5,4.513889,4.416667,4.423611,4.423611,4622400
1998-06-22,4.458333,4.659722,4.416667,4.625,4.625,1587600
1998-06-23,4.625,4.784722,4.611111,4.784722,4.784722,3606300
1998-06-24,4.770833,4.972222,4.746528,4.972222,4.972222,5705100
1998-06-25,4.972222,4.972222,4.805556,4.854167,4.854167,3374100
1998-06-26,4.854167,4.854167,4.736111,4.75,4.75,1719000
1998-06-29,4.763889,4.930556,4.763889,4.881944,4.881944,2441700
1998-06-30,4.854167,4.902778,4.694444,4.71875,4.71875,2571300
1998-07-01,4.777778,4.861111,4.722222,4.826389,4.826389,1400400
1998-07-02,4.840278,4.861111,4.694444,4.694444,4.694444,1063800
1998-07-06,4.777778,4.972222,4.708333,4.944444,4.944444,4568400
1998-07-07,5.0,5.0,4.875,4.930556,4.930556,1808100
1998-07-08,4.916667,5.055556,4.902778,5.055556,5.055556,2605500
1998-07-09,5.055556,5.138889,4.986111,5.138889,5.138889,3918600
1998-07-10,5.138889,5.166667,5.041667,5.166667,5.166667,2440800
1998-07-13,5.166667,5.25,5.118056,5.25,5.25,4661100
1998-07-14,5.25,5.25,5.166667,5.194444,5.194444,3313800
1998-07-15,5.25,5.305556,5.208333,5.277778,5.277778,2173500
1998-07-16,5.236111,5.347222,5.208333,5.3125,5.3125,1947600
1998-07-17,5.361111,5.444444,5.291667,5.416667,5.416667,1964700
1998-07-20,5.430556,5.472222,5.375,5.444444,5.444444,2736900
1998-07-21,5.388889,5.486111,5.25,5.319444,5.319444,3901500
1998-07-22,5.291667,5.416667,5.256944,5.368056,5.368056,1620900
1998-07-23,5.402778,5.402778,5.152778,5.152778,5.152778,1896300
1998-07-24,5.222222,5.229167,4.888889,4.986111,4.986111,2539800
1998-07-27,5.0,5.152778,4.958333,5.138889,5.138889,3751200
1998-07-28,5.097222,5.222222,5.027778,5.034722,5.034722,2497500
1998-07-29,5.083333,5.222222,4.916667,5.041667,5.041667,3575700
1998-07-30,5.138889,5.138889,5.041667,5.111111,5.111111,1662300
1998-07-31,5.138889,5.166667,4.861111,4.902778,4.902778,1751400
1998-08-03,4.916667,4.916667,4.756944,4.777778,4.777778,2317500
1998-08-04,4.777778,4.777778,4.638889,4.6875,4.6875,5610600
1998-08-05,4.680556,4.680556,4.493056,4.618056,4.618056,3851100
1998-08-06,4.611111,4.722222,4.541667,4.715278,4.715278,2319300
1998-08-07,4.694444,4.958333,4.694444,4.805556,4.805556,3103200
1998-08-10,4.875,4.875,4.722222,4.722222,4.722222,904500
1998-08-11,4.625,4.631944,4.472222,4.541667,4.541667,2676600
1998-08-12,4.597222,4.625,4.513889,4.555556,4.555556,3078000
1998-08-13,4.5,4.611111,4.472222,4.576389,4.576389,3816000
1998-08-14,4.597222,4.666667,4.541667,4.611111,4.611111,1524600
1998-08-17,4.611111,4.743056,4.611111,4.736111,4.736111,3456900
1998-08-18,4.736111,4.736111,4.652778,4.715278,4.715278,1890000
1998-08-19,4.715278,4.923611,4.666667,4.916667,4.916667,3418200
1998-08-20,4.9375,4.9375,4.847222,4.895833,4.895833,1662300
1998-08-21,4.861111,4.868056,4.722222,4.729167,4.729167,4536900
1998-08-24,4.722222,4.847222,4.722222,4.777778,4.777778,1394100
1998-08-25,4.8125,5.111111,4.763889,5.111111,5.111111,3124800
1998-08-26,4.986111,5.041667,4.881944,4.888889,4.888889,1325700
1998-08-27,4.722222,4.763889,4.444444,4.444444,4.444444,5950800
1998-08-28,4.541667,4.638889,4.458333,4.5,4.5,4419000
1998-08-31,4.555556,4.611111,4.333333,4.333333,4.333333,4088700
1998-09-01,4.333333,4.347222,4.083333,4.326389,4.326389,4542300
1998-09-02,4.388889,4.777778,4.381944,4.694444,4.694444,11566800
1998-09-03,4.625,4.847222,4.569444,4.763889,4.763889,4476600
1998-09-04,4.791667,4.833333,4.708333,4.826389,4.826389,2570400
1998-09-08,4.847222,5.013889,4.833333,5.0,5.0,3999600
1998-09-09,4.902778,4.993056,4.861111,4.861111,4.861111,1604700
1998-09-10,4.777778,4.916667,4.777778,4.854167,4.854167,4665600
1998-09-11,4.847222,5.097222,4.805556,5.097222,5.097222,4335300
1998-09-14,5.125,5.333333,5.090278,5.194444,5.194444,7496100
1998-09-15,5.222222,5.222222,5.069444,5.194444,5.194444,3240900
1998-09-16,5.138889,5.208333,5.083333,5.194444,5.194444,2565000
1998-09-17,5.069444,5.152778,4.833333,4.916667,4.916667,5162400
1998-09-18,4.958333,5.055556,4.916667,5.055556,5.055556,4574700
1998-09-21,4.909722,5.222222,4.909722,5.215278,5.215278,2234700
1998-09-22,5.222222,5.416667,5.208333,5.347222,5.347222,5010300
1998-09-23,5.361111,5.361111,5.277778,5.347222,5.347222,1814400
1998-09-24,5.347222,5.347222,5.152778,5.152778,5.152778,1596600
1998-09-25,5.125,5.319444,5.125,5.305556,5.305556,1987200
1998-09-28,5.333333,5.430556,5.277778,5.340278,5.340278,2694600
1998-09-29,5.291667,5.347222,5.097222,5.236111,5.236111,1482300
1998-09-30,5.194444,5.222222,5.0,5.118056,5.118056,1924200
1998-10-01,5.027778,5.138889,4.979167,5.041667,5.041667,3521700
1998-10-02,5.013889,5.055556,4.611111,4.819444,4.819444,16719300
1998-10-05,4.798611,4.861111,4.541667,4.541667,4.541667,6546600
1998-10-06,4.652778,4.652778,4.5,4.541667,4.541667,4877100
1998-10-07,4.555556,4.611111,4.486111,4.541667,4.541667,4392900
1998-10-08,4.513889,4.527778,4.125,4.25,4.25,10488600
1998-10-09,4.347222,4.5,4.194444,4.472222,4.472222,7142400
1998-10-12,4.541667,4.930556,4.5,4.888889,4.888889,4216500
1998-10-13,4.833333,4.861111,4.5,4.555556,4.555556,4704300
1998-10-14,4.597222,4.611111,4.416667,4.472222,4.472222,5274900
1998-10-15,4.451389,4.958333,4.395833,4.951389,4.951389,5931900
1998-10-16,4.986111,4.986111,4.763889,4.847222,4.847222,3725100
1998-10-19,4.861111,5.041667,4.777778,5.013889,5.013889,5736600
1998-10-20,5.0,5.229167,4.875,4.875,4.875,7186500
1998-10-21,4.986111,5.083333,4.916667,4.993056,4.993056,6021900
1998-10-22,4.972222,5.055556,4.805556,5.0,5.0,4654800
1998-10-23,4.986111,5.0,4.798611,4.833333,4.833333,3493800
1998-10-26,4.861111,4.888889,4.819444,4.861111,4.861111,3945600
1998-10-27,4.875,4.930556,4.861111,4.923611,4.923611,10119600
1998-10-28,4.888889,5.055556,4.861111,4.979167,4.979167,7123500
1998-10-29,4.972222,5.069444,4.972222,5.034722,5.034722,4536900
1998-10-30,5.034722,5.194444,5.020833,5.166667,5.166667,4356000
1998-11-02,5.222222,5.25,5.111111,5.222222,5.222222,1986300
1998-11-03,5.194444,5.208333,5.069444,5.152778,5.152778,3900600
1998-11-04,5.180556,5.208333,5.111111,5.159722,5.159722,4340700
1998-11-05,5.15625,5.159722,5.145833,5.159722,5.159722,1041300
1998-11-06,5.159722,5.319444,5.138889,5.263889,5.263889,4422600
1998-11-09,5.25,5.277778,5.111111,5.111111,5.111111,1790100
1998-11-10,5.138889,5.138889,5.083333,5.111111,5.111111,2790900
1998-11-11,5.194444,5.215278,5.013889,5.013889,5.013889,1410300
1998-11-12,5.041667,5.069444,4.902778,4.951389,4.951389,2120400
1998-11-13,4.972222,5.020833,4.902778,4.986111,4.986111,2537100
1998-11-16,4.986111,5.152778,4.986111,5.152778,5.152778,3302100
1998-11-17,5.090278,5.305556,5.069444,5.291667,5.291667,2239200
1998-11-18,5.222222,5.319444,5.138889,5.194444,5.194444,1879200
1998-11-19,5.277778,5.333333,5.222222,5.326389,5.326389,2006100
1998-11-20,5.319444,5.354167,5.25,5.263889,5.263889,1712700
1998-11-23,5.319444,5.416667,5.263889,5.361111,5.361111,2492100
1998-11-24,5.333333,5.368056,5.111111,5.125,5.125,3900600
1998-11-25,5.138889,5.166667,5.027778,5.097222,5.097222,2354400
1998-11-27,5.097222,5.111111,5.055556,5.111111,5.111111,1092600
1998-11-30,5.097222,5.111111,4.888889,4.909722,4.909722,3784500
1998-12-01,4.916667,5.236111,4.875,5.236111,5.236111,6772500
1998-12-02,5.222222,5.25,5.152778,5.194444,5.194444,1378800
1998-12-03,5.180556,5.222222,5.013889,5.027778,5.027778,2222100
1998-12-04,5.097222,5.180556,5.027778,5.138889,5.138889,1917900
1998-12-07,5.166667,5.166667,5.097222,5.138889,5.138889,2170800
1998-12-08,5.125,5.180556,5.097222,5.131944,5.131944,1226700
1998-12-09,5.125,5.25,5.125,5.229167,5.229167,2202300
1998-12-10,5.236111,5.263889,5.145833,5.152778,5.152778,3204000
1998-12-11,5.138889,5.166667,5.041667,5.104167,5.104167,2442600
1998-12-14,5.152778,5.152778,4.986111,5.020833,5.020833,2643300
1998-12-15,5.055556,5.166667,5.027778,5.145833,5.145833,3715200
1998-12-16,5.194444,5.236111,5.097222,5.111111,5.111111,2711700
1998-12-17,5.152778,5.173611,5.090278,5.173611,5.173611,2573100
1998-12-18,5.118056,5.236111,5.097222,5.111111,5.111111,3250800
1998-12-21,5.125,5.430556,5.111111,5.430556,5.430556,5325300
1998-12-22,5.458333,5.625,5.430556,5.5625,5.5625,7789500
1998-12-23,5.625,5.6875,5.527778,5.659722,5.659722,3706200
1998-12-24,5.680556,5.708333,5.597222,5.6875,5.6875,676800
1998-12-28,5.708333,5.958333,5.701389,5.902778,5.902778,6444900
1998-12-29,5.916667,5.916667,5.784722,5.805556,5.805556,2673900
1998-12-30,5.791667,5.805556,5.638889,5.680556,5.680556,3784500
1998-12-31,5.680556,5.777778,5.666667,5.715278,5.715278,8973900
1999-01-04,5.708333,5.805556,5.694444,5.715278,5.715278,7128900
1999-01-05,5.736111,5.791667,5.694444,5.784722,5.784722,3568500
1999-01-06,5.833333,5.986111,5.805556,5.986111,5.986111,10350900
1999-01-07,5.916667,6.0,5.902778,6.0,6.0,2781900
1999-01-08,6.0,6.048611,5.902778,6.027778,6.027778,2861100
1999-01-11,6.013889,6.041667,5.611111,5.694444,5.694444,3879900
1999-01-12,5.680556,5.722222,5.430556,5.444444,5.444444,3395700
1999-01-13,5.430556,5.625,5.319444,5.597222,5.597222,5063400
1999-01-14,5.597222,5.652778,5.361111,5.368056,5.368056,2881800
1999-01-15,5.319444,5.604167,5.305556,5.569444,5.569444,3582900
1999-01-19,5.638889,5.777778,5.583333,5.736111,5.736111,3526200
1999-01-20,5.763889,5.763889,5.472222,5.486111,5.486111,2109600
1999-01-21,5.472222,5.527778,5.375,5.375,5.375,2257200
1999-01-22,5.416667,5.416667,5.111111,5.152778,5.152778,7840800
1999-01-25,5.263889,5.263889,5.069444,5.118056,5.118056,5028300
1999-01-26,5.111111,5.25,5.041667,5.236111,5.236111,8332200
1999-01-27,5.277778,5.416667,5.25,5.319444,5.319444,3357000
1999-01-28,5.444444,5.722222,5.375,5.694444,5.694444,2807100
1999-01-29,5.708333,5.75,5.381944,5.4375,5.4375,3093300
1999-02-01,5.486111,5.486111,5.388889,5.444444,5.444444,4129200
1999-02-02,5.458333,5.458333,5.166667,5.166667,5.166667,3216600
1999-02-03,5.166667,5.388889,5.152778,5.263889,5.263889,4221000
1999-02-04,5.305556,5.319444,5.0,5.0,5.0,2172600
1999-02-05,5.055556,5.208333,5.027778,5.125,5.125,4288500
1999-02-08,5.166667,5.263889,5.111111,5.208333,5.208333,6584400
1999-02-09,5.180556,5.243056,5.0625,5.0625,5.0625,6135300
1999-02-10,5.097222,5.166667,5.041667,5.090278,5.090278,3291300
1999-02-11,5.097222,5.368056,5.027778,5.368056,5.368056,3420900
1999-02-12,5.236111,5.319444,5.069444,5.097222,5.097222,5036400
1999-02-16,5.145833,5.208333,5.090278,5.152778,5.152778,4571100
1999-02-17,5.180556,5.180556,5.013889,5.034722,5.034722,4331700
1999-02-18,5.069444,5.152778,5.041667,5.104167,5.104167,2632500
1999-02-19,5.125,5.25,5.083333,5.215278,5.215278,3866400
1999-02-22,5.194444,5.430556,5.166667,5.430556,5.430556,3496500
1999-02-23,5.416667,5.430556,5.138889,5.166667,5.166667,5265900
1999-02-24,5.194444,5.236111,5.097222,5.111111,5.111111,4581000
1999-02-25,5.111111,5.319444,5.111111,5.222222,5.222222,5384700
1999-02-26,5.25,5.25,5.180556,5.222222,5.222222,2925000
1999-03-01,5.222222,5.416667,5.1875,5.416667,5.416667,5957100
1999-03-02,5.375,5.548611,5.375,5.520833,5.520833,5344200
1999-03-03,5.527778,5.534722,5.472222,5.472222,5.472222,2617200
1999-03-04,5.486111,5.583333,5.361111,5.527778,5.527778,3276000
1999-03-05,5.555556,5.559028,5.375,5.486111,5.486111,2721600
1999-03-08,5.513889,5.694444,5.470486,5.673611,5.673611,6591600
1999-03-09,5.666667,5.819444,5.555556,5.5625,5.5625,6833700
1999-03-10,5.541667,5.631944,5.5,5.597222,5.597222,3270600
1999-03-11,5.666667,5.888889,5.625,5.826389,5.826389,4908600
1999-03-12,5.826389,5.833333,5.736111,5.777778,5.777778,3168000
1999-03-15,5.819444,5.965278,5.777778,5.965278,5.965278,3236400
1999-03-16,5.958333,6.041667,5.916667,5.944444,5.944444,2054700
1999-03-17,5.902778,6.027778,5.847222,5.972222,5.972222,1338300
1999-03-18,5.902778,6.263889,5.902778,6.263889,6.263889,3741300
1999-03-19,6.152778,6.236111,5.916667,5.916667,5.916667,7933500
1999-03-22,5.951389,5.951389,5.611111,5.694444,5.694444,3699900
1999-03-23,5.638889,5.680556,5.555556,5.625,5.625,3727800
1999-03-24,5.631944,5.833333,5.611111,5.833333,5.833333,3506400
1999-03-25,5.833333,5.930556,5.819444,5.854167,5.854167,8938800
1999-03-26,5.819444,6.0,5.763889,5.895833,5.895833,4067100
1999-03-29,5.888889,6.111111,5.875,6.111111,6.111111,5156100
1999-03-30,6.097222,6.152778,6.027778,6.111111,6.111111,4310100
1999-03-31,6.111111,6.152778,5.930556,5.958333,5.958333,7119000
1999-04-01,5.972222,6.0,5.916667,5.958333,5.958333,4006800
1999-04-05,5.986111,6.125,5.951389,6.097222,6.097222,6210000
1999-04-06,6.097222,6.170139,5.9375,5.958333,5.958333,6055200
1999-04-07,5.958333,6.013889,5.715278,5.777778,5.777778,6158700
1999-04-08,5.819444,5.819444,5.611111,5.708333,5.708333,5947200
1999-04-09,5.666667,5.847222,5.666667,5.805556,5.805556,3192300
1999-04-12,5.819444,5.847222,5.736111,5.777778,5.777778,3893400
1999-04-13,5.791667,5.847222,5.736111,5.805556,5.805556,3934800
1999-04-14,5.819444,5.840278,5.694444,5.777778,5.777778,8224200
1999-04-15,5.75,5.798611,5.6875,5.777778,5.777778,6065100
1999-04-16,5.861111,6.069444,5.805556,5.847222,5.847222,7507800
1999-04-19,5.916667,6.097222,5.833333,5.833333,5.833333,5247000
1999-04-20,5.847222,5.875,5.611111,5.736111,5.736111,8446500
1999-04-21,5.736111,5.888889,5.638889,5.888889,5.888889,4749300
1999-04-22,5.888889,6.104167,5.861111,6.069444,6.069444,5788800
1999-04-23,6.083333,6.111111,5.944444,6.0625,6.0625,2943900
1999-04-26,6.0625,6.333333,6.0,6.138889,6.138889,5463900
1999-04-27,6.180556,6.361111,6.090278,6.277778,6.277778,5182200
1999-04-28,6.236111,6.597222,6.166667,6.333333,6.333333,5031900
1999-04-29,6.305556,6.625,6.263889,6.625,6.625,7250400
1999-04-30,6.638889,6.75,6.409722,6.506944,6.506944,9539100
1999-05-03,6.666667,6.770833,6.416667,6.645833,6.645833,4663800
1999-05-04,6.645833,6.770833,6.541667,6.583333,6.583333,3156600
1999-05-05,6.645833,6.645833,6.395833,6.489583,6.489583,3146400
1999-05-06,6.5625,6.791667,6.375,6.416667,6.416667,4920000
1999-05-07,6.427083,6.666667,6.427083,6.666667,6.666667,2297400
1999-05-10,6.625,6.6875,6.541667,6.666667,6.666667,2185800
1999-05-11,6.625,6.666667,6.4375,6.541667,6.541667,3126000
1999-05-12,6.541667,6.625,6.416667,6.59375,6.59375,4123200
1999-05-13,6.604167,6.645833,6.354167,6.354167,6.354167,4797600
1999-05-14,6.375,6.375,6.041667,6.125,6.125,9049800
1999-05-17,6.125,6.4375,6.041667,6.416667,6.416667,2395200
1999-05-18,6.4375,6.4375,6.145833,6.208333,6.208333,1330200
1999-05-19,6.28125,6.416667,6.1875,6.354167,6.354167,2779800
1999-05-20,6.333333,6.416667,6.0625,6.0625,6.0625,5091000
1999-05-21,6.25,6.375,6.0625,6.145833,6.145833,2023200
1999-05-24,6.15625,6.25,6.125,6.25,6.25,2007000
1999-05-25,6.25,6.40625,6.145833,6.354167,6.354167,2472000
1999-05-26,6.333333,6.375,6.125,6.375,6.375,4018800
1999-05-27,6.375,6.416667,6.15625,6.354167,6.354167,1860000
1999-05-28,6.354167,6.572917,6.1875,6.25,6.25,3339600
1999-06-01,6.229167,6.333333,6.125,6.15625,6.15625,2337600
1999-06-02,6.166667,6.46875,6.083333,6.447917,6.447917,3434400
1999-06-03,6.447917,6.479167,6.166667,6.291667,6.291667,2927400
1999-06-04,6.354167,6.583333,6.34375,6.572917,6.572917,2188200
1999-06-07,6.583333,6.583333,6.395833,6.572917,6.572917,2027400
1999-06-08,6.552083,6.5625,6.25,6.25,6.25,6412800
1999-06-09,6.270833,6.375,6.010417,6.052083,6.052083,3567600
1999-06-10,6.083333,6.083333,5.6875,5.760417,5.760417,5196600
1999-06-11,5.854167,5.947917,5.697917,5.822917,5.822917,2980800
1999-06-14,5.822917,5.854167,5.15625,5.489583,5.489583,7299000
1999-06-15,5.583333,5.604167,5.416667,5.5625,5.5625,5436600
1999-06-16,5.583333,5.916667,5.583333,5.895833,5.895833,3142200
1999-06-17,5.875,5.895833,5.729167,5.84375,5.84375,3937800
1999-06-18,5.604167,6.020833,5.583333,5.989583,5.989583,5549400
1999-06-21,6.010417,6.083333,5.916667,6.0625,6.0625,2165400
1999-06-22,6.0625,6.0625,5.729167,5.729167,5.729167,2425800
1999-06-23,5.666667,5.916667,5.666667,5.916667,5.916667,3421800
1999-06-24,5.90625,5.916667,5.625,5.697917,5.697917,4141800
1999-06-25,5.729167,5.916667,5.625,5.65625,5.65625,3322200
1999-06-28,5.708333,6.0,5.666667,5.979167,5.979167,3685800
1999-06-29,5.989583,6.0,5.708333,5.71875,5.71875,3292200
1999-06-30,5.697917,5.75,5.083333,5.21875,5.21875,9102000
1999-07-01,5.520833,5.708333,5.46875,5.604167,5.604167,9940200
1999-07-02,5.604167,5.666667,5.333333,5.458333,5.458333,6871800
1999-07-06,5.5,5.5,5.21875,5.239583,5.239583,12380400
1999-07-07,5.270833,5.354167,5.25,5.25,5.25,6892800
1999-07-08,5.291667,5.333333,4.958333,5.010417,5.010417,9054000
1999-07-09,5.239583,5.25,5.0625,5.166667,5.166667,25578000
1999-07-12,5.25,5.354167,5.21875,5.28125,5.28125,16710600
1999-07-13,5.270833,5.520833,5.25,5.5,5.5,12073200
1999-07-14,5.520833,5.6875,5.520833,5.635417,5.635417,8338200
1999-07-15,5.645833,5.708333,5.5,5.6875,5.6875,4280400
1999-07-16,5.864583,5.958333,5.541667,5.5625,5.5625,5294400
1999-07-19,5.552083,5.625,5.375,5.375,5.375,2073600
1999-07-20,5.453125,5.479167,5.145833,5.145833,5.145833,7942800
1999-07-21,5.375,5.40625,5.145833,5.177083,5.177083,6048000
1999-07-22,5.1875,5.260417,4.979167,5.052083,5.052083,7563000
1999-07-23,5.3125,5.572917,5.15625,5.166667,5.166667,10116000
1999-07-26,5.291667,5.291667,5.041667,5.145833,5.145833,6618600
1999-07-27,5.229167,5.4375,5.145833,5.333333,5.333333,7441800
1999-07-28,5.3125,5.3125,5.1875,5.239583,5.239583,4705800
1999-07-29,5.229167,5.239583,5.020833,5.03125,5.03125,10837200
1999-07-30,5.083333,5.083333,4.958333,4.96875,4.96875,8710200
1999-08-02,5.0,5.041667,4.9375,4.96875,4.96875,4781400
1999-08-03,4.958333,4.989583,4.739583,4.739583,4.739583,6549000
1999-08-04,4.833333,4.854167,4.5625,4.572917,4.572917,3916800
1999-08-05,4.59375,5.0,4.572917,4.979167,4.979167,7525800
1999-08-06,4.90625,5.0625,4.625,4.6875,4.6875,6980400
1999-08-09,4.708333,4.708333,4.541667,4.541667,4.541667,6213600
1999-08-10,4.666667,4.75,4.583333,4.677083,4.677083,12545400
1999-08-11,4.708333,4.8125,4.645833,4.739583,4.739583,5923800
1999-08-12,4.75,4.770833,4.645833,4.708333,4.708333,5976000
1999-08-13,4.708333,5.041667,4.708333,5.020833,5.020833,6436800
1999-08-16,5.020833,5.03125,4.833333,4.833333,4.833333,2484600
1999-08-17,4.916667,4.9375,4.791667,4.9375,4.9375,5347800
1999-08-18,4.901042,5.03125,4.729167,4.802083,4.802083,2938200
1999-08-19,4.802083,4.802083,4.666667,4.75,4.75,4369200
1999-08-20,4.822917,4.822917,4.708333,4.770833,4.770833,3648000
1999-08-23,4.770833,4.989583,4.75,4.979167,4.979167,2902200
1999-08-24,4.979167,5.333333,4.9375,5.09375,5.09375,6739800
1999-08-25,5.125,5.302083,5.083333,5.208333,5.208333,5271600
1999-08-26,5.1875,5.1875,4.916667,4.916667,4.916667,2794800
1999-08-27,4.989583,5.083333,4.854167,4.9375,4.9375,2363400
1999-08-30,4.979167,4.979167,4.791667,4.895833,4.895833,2134200
1999-08-31,4.895833,5.1875,4.875,5.135417,5.135417,5161200
1999-09-01,5.104167,5.1875,5.041667,5.166667,5.166667,5713800
1999-09-02,5.145833,5.395833,5.104167,5.239583,5.239583,5481000
1999-09-03,5.260417,5.5,5.260417,5.5,5.5,3694800
1999-09-07,5.489583,5.5,5.208333,5.229167,5.229167,2763000
1999-09-08,5.270833,5.270833,5.104167,5.166667,5.166667,3184800
1999-09-09,5.25,5.458333,5.15625,5.395833,5.395833,3428400
1999-09-10,5.458333,5.53125,5.364583,5.5,5.5,5071200
1999-09-13,5.479167,5.479167,5.208333,5.208333,5.208333,3214200
1999-09-14,5.25,5.5,5.21875,5.489583,5.489583,4828200
1999-09-15,5.479167,5.520833,5.291667,5.34375,5.34375,4219200
1999-09-16,5.354167,5.354167,5.104167,5.104167,5.104167,3018000
1999-09-17,5.229167,5.354167,5.145833,5.34375,5.34375,5923800
1999-09-20,5.34375,5.354167,5.0625,5.135417,5.135417,1935000
1999-09-21,5.114583,5.229167,5.020833,5.03125,5.03125,3973200
1999-09-22,5.0625,5.291667,4.989583,5.28125,5.28125,3422400
1999-09-23,5.3125,5.333333,5.0,5.020833,5.020833,3310800
1999-09-24,5.03125,5.354167,5.020833,5.177083,5.177083,3682200
1999-09-27,5.197917,5.364583,5.166667,5.333333,5.333333,4312200
1999-09-28,5.302083,5.458333,5.25,5.34375,5.34375,4211400
1999-09-29,5.3125,5.333333,5.166667,5.1875,5.1875,2254200
1999-09-30,5.1875,5.458333,5.15625,5.416667,5.416667,6570600
1999-10-01,5.333333,5.40625,5.166667,5.229167,5.229167,4278000
1999-10-04,5.270833,5.291667,5.166667,5.197917,5.197917,4936800
1999-10-05,5.145833,5.166667,4.635417,4.71875,4.71875,15181200
1999-10-06,4.791667,4.895833,4.479167,4.510417,4.510417,12744600
1999-10-07,4.5625,4.65625,4.208333,4.473958,4.473958,15612600
1999-10-08,4.510417,4.510417,4.354167,4.375,4.375,5692200
1999-10-11,4.364583,4.697917,4.291667,4.6875,4.6875,8061000
1999-10-12,4.6875,4.6875,4.4375,4.46875,4.46875,5938800
1999-10-13,4.479167,4.5,4.270833,4.276042,4.276042,5627400
1999-10-14,4.354167,4.572917,4.354167,4.442708,4.442708,6153000
1999-10-15,4.375,4.583333,4.208333,4.34375,4.34375,6478800
1999-10-18,4.333333,4.354167,4.020833,4.125,4.125,4409400
1999-10-19,4.385417,4.875,4.333333,4.791667,4.791667,11959200
1999-10-20,4.833333,5.25,4.8125,5.229167,5.229167,7881000
1999-10-21,5.104167,5.104167,4.885417,4.96875,4.96875,5840400
1999-10-22,5.020833,5.145833,5.0,5.041667,5.041667,7218600
1999-10-25,5.03125,5.083333,4.958333,5.0,5.0,4574400
1999-10-26,5.0,5.166667,4.9375,4.958333,4.958333,3418800
1999-10-27,4.989583,4.989583,4.822917,4.822917,4.822917,2475600
1999-10-28,4.895833,5.104167,4.854167,5.041667,5.041667,4186200
1999-10-29,5.09375,5.416667,5.083333,5.333333,5.333333,3174000
1999-11-01,5.34375,5.34375,5.125,5.15625,5.15625,3157200
1999-11-02,5.1875,5.208333,5.020833,5.166667,5.166667,4963200
1999-11-03,5.197917,5.25,5.104167,5.1875,5.1875,4230000
1999-11-04,5.229167,5.291667,5.166667,5.25,5.25,5922600
1999-11-05,5.270833,5.46875,5.260417,5.375,5.375,5623800
1999-11-08,5.5,5.822917,5.489583,5.791667,5.791667,8017200
1999-11-09,5.833333,5.958333,5.723958,5.90625,5.90625,8302200
1999-11-10,5.9375,5.9375,5.5,5.677083,5.677083,7480800
1999-11-11,5.697917,5.833333,5.645833,5.677083,5.677083,7797000
1999-11-12,5.739583,5.770833,5.666667,5.708333,5.708333,5504400
1999-11-15,5.697917,5.833333,5.697917,5.770833,5.770833,2041200
1999-11-16,5.708333,6.020833,5.697917,5.979167,5.979167,3555600
1999-11-17,5.979167,6.03125,5.583333,5.625,5.625,8148000
1999-11-18,5.6875,5.989583,5.645833,5.96875,5.96875,3491400
1999-11-19,6.03125,6.0625,5.864583,6.052083,6.052083,2994600
1999-11-22,6.03125,6.03125,5.822917,5.96875,5.96875,2535000
1999-11-23,5.96875,6.083333,5.854167,5.90625,5.90625,3367800
1999-11-24,5.927083,6.145833,5.875,6.0625,6.0625,3244800
1999-11-26,6.010417,6.072917,5.90625,5.958333,5.958333,1225200
1999-11-29,5.958333,6.0,5.8125,5.833333,5.833333,3059400
1999-11-30,5.854167,6.09375,5.833333,5.916667,5.916667,5952000
1999-12-01,5.916667,5.989583,5.833333,5.9375,5.9375,3813000
1999-12-02,5.90625,6.041667,5.895833,6.041667,6.041667,3726600
1999-12-03,6.041667,6.229167,6.041667,6.166667,6.166667,4855800
1999-12-06,6.15625,6.208333,6.0,6.083333,6.083333,5425200
1999-12-07,6.057292,6.1875,5.958333,6.0625,6.0625,3495000
1999-12-08,5.958333,6.208333,5.916667,5.96875,5.96875,3709200
1999-12-09,6.03125,6.052083,5.791667,5.90625,5.90625,3765000
1999-12-10,5.9375,6.041667,5.864583,5.979167,5.979167,2186400
1999-12-13,5.958333,6.125,5.875,6.125,6.125,2332200
1999-12-14,6.125,6.125,5.916667,5.927083,5.927083,1955400
1999-12-15,5.916667,6.104167,5.833333,6.083333,6.083333,4439400
1999-12-16,6.052083,6.375,6.0,6.354167,6.354167,5898000
1999-12-17,6.708333,6.708333,6.229167,6.25,6.25,10226400
1999-12-20,6.3125,6.5,6.25,6.46875,6.46875,6272400
1999-12-21,6.46875,6.479167,6.0625,6.354167,6.354167,7303200
1999-12-22,6.3125,6.583333,6.3125,6.40625,6.40625,5896800
1999-12-23,6.489583,6.6875,6.4375,6.53125,6.53125,4531200
1999-12-27,6.5,6.583333,6.479167,6.520833,6.520833,5165400
1999-12-28,6.510417,6.5625,6.416667,6.458333,6.458333,1823400
1999-12-29,6.427083,6.4375,6.322917,6.4375,6.4375,1582800
1999-12-30,6.479167,6.541667,6.291667,6.4375,6.4375,3662400
1999-12-31,6.458333,6.458333,6.333333,6.385417,6.385417,1921800
2000-01-03,6.364583,6.385417,6.166667,6.354167,6.354167,4728000
2000-01-04,6.229167,6.375,5.833333,5.916667,5.916667,5572200
2000-01-05,5.916667,6.395833,5.895833,6.328125,6.328125,5250600
2000-01-06,6.25,6.322917,6.020833,6.130208,6.130208,4111800
2000-01-07,6.104167,6.395833,6.020833,6.359375,6.359375,3436200
2000-01-10,6.34375,6.416667,6.229167,6.34375,6.34375,4317600
2000-01-11,6.239583,6.291667,5.645833,5.6875,5.6875,5001600
2000-01-12,5.708333,5.979167,5.708333,5.9375,5.9375,5349600
2000-01-13,5.984375,6.354167,5.979167,6.333333,6.333333,4538400
2000-01-14,6.375,6.375,6.041667,6.072917,6.072917,7019400
2000-01-18,6.0,6.0625,5.895833,6.0,6.0,5345400
2000-01-19,6.0625,6.166667,6.0,6.135417,6.135417,5064600
2000-01-20,6.083333,6.197917,6.041667,6.125,6.125,5478600
2000-01-21,6.166667,6.177083,5.916667,5.947917,5.947917,9739800
2000-01-24,5.958333,6.0,5.614583,5.669271,5.669271,8083200
2000-01-25,5.6875,6.0,5.604167,5.947917,5.947917,16414800
2000-01-26,6.03125,6.041667,5.8125,5.84375,5.84375,4674600
2000-01-27,5.854167,5.895833,5.760417,5.802083,5.802083,3192000
2000-01-28,5.791667,5.802083,5.4375,5.458333,5.458333,5467200
2000-01-31,5.479167,5.8125,5.458333,5.65625,5.65625,6261600
2000-02-01,5.666667,5.729167,5.520833,5.729167,5.729167,4817400
2000-02-02,5.729167,6.270833,5.708333,6.0625,6.0625,6899400
2000-02-03,6.114583,6.208333,5.9375,6.010417,6.010417,6731400
2000-02-04,6.020833,6.083333,5.822917,5.822917,5.822917,4045800
2000-02-07,5.854167,5.875,5.802083,5.84375,5.84375,3231600
2000-02-08,5.895833,6.041667,5.875,6.020833,6.020833,5332800
2000-02-09,6.0,6.041667,5.791667,5.833333,5.833333,4369800
2000-02-10,5.895833,6.03125,5.791667,6.03125,6.03125,3734400
2000-02-11,6.03125,6.104167,5.5625,5.666667,5.666667,4977000
2000-02-14,5.697917,5.75,5.604167,5.65625,5.65625,3025200
2000-02-15,5.645833,5.666667,5.395833,5.510417,5.510417,5025000
2000-02-16,5.479167,5.59375,5.166667,5.333333,5.333333,5890800
2000-02-17,5.34375,5.416667,5.03125,5.041667,5.041667,8635800
2000-02-18,5.010417,5.010417,4.052083,4.552083,4.552083,34001400
2000-02-22,4.5625,5.020833,4.552083,4.65625,4.65625,12378000
2000-02-23,4.625,4.729167,4.479167,4.729167,4.729167,9028200
2000-02-24,4.770833,4.770833,4.479167,4.666667,4.666667,9739800
2000-02-25,4.677083,4.71875,4.625,4.6875,4.6875,13707600
2000-02-28,4.625,4.645833,4.333333,4.479167,4.479167,13508400
2000-02-29,4.541667,4.614583,4.489583,4.541667,4.541667,11926800
2000-03-01,4.541667,4.604167,4.479167,4.583333,4.583333,5245800
2000-03-02,4.5625,4.5625,4.354167,4.427083,4.427083,4890600
2000-03-03,4.4375,4.614583,4.395833,4.572917,4.572917,7990800
2000-03-06,4.59375,4.59375,4.416667,4.427083,4.427083,8429400
2000-03-07,4.416667,4.526042,4.416667,4.5,4.5,12684000
2000-03-08,4.5,5.0,4.5,4.822917,4.822917,10782000
2000-03-09,4.833333,5.364583,4.75,5.354167,5.354167,10400400
2000-03-10,5.34375,5.729167,5.34375,5.6875,5.6875,10162800
2000-03-13,5.416667,5.466146,5.291667,5.3125,5.3125,9006600
2000-03-14,5.28125,5.541667,5.28125,5.354167,5.354167,6334200
2000-03-15,5.34375,5.479167,5.270833,5.416667,5.416667,9027000
2000-03-16,5.4375,5.833333,5.427083,5.614583,5.614583,9362400
2000-03-17,5.479167,5.645833,5.3125,5.34375,5.34375,11787000
2000-03-20,5.354167,5.552083,5.34375,5.5,5.5,5652000
2000-03-21,5.489583,5.927083,5.479167,5.921875,5.921875,8878200
2000-03-22,5.916667,6.020833,5.833333,5.916667,5.916667,5655600
2000-03-23,5.885417,6.1875,5.833333,6.010417,6.010417,9289800
2000-03-24,6.083333,6.125,5.875,6.03125,6.03125,12705600
2000-03-27,5.979167,6.229167,5.979167,6.177083,6.177083,4114800
2000-03-28,6.083333,6.21875,6.0625,6.072917,6.072917,7125600
2000-03-29,6.104167,6.166667,5.96875,6.0625,6.0625,3595200
2000-03-30,6.020833,6.1875,5.916667,5.958333,5.958333,5736600
2000-03-31,6.03125,6.291667,5.708333,6.197917,6.197917,9604200
2000-04-03,6.197917,6.354167,6.1875,6.3125,6.3125,7822200
2000-04-04,6.28125,6.403646,6.041667,6.208333,6.208333,6727800
2000-04-05,6.135417,6.145833,5.648438,5.791667,5.791667,6366000
2000-04-06,5.8125,6.291667,5.75,6.135417,6.135417,8056800
2000-04-07,6.1875,6.1875,6.104167,6.15625,6.15625,6566400
2000-04-10,6.1875,6.208333,5.927083,6.010417,6.010417,4486200
2000-04-11,5.875,6.25,5.833333,5.958333,5.958333,5103000
2000-04-12,5.927083,6.541667,5.916667,6.291667,6.291667,8930400
2000-04-13,6.354167,6.6875,6.208333,6.21875,6.21875,12559200
2000-04-14,6.166667,6.1875,5.6875,5.6875,5.6875,8701200
2000-04-17,5.619792,6.208333,5.614583,5.958333,5.958333,8976600
2000-04-18,5.895833,6.041667,5.833333,5.989583,5.989583,7620600
2000-04-19,5.958333,6.083333,5.791667,5.895833,5.895833,4252200
2000-04-20,6.09375,6.3125,5.958333,6.1875,6.1875,5182200
2000-04-24,6.125,6.208333,5.979167,6.1875,6.1875,3800400
2000-04-25,6.375,7.0,6.375,7.0,7.0,16119000
2000-04-26,6.989583,7.5625,6.958333,7.104167,7.104167,18531000
2000-04-27,6.885417,7.75,6.8125,7.666667,7.666667,14430600
2000-04-28,7.65625,7.677083,7.291667,7.65625,7.65625,13372800
2000-05-01,7.708333,7.802083,7.395833,7.708333,7.708333,10018200
2000-05-02,7.65625,7.729167,7.5,7.520833,7.520833,8934600
2000-05-03,7.5,7.520833,6.916667,7.125,7.125,7918200
2000-05-04,7.09375,7.645833,7.083333,7.510417,7.510417,7104600
2000-05-05,7.4375,7.802083,7.333333,7.677083,7.677083,10854000
2000-05-08,7.541667,7.583333,7.291667,7.302083,7.302083,3980400
2000-05-09,7.322917,7.416667,7.072917,7.395833,7.395833,4788000
2000-05-10,7.333333,7.333333,7.0,7.010417,7.010417,4380000
2000-05-11,7.104167,7.28125,7.0,7.270833,7.270833,5479800
2000-05-12,7.291667,7.5625,7.166667,7.322917,7.322917,7228200
2000-05-15,7.3125,7.520833,7.166667,7.510417,7.510417,5417400
2000-05-16,7.520833,7.697917,7.520833,7.635417,7.635417,8816400
2000-05-17,7.5,7.541667,7.354167,7.479167,7.479167,3907200
2000-05-18,7.53125,7.59375,7.010417,7.010417,7.010417,4710600
2000-05-19,6.854167,7.0625,6.75,6.78125,6.78125,2724000
2000-05-22,6.8125,7.010417,6.333333,6.979167,6.979167,6573000
2000-05-23,7.010417,7.15625,6.5625,6.5625,6.5625,3371400
2000-05-24,6.5625,7.458333,6.447917,7.458333,7.458333,7923000
2000-05-25,7.479167,7.541667,6.916667,6.96875,6.96875,7275000
2000-05-26,6.979167,7.197917,6.927083,7.09375,7.09375,4959000
2000-05-30,7.1875,7.833333,7.171875,7.708333,7.708333,8022000
2000-05-31,7.65625,8.104167,7.645833,7.791667,7.791667,8257200
2000-06-01,7.791667,8.104167,7.666667,7.9375,7.9375,4398600
2000-06-02,8.020833,8.083333,7.864583,7.895833,7.895833,5913600
2000-06-05,7.833333,8.083333,7.8125,7.96875,7.96875,5674200
2000-06-06,7.875,7.958333,7.604167,7.635417,7.635417,4253400
2000-06-07,7.614583,8.145833,7.479167,8.135417,8.135417,7803600
2000-06-08,8.09375,8.135417,7.84375,7.90625,7.90625,5100600
2000-06-09,7.9375,8.020833,7.833333,7.916667,7.916667,3039600
2000-06-12,7.833333,7.84375,7.552083,7.65625,7.65625,2170800
2000-06-13,7.625,8.010417,7.5625,7.989583,7.989583,3567000
2000-06-14,7.979167,8.010417,7.6875,7.71875,7.71875,3259200
2000-06-15,7.739583,8.177083,7.510417,8.177083,8.177083,5476200
2000-06-16,8.3125,8.395833,7.875,8.0625,8.0625,11241600
2000-06-19,8.0625,8.25,7.75,8.229167,8.229167,3336600
2000-06-20,8.21875,8.25,7.9375,8.072917,8.072917,3329400
2000-06-21,8.010417,8.03125,7.5625,7.822917,7.822917,5571600
2000-06-22,7.84375,7.875,7.541667,7.5625,7.5625,4630200
2000-06-23,7.572917,7.572917,7.166667,7.21875,7.21875,5178000
2000-06-26,7.3125,7.40625,6.96875,7.40625,7.40625,4843800
2000-06-27,7.401042,7.458333,7.229167,7.291667,7.291667,5207400
2000-06-28,7.416667,7.75,7.354167,7.739583,7.739583,2409000
2000-06-29,7.651042,8.052083,7.583333,7.645833,7.645833,5680200
2000-06-30,7.6875,7.8125,7.166667,7.208333,7.208333,5339400
2000-07-03,7.333333,7.75,7.25,7.489583,7.489583,1525800
2000-07-05,7.489583,7.5625,7.114583,7.125,7.125,3321000
2000-07-06,7.21875,7.875,7.197917,7.71875,7.71875,4903800
2000-07-07,7.778646,7.854167,7.583333,7.625,7.625,3691200
2000-07-10,7.65625,7.666667,7.416667,7.5625,7.5625,2137200
2000-07-11,7.541667,8.0625,7.541667,7.979167,7.979167,4504200
2000-07-12,7.979167,8.020833,7.760417,7.84375,7.84375,2085600
2000-07-13,7.791667,7.8125,7.489583,7.5,7.5,3271200
2000-07-14,7.5625,7.770833,7.333333,7.739583,7.739583,5223000
2000-07-17,7.6875,7.895833,7.625,7.760417,7.760417,2014800
2000-07-18,7.833333,7.875,7.604167,7.666667,7.666667,2991000
2000-07-19,7.770833,8.104167,7.739583,8.0,8.0,6006000
2000-07-20,7.989583,8.229167,7.979167,8.208333,8.208333,4627200
2000-07-21,8.25,8.34375,8.104167,8.125,8.125,3550800
2000-07-24,8.104167,8.270833,7.916667,8.0,8.0,3038400
2000-07-25,7.979167,8.770833,7.770833,8.75,8.75,9580800
2000-07-26,8.697917,8.75,8.416667,8.666667,8.666667,7830600
2000-07-27,8.677083,8.822917,8.416667,8.604167,8.604167,6921600
2000-07-28,8.567708,8.625,8.322917,8.354167,8.354167,4500600
2000-07-31,8.4375,9.5,8.427083,9.302083,9.302083,12368400
2000-08-01,9.208333,9.416667,8.854167,8.979167,8.979167,8304000
2000-08-02,9.0,9.291667,8.75,9.229167,9.229167,9156600
2000-08-03,9.125,9.208333,9.03125,9.1875,9.1875,7090800
2000-08-04,9.104167,9.489583,8.9375,9.177083,9.177083,6801000
2000-08-07,9.15625,9.177083,8.885417,8.96875,8.96875,5002800
2000-08-08,8.9375,9.0,8.635417,8.71875,8.71875,4145400
2000-08-09,8.833333,8.833333,8.419271,8.520833,8.520833,4971600
2000-08-10,8.541667,8.927083,8.375,8.697917,8.697917,4684800
2000-08-11,8.697917,8.955729,8.5,8.895833,8.895833,6718800
2000-08-14,8.958333,9.25,8.885417,9.229167,9.229167,5734200
2000-08-15,9.197917,9.208333,8.770833,8.833333,8.833333,3448200
2000-08-16,8.895833,9.041667,8.770833,8.895833,8.895833,5830800
2000-08-17,8.895833,9.166667,8.791667,9.114583,9.114583,4185000
2000-08-18,8.942708,9.166667,8.833333,9.0,9.0,2977800
2000-08-21,9.0,9.25,8.958333,9.164063,9.164063,7323600
2000-08-22,9.197917,9.333333,8.958333,8.989583,8.989583,3904200
2000-08-23,8.958333,8.96875,8.708333,8.75,8.75,6308400
2000-08-24,8.739583,8.875,8.645833,8.708333,8.708333,6043800
2000-08-25,8.708333,8.713542,8.28125,8.40625,8.40625,6824400
2000-08-28,8.401042,8.739583,8.3125,8.544271,8.544271,6096600
2000-08-29,8.552083,8.739583,8.333333,8.739583,8.739583,4517400
2000-08-30,8.692708,9.03125,8.583333,9.03125,9.03125,3963600
2000-08-31,8.942708,9.125,8.916667,9.03125,9.03125,2637600
2000-09-01,9.135417,9.166667,8.666667,8.9375,8.9375,4989000
2000-09-05,8.979167,9.020833,8.6875,8.989583,8.989583,5064000
2000-09-06,9.0,9.114583,8.770833,8.90625,8.90625,2970600
2000-09-07,8.9375,9.177083,8.916667,9.166667,9.166667,2122800
2000-09-08,8.833333,9.299479,8.833333,8.979167,8.979167,5935800
2000-09-11,8.927083,9.21875,8.875,8.96875,8.96875,3682800
2000-09-12,8.947917,9.229167,8.947917,9.072917,9.072917,4019400
2000-09-13,9.041667,9.666667,9.0,9.28125,9.28125,5104800
2000-09-14,9.270833,9.395833,8.90625,9.145833,9.145833,6232200
2000-09-15,9.145833,9.375,9.104167,9.322917,9.322917,8248800
2000-09-18,9.354167,9.40625,8.739583,9.0625,9.0625,3658200
2000-09-19,9.114583,9.375,9.0625,9.114583,9.114583,3675600
2000-09-20,9.15625,9.395833,9.09375,9.177083,9.177083,5212200
2000-09-21,9.21875,9.697917,9.104167,9.5625,9.5625,4950600
2000-09-22,9.552083,10.15625,9.552083,10.09375,10.09375,10713600
2000-09-25,10.229167,10.333333,10.083333,10.104167,10.104167,9558000
2000-09-26,10.104167,10.145833,9.770833,9.854167,9.854167,5625600
2000-09-27,9.841146,10.208333,9.5625,10.177083,10.177083,12069600
2000-09-28,10.239583,10.6875,9.333333,10.354167,10.354167,13386600
2000-09-29,10.333333,10.333333,9.958333,9.979167,9.979167,8533800
2000-10-02,10.020833,10.020833,9.53125,9.666667,9.666667,5020800
2000-10-03,9.763021,9.895833,9.302083,9.375,9.375,3840600
2000-10-04,9.328125,9.8125,9.302083,9.458333,9.458333,5796000
2000-10-05,9.453125,10.302083,9.375,10.09375,10.09375,9639000
2000-10-06,10.114583,10.291667,9.59375,9.625,9.625,5050800
2000-10-09,9.625,10.208333,9.583333,10.125,10.125,4466400
2000-10-10,10.208333,10.25,9.583333,9.645833,9.645833,4990200
2000-10-11,9.53125,10.0,9.385417,9.458333,9.458333,6097800
2000-10-12,9.333333,9.875,9.083333,9.197917,9.197917,6203400
2000-10-13,9.260417,9.666667,9.166667,9.625,9.625,3889800
2000-10-16,9.541667,9.6875,9.3125,9.59375,9.59375,2596200
2000-10-17,9.744792,9.916667,9.364583,9.46875,9.46875,6464400
2000-10-18,9.46875,9.833333,9.15625,9.552083,9.552083,4008000
2000-10-19,9.760417,10.0625,9.458333,10.0625,10.0625,5326800
2000-10-20,10.041667,10.4375,10.0,10.15625,10.15625,5079000
2000-10-23,10.09375,10.114583,9.479167,9.635417,9.635417,4406400
2000-10-24,8.666667,8.666667,7.291667,7.760417,7.760417,66923400
2000-10-25,7.75,8.145833,7.666667,8.114583,8.114583,14649000
2000-10-26,8.166667,8.447917,8.125,8.416667,8.416667,13514400
2000-10-27,8.354167,8.520833,8.0,8.166667,8.166667,4889400
2000-10-30,8.0,8.458333,7.958333,8.375,8.375,5122800
2000-10-31,8.380208,8.78125,8.333333,8.739583,8.739583,9417600
2000-11-01,8.739583,8.75,8.604167,8.729167,8.729167,8296200
2000-11-02,8.697917,8.8125,8.604167,8.677083,8.677083,5190600
2000-11-03,8.708333,8.708333,8.3125,8.354167,8.354167,2447400
2000-11-06,8.40625,8.458333,7.885417,8.0,8.0,8345400
2000-11-07,8.072917,8.75,7.947917,8.71875,8.71875,4816800
2000-11-08,8.583333,8.59375,8.09375,8.114583,8.114583,3149400
2000-11-09,8.072917,8.385417,7.96875,8.333333,8.333333,2410200
2000-11-10,8.213542,8.520833,8.03125,8.041667,8.041667,3443400
2000-11-13,7.989583,8.5,7.583333,8.145833,8.145833,8866800
2000-11-14,8.229167,8.458333,7.947917,8.427083,8.427083,4549200
2000-11-15,8.375,8.416667,8.177083,8.333333,8.333333,4909800
2000-11-16,8.328125,8.5,8.166667,8.177083,8.177083,2932800
2000-11-17,8.177083,8.395833,7.916667,8.270833,8.270833,4014000
2000-11-20,8.25,8.333333,7.9375,8.28125,8.28125,6096600
2000-11-21,8.322917,8.395833,8.197917,8.322917,8.322917,5991600
2000-11-22,8.260417,8.322917,7.916667,7.927083,7.927083,6341400
2000-11-24,7.921875,8.25,7.919271,8.25,8.25,1437600
2000-11-27,8.333333,8.40625,8.208333,8.34375,8.34375,4070400
2000-11-28,8.166667,8.481771,8.145833,8.192708,8.192708,5025000
2000-11-29,8.197917,8.791667,8.145833,8.708333,8.708333,7072800
2000-11-30,8.541667,9.322917,8.520833,9.3125,9.3125,17004000
2000-12-01,9.479167,9.5625,9.125,9.208333,9.208333,6490200
2000-12-04,9.166667,9.552083,8.791667,9.375,9.375,6144600
2000-12-05,9.447917,9.75,9.010417,9.520833,9.520833,6307800
2000-12-06,9.520833,9.53125,9.333333,9.447917,9.447917,6305400
2000-12-07,9.53125,10.0,9.4375,9.864583,9.864583,6093600
2000-12-08,9.953125,9.958333,8.770833,9.354167,9.354167,19021200
2000-12-11,9.375,9.40625,8.270833,8.645833,8.645833,14038800
2000-12-12,8.604167,8.885417,8.40625,8.583333,8.583333,8899200
2000-12-13,8.510417,8.739583,8.458333,8.53125,8.53125,7506000
2000-12-14,8.510417,8.78125,8.46875,8.510417,8.510417,8402400
2000-12-15,8.416667,8.864583,8.125,8.5625,8.5625,14657400
2000-12-18,8.666667,8.708333,8.15625,8.1875,8.1875,7812600
2000-12-19,8.229167,8.583333,7.895833,7.927083,7.927083,7446000
2000-12-20,7.760417,7.958333,7.239583,7.25,7.25,9460200
2000-12-21,7.4375,8.010417,7.416667,7.614583,7.614583,7944000
2000-12-22,7.802083,8.239583,7.645833,8.0,8.0,5775600
2000-12-26,8.052083,8.25,7.96875,8.125,8.125,2384400
2000-12-27,8.125,8.4375,7.854167,8.21875,8.21875,4641600
2000-12-28,8.208333,8.416667,8.020833,8.40625,8.40625,4018800
2000-12-29,8.416667,8.427083,7.8125,7.90625,7.90625,4855200
2001-01-02,7.976563,7.979167,7.270833,7.395833,7.395833,6213000
2001-01-03,7.3125,8.302083,7.291667,7.8125,7.8125,9235800
2001-01-04,7.625,8.0625,7.5625,7.75,7.75,5676600
2001-01-05,7.708333,7.822917,7.583333,7.666667,7.666667,6560400
2001-01-08,7.729167,8.1875,7.666667,8.140625,8.140625,5033400
2001-01-09,8.15625,8.489583,8.125,8.322917,8.322917,5962800
2001-01-10,8.1875,8.4375,7.75,8.385417,8.385417,5514000
2001-01-11,8.354167,8.458333,8.083333,8.166667,8.166667,3718800
2001-01-12,8.125,8.239583,7.791667,7.958333,7.958333,6964200
2001-01-16,7.833333,7.916667,7.635417,7.697917,7.697917,4066800
2001-01-17,7.776042,8.041667,7.75,8.0,8.0,7786800
2001-01-18,7.958333,8.208333,7.708333,8.15625,8.15625,4960200
2001-01-19,8.208333,8.229167,7.645833,7.770833,7.770833,6442800
2001-01-22,7.729167,7.875,7.5,7.770833,7.770833,7940400
2001-01-23,7.677083,8.729167,7.645833,8.697917,8.697917,11670000
2001-01-24,8.541667,8.739583,8.291667,8.666667,8.666667,9187800
2001-01-25,8.625,8.8125,8.375,8.427083,8.427083,3477600
2001-01-26,8.395833,8.802083,8.375,8.625,8.625,2233800
2001-01-29,8.520833,9.0625,8.458333,9.052083,9.052083,3318600
2001-01-30,8.927083,8.927083,8.583333,8.802083,8.802083,2507400
2001-01-31,8.770833,8.90625,8.364583,8.635417,8.635417,3450000
2001-02-01,8.458333,8.872396,8.375,8.708333,8.708333,3496200
2001-02-02,8.708333,8.822917,8.46875,8.46875,8.46875,2445600
2001-02-05,8.458333,8.78125,8.458333,8.708333,8.708333,2166000
2001-02-06,8.677083,9.114583,8.666667,8.958333,8.958333,3991200
2001-02-07,8.96875,9.104167,8.802083,8.989583,8.989583,4212000
2001-02-08,9.052083,9.145833,8.833333,8.875,8.875,4352400
2001-02-09,8.854167,9.072917,8.84375,8.916667,8.916667,3705000
2001-02-12,8.979167,9.333333,8.96875,9.072917,9.072917,3311400
2001-02-13,8.958333,9.375,8.854167,8.854167,8.854167,3108600
2001-02-14,8.84375,9.270833,8.770833,9.260417,9.260417,7428600
2001-02-15,9.25,9.395833,9.104167,9.28125,9.28125,9211800
2001-02-16,9.052083,9.333333,9.010417,9.291667,9.291667,4354200
2001-02-20,9.333333,9.552083,9.291667,9.5,9.5,5470200
2001-02-21,9.53125,9.677083,9.072917,9.145833,9.145833,7959600
2001-02-22,9.21875,9.25,8.770833,8.833333,8.833333,10908000
2001-02-23,8.90625,9.0,8.541667,9.0,9.0,7939200
2001-02-26,8.989583,9.166667,8.666667,8.75,8.75,8024400
2001-02-27,8.739583,8.875,8.458333,8.520833,8.520833,7442400
2001-02-28,8.572917,8.572917,8.104167,8.25,8.25,11071200
2001-03-01,8.25,8.25,8.083333,8.166667,8.166667,8526000
2001-03-02,8.1875,8.25,7.916667,7.916667,7.916667,6320400
2001-03-05,7.9375,8.25,7.916667,8.1875,8.1875,7332000
2001-03-06,8.270833,8.375,7.947917,8.083333,8.083333,4717200
2001-03-07,8.166667,8.291667,8.020833,8.197917,8.197917,4885800
2001-03-08,8.21875,8.229167,8.104167,8.114583,8.114583,2911200
2001-03-09,8.166667,8.166667,7.833333,7.979167,7.979167,2541000
2001-03-12,7.916667,8.03125,7.5,7.520833,7.520833,3748200
2001-03-13,7.65625,7.989583,7.5625,7.760417,7.760417,7539000
2001-03-14,7.708333,8.041667,7.541667,7.8125,7.8125,3608400
2001-03-15,7.864583,8.020833,7.84375,7.916667,7.916667,3614400
2001-03-16,7.833333,7.864583,7.302083,7.541667,7.541667,8565000
2001-03-19,7.572917,8.03125,7.489583,8.0,8.0,5328600
2001-03-20,8.03125,8.302083,7.708333,7.770833,7.770833,5856600
2001-03-21,7.729167,8.0,7.520833,7.697917,7.697917,5567400
2001-03-22,7.666667,8.083333,7.666667,7.895833,7.895833,6474000
2001-03-23,7.96875,8.104167,7.708333,7.927083,7.927083,6327600
2001-03-26,8.0,8.166667,7.770833,7.90625,7.90625,4331400
2001-03-27,7.901042,8.229167,7.791667,8.145833,8.145833,4915800
2001-03-28,8.291667,8.40625,8.09375,8.145833,8.145833,24305400
2001-03-29,8.114583,8.239583,8.03125,8.197917,8.197917,15921000
2001-03-30,8.291667,8.291667,7.375,7.455729,7.455729,134508000
2001-04-02,7.705729,7.9375,7.625,7.875,7.875,23044800
2001-04-03,7.770833,7.78125,7.53125,7.572917,7.572917,11226000
2001-04-04,7.59375,8.041667,7.541667,7.635417,7.635417,27642000
2001-04-05,7.822917,8.125,7.71875,8.0625,8.0625,12879000
2001-04-06,7.942708,8.020833,7.708333,7.989583,7.989583,7825800
2001-04-09,8.015,8.175,7.966667,8.171667,8.171667,4268400
2001-04-10,8.208333,8.345,8.203333,8.333333,8.333333,7099200
2001-04-11,8.375,8.38,7.8,7.948333,7.948333,9591600
2001-04-12,7.878333,8.08,7.775,8.026667,8.026667,6151800
2001-04-16,8.041667,8.116667,7.76,7.878333,7.878333,5538600
2001-04-17,7.83,8.156667,7.83,8.095,8.095,6949800
2001-04-18,8.19,8.821667,8.166667,8.506667,8.506667,8162400
2001-04-19,8.536667,8.56,8.25,8.38,8.38,7516800
2001-04-20,8.298333,8.438333,8.1,8.43,8.43,5613000
2001-04-23,8.448333,8.571667,8.405,8.445,8.445,4958400
2001-04-24,8.508333,8.791667,8.391667,8.396667,8.396667,5363400
2001-04-25,8.416667,9.14,8.416667,9.05,9.05,9114000
2001-04-26,9.063333,9.083333,8.75,8.87,8.87,5155200
2001-04-27,8.898333,9.015,8.808333,8.883333,8.883333,3448200
2001-04-30,8.991667,9.448333,8.928333,9.223333,9.223333,7267200
2001-05-01,9.1,9.1,8.808333,9.065,9.065,7691400
2001-05-02,9.121667,9.213333,8.586667,8.666667,8.666667,8196600
2001-05-03,8.625,8.765,8.555,8.643333,8.643333,4546800
2001-05-04,8.558333,8.921667,8.416667,8.833333,8.833333,4123800
2001-05-07,8.751667,8.916667,8.666667,8.805,8.805,6810600
2001-05-08,8.875,8.891667,8.64,8.801667,8.801667,4781400
2001-05-09,8.768333,8.875,8.65,8.683333,8.683333,3856200
2001-05-10,8.668333,8.85,8.536667,8.673333,8.673333,4618800
2001-05-11,8.608333,8.766667,8.6,8.7,8.7,4158600
2001-05-14,8.658333,8.848333,8.63,8.701667,8.701667,3024600
2001-05-15,8.705,8.9,8.696667,8.736667,8.736667,3227400
2001-05-16,8.786667,9.181667,8.638333,9.165,9.165,5580600
2001-05-17,9.125,9.203333,9.033333,9.093333,9.093333,7786200
2001-05-18,9.081667,9.125,8.975,9.011667,9.011667,3897000
2001-05-21,9.185,9.581667,9.183333,9.568333,9.568333,9142200
2001-05-22,9.566667,9.58,9.36,9.548333,9.548333,4360800
2001-05-23,9.506667,9.541667,9.13,9.303333,9.303333,4722000
2001-05-24,9.093333,9.476667,9.063333,9.206667,9.206667,8455200
2001-05-25,9.24,9.291667,8.958333,8.961667,8.961667,4089000
2001-05-29,9.001667,9.133333,8.925,8.96,8.96,7703400
2001-05-30,8.925,9.123333,8.9,9.113333,9.113333,6292200
2001-05-31,9.103333,9.418333,9.101667,9.185,9.185,6756000
2001-06-01,9.206667,9.433333,9.0,9.34,9.34,4208400
2001-06-04,9.398333,9.483333,9.166667,9.396667,9.396667,2353800
2001-06-05,9.4,9.583333,9.326667,9.523333,9.523333,4114800
2001-06-06,9.493333,9.666667,9.103333,9.291667,9.291667,4330800
2001-06-07,9.316667,9.413333,9.155,9.368333,9.368333,2485200
2001-06-08,9.498333,9.5,9.083333,9.201667,9.201667,3590400
2001-06-11,9.201667,9.458333,9.183333,9.383333,9.383333,5283000
2001-06-12,9.378333,9.583333,9.026667,9.466667,9.466667,5257800
2001-06-13,9.521667,9.875,9.5,9.635,9.635,7986000
2001-06-14,9.601667,9.608333,9.246667,9.286667,9.286667,6406200
2001-06-15,9.27,9.691667,9.138333,9.528333,9.528333,11186400
2001-06-18,9.536667,9.85,9.5,9.758333,9.758333,5140200
2001-06-19,9.79,10.036667,9.775,10.015,10.015,11390400
2001-06-20,10.0,10.3,9.945,10.248333,10.248333,14238000
2001-06-21,10.233333,10.375,10.081667,10.14,10.14,10816800
2001-06-22,10.14,10.25,9.945,10.108333,10.108333,9446400
2001-06-25,10.18,10.343333,10.178333,10.34,10.34,5352000
2001-06-26,10.185,10.408333,10.145,10.398333,10.398333,8448600
2001-06-27,10.375,10.383333,10.208333,10.34,10.34,6679200
2001-06-28,10.348333,10.64,10.336667,10.518333,10.518333,10891200
2001-06-29,10.408333,10.771667,10.315,10.663333,10.663333,6999600
2001-07-02,10.5,10.5,10.175,10.256667,10.256667,10741800
2001-07-03,10.166667,10.168333,9.888333,9.916667,9.916667,6789000
2001-07-05,9.873333,9.933333,9.485,9.605,9.605,9792600
2001-07-06,9.591667,9.9,9.47,9.755,9.755,10574400
2001-07-09,9.766667,10.05,9.75,9.99,9.99,9166200
2001-07-10,10.016667,10.13,9.911667,9.99,9.99,7911600
2001-07-11,9.875,10.29,9.85,10.268333,10.268333,8508600
2001-07-12,10.313333,10.531667,10.23,10.53,10.53,6888600
2001-07-13,10.413333,10.416667,10.113333,10.175,10.175,6398400
2001-07-16,10.175,10.333333,10.008333,10.035,10.035,4278600
2001-07-17,10.118333,10.291667,9.991667,10.14,10.14,5188200
2001-07-18,10.178333,10.188333,9.915,10.006667,10.006667,3658200
2001-07-19,10.163333,10.333333,10.115,10.316667,10.316667,4426800
2001-07-20,10.246667,10.333333,10.175,10.208333,10.208333,4089000
2001-07-23,10.225,10.25,9.883333,9.99,9.99,6211800
2001-07-24,9.98,10.0,9.056667,9.661667,9.661667,25982400
2001-07-25,9.671667,9.671667,9.386667,9.616667,9.616667,15666000
2001-07-26,9.566667,9.586667,9.393333,9.505,9.505,10327200
2001-07-27,9.5,9.508333,9.383333,9.501667,9.501667,6307200
2001-07-30,9.51,9.675,9.418333,9.563333,9.563333,5212800
2001-07-31,9.601667,9.773333,9.323333,9.563333,9.563333,6526800
2001-08-01,9.54,9.55,9.206667,9.361667,9.361667,12545400
2001-08-02,9.083333,9.306667,9.008333,9.25,9.25,8746200
2001-08-03,9.34,9.35,9.016667,9.146667,9.146667,10312200
2001-08-06,9.116667,9.2,9.0,9.113333,9.113333,5039400
2001-08-07,9.128333,9.216667,9.058333,9.116667,9.116667,5752800
2001-08-08,9.0,9.166667,8.83,8.896667,8.896667,5253600
2001-08-09,8.876667,9.081667,8.85,8.985,8.985,3546600
2001-08-10,8.966667,9.091667,8.808333,8.986667,8.986667,4772400
2001-08-13,8.958333,9.25,8.953333,9.201667,9.201667,4363200
2001-08-14,9.233333,9.348333,9.085,9.215,9.215,4056600
2001-08-15,9.25,9.318333,9.073333,9.17,9.17,3178200
2001-08-16,9.015,9.166667,8.998333,9.106667,9.106667,4830000
2001-08-17,8.916667,9.091667,8.76,8.821667,8.821667,3767400
2001-08-20,8.88,9.026667,8.798333,9.008333,9.008333,3898800
2001-08-21,8.983333,9.05,8.841667,8.88,8.88,4277400
2001-08-22,8.895,9.133333,8.833333,9.076667,9.076667,3543600
2001-08-23,9.12,9.21,8.98,9.0,9.0,3375000
2001-08-24,9.008333,9.375,9.0,9.266667,9.266667,5150400
2001-08-27,9.216667,9.49,9.198333,9.41,9.41,3932400
2001-08-28,9.433333,9.465,9.073333,9.088333,9.088333,4346400
2001-08-29,9.088333,9.231667,8.985,9.126667,9.126667,2546400
2001-08-30,9.165,9.366667,8.986667,9.041667,9.041667,3552000
2001-08-31,9.031667,9.246667,9.018333,9.028333,9.028333,3235800
2001-09-04,9.0,9.1325,8.5375,8.555,8.555,8375200
2001-09-05,8.575,8.705,8.4125,8.64,8.64,6942400
2001-09-06,8.51,8.715,8.27,8.495,8.495,7354400
2001-09-07,8.3,8.5925,8.1925,8.4575,8.4575,6054800
2001-09-10,8.265,8.6425,8.22,8.55,8.55,4292800
2001-09-17,8.0375,8.525,7.875,8.2475,8.2475,8541600
2001-09-18,8.3125,8.7475,8.23,8.55,8.55,7074800
2001-09-19,8.6025,8.8125,8.125,8.5375,8.5375,7142400
2001-09-20,8.41,8.6,8.125,8.18,8.18,5398000
2001-09-21,7.5275,8.6325,7.5125,8.3,8.3,9824800
2001-09-24,8.4,8.735,8.385,8.5975,8.5975,4336000
2001-09-25,8.5375,8.6375,8.125,8.3675,8.3675,4729200
2001-09-26,8.475,8.5875,8.0275,8.2425,8.2425,3192400
2001-09-27,8.24,8.6875,7.9525,8.5975,8.5975,4270000
2001-09-28,8.6375,8.8875,8.4375,8.55,8.55,9094800
2001-10-01,8.4575,8.4575,7.89,7.9975,7.9975,11658400
2001-10-02,7.975,8.02,7.63,7.9825,7.9825,9309200
2001-10-03,7.7375,8.7875,7.575,8.605,8.605,8925600
2001-10-04,8.675,8.9075,8.3,8.3775,8.3775,10536400
2001-10-05,8.415,8.765,8.305,8.7025,8.7025,4951600
2001-10-08,8.5875,8.8,8.2825,8.4725,8.4725,3684000
2001-10-09,8.4875,8.85,8.4125,8.455,8.455,4208400
2001-10-10,8.53,9.07,8.53,9.0375,9.0375,5784400
2001-10-11,9.0725,9.075,8.7525,8.975,8.975,7605600
2001-10-12,8.955,8.975,8.3275,8.7625,8.7625,4805200
2001-10-15,8.6375,8.8425,8.4825,8.755,8.755,3411200
2001-10-16,8.835,8.9375,8.5275,8.78,8.78,5822400
2001-10-17,8.98,9.0625,8.3475,8.5675,8.5675,6944800
2001-10-18,8.54,8.8125,8.375,8.805,8.805,5719200
2001-10-19,8.6525,9.0225,8.65,9.0025,9.0025,3714800
2001-10-22,8.9875,9.085,8.8475,8.98,8.98,6108800
2001-10-23,9.1525,9.6225,9.125,9.5025,9.5025,13195200
2001-10-24,9.565,9.9675,9.4375,9.5,9.5,8854000
2001-10-25,9.425,9.8225,9.325,9.7775,9.7775,6228800
2001-10-26,9.775,9.9375,9.4875,9.5075,9.5075,4980000
2001-10-29,9.425,9.4925,9.1875,9.225,9.225,5326800
2001-10-30,9.2025,9.325,9.0425,9.1375,9.1375,4681600
2001-10-31,9.14,9.5625,9.1375,9.2975,9.2975,4706800
2001-11-01,9.2525,9.7325,9.0975,9.575,9.575,4259600
2001-11-02,9.4975,9.76,9.375,9.7175,9.7175,2291200
2001-11-05,9.7925,10.065,9.745,10.0625,10.0625,5964000
2001-11-06,9.9725,10.2875,9.785,10.2475,10.2475,5555600
2001-11-07,10.2125,10.3275,9.9675,10.0575,10.0575,5832000
2001-11-08,10.245,10.3375,9.9375,10.01,10.01,6041200
2001-11-09,10.0,10.01,9.795,9.9625,9.9625,4908800
2001-11-12,9.8825,9.9475,9.5625,9.8975,9.8975,4314800
2001-11-13,9.965,10.1925,9.9425,10.0675,10.0675,4795600
2001-11-14,10.215,10.245,9.9,10.085,10.085,2781600
2001-11-15,10.04,10.185,9.9125,10.055,10.055,4883600
2001-11-16,10.12,10.125,9.6925,9.8925,9.8925,5077200
2001-11-19,9.9075,10.015,9.825,9.8975,9.8975,4349600
2001-11-20,9.8875,9.8975,9.625,9.7775,9.7775,4714000
2001-11-21,9.725,9.9375,9.6975,9.81,9.81,3676800
2001-11-23,9.8125,10.0275,9.76,9.9225,9.9225,1101200
2001-11-26,9.9975,10.11,9.885,10.025,10.025,7396400
2001-11-27,9.9775,10.03,9.69,9.8175,9.8175,4073600
2001-11-28,9.81,9.89,9.5625,9.6,9.6,4246800
2001-11-29,9.5875,9.75,9.4575,9.735,9.735,4121600
2001-11-30,9.7375,9.7825,9.525,9.77,9.77,4954000
2001-12-03,9.75,9.825,9.625,9.7,9.7,4623600
2001-12-04,9.7,9.925,9.65,9.8975,9.8975,5722800
2001-12-05,9.9675,10.4375,9.95,10.3,10.3,8544000
2001-12-06,10.365,10.5375,10.2325,10.48,10.48,4852000
2001-12-07,10.4575,10.58,10.315,10.43,10.43,3654800
2001-12-10,10.375,10.6125,10.25,10.4225,10.4225,5052800
2001-12-11,10.465,10.5875,10.3375,10.49,10.49,3068000
2001-12-12,10.4475,10.6175,10.3375,10.5175,10.5175,5836800
2001-12-13,10.4475,10.48,10.225,10.2725,10.2725,4024800
2001-12-14,10.225,10.4375,10.2125,10.32,10.32,3193200
2001-12-17,10.4225,10.97,10.3625,10.9425,10.9425,7503600
2001-12-18,10.98,11.1525,10.8975,11.0975,11.0975,7685600
2001-12-19,11.0575,11.125,10.8175,11.085,11.085,4770000
2001-12-20,10.9975,11.0125,10.8225,10.8225,10.8225,5712800
2001-12-21,11.0625,11.0875,10.5675,10.63,10.63,10737200
2001-12-24,10.6175,10.75,10.6125,10.675,10.675,3319600
2001-12-26,10.74,10.7825,10.64,10.7,10.7,4206800
2001-12-27,10.7,10.8725,10.68,10.705,10.705,3202400
2001-12-28,10.7,10.965,10.675,10.905,10.905,6234400
2001-12-31,10.93,10.935,10.5125,10.58,10.58,6270000
2002-01-02,10.625,10.8,10.3725,10.7225,10.7225,7925600
2002-01-03,10.705,10.8075,10.455,10.625,10.625,12130400
2002-01-04,10.6175,10.675,10.425,10.4625,10.4625,7230800
2002-01-07,10.4575,10.675,10.39,10.55,10.55,7717200
2002-01-08,10.5975,10.6,10.4425,10.5375,10.5375,3146800
2002-01-09,10.55,10.6825,10.35,10.3875,10.3875,5334800
2002-01-10,10.31,10.54,10.1925,10.425,10.425,7234400
2002-01-11,10.4925,10.655,10.1725,10.5,10.5,5642000
2002-01-14,10.4525,10.55,10.29,10.3775,10.3775,3794400
2002-01-15,10.42,10.7525,10.4075,10.7175,10.7175,4385600
2002-01-16,10.735,10.75,10.425,10.4275,10.4275,5508000
2002-01-17,10.4375,10.8675,10.43,10.8025,10.8025,6976400
2002-01-18,10.71,10.845,10.4825,10.4975,10.4975,6459200
2002-01-22,10.5225,10.59,10.3575,10.4,10.4,6742000
2002-01-23,10.425,10.875,10.3825,10.825,10.825,8230400
2002-01-24,10.825,10.875,10.63,10.8125,10.8125,7797200
2002-01-25,10.79,10.8225,10.505,10.625,10.625,3931200
2002-01-28,10.7525,10.7675,10.4775,10.5925,10.5925,4998000
2002-01-29,10.625,10.65,10.0125,10.235,10.235,6810400
2002-01-30,10.2575,10.485,10.15,10.4725,10.4725,5638400
2002-01-31,10.4775,10.63,10.365,10.61,10.61,4245200
2002-02-01,10.5725,10.575,10.1175,10.22,10.22,6724800
2002-02-04,10.175,10.3125,9.9625,10.2825,10.2825,6608400
2002-02-05,10.3175,10.6875,10.3175,10.4125,10.4125,6244400
2002-02-06,10.46,10.55,10.2375,10.5,10.5,6556000
2002-02-07,10.4625,10.65,10.2875,10.31,10.31,5310000
2002-02-08,10.325,10.6125,10.25,10.6,10.6,6391600
2002-02-11,10.5175,10.5375,10.2,10.295,10.295,6990400
2002-02-12,10.2475,10.4,10.0225,10.2675,10.2675,5399600
2002-02-13,10.305,10.4925,10.225,10.3925,10.3925,3894400
2002-02-14,10.395,10.55,10.3175,10.43,10.43,4074800
2002-02-15,10.5025,10.555,10.2525,10.275,10.275,2951600
2002-02-19,10.2725,10.3475,9.9025,9.98,9.98,5323600
2002-02-20,10.0625,10.26,9.9875,10.1975,10.1975,3839200
2002-02-21,10.14,10.23,9.925,9.97,9.97,4557200
2002-02-22,10.0925,10.475,10.055,10.43,10.43,6202000
2002-02-25,10.4175,10.7325,10.375,10.725,10.725,5450000
2002-02-26,10.7125,10.725,10.2875,10.5425,10.5425,6509600
2002-02-27,10.6125,10.71,10.375,10.4025,10.4025,3969200
2002-02-28,10.4625,10.85,10.45,10.685,10.685,8417600
2002-03-01,10.725,11.0,10.6375,10.9825,10.9825,6174000
2002-03-04,11.04,11.175,10.9325,11.11,11.11,9886800
2002-03-05,11.04,11.1175,10.81,10.8225,10.8225,8380000
2002-03-06,10.79,11.0875,10.7525,11.0025,11.0025,4764000
2002-03-07,11.06,11.3375,10.99,11.225,11.225,8994800
2002-03-08,11.3425,11.395,11.02,11.1575,11.1575,9006800
2002-03-11,11.1375,11.46,11.0625,11.405,11.405,6650000
2002-03-12,11.3425,11.5575,11.25,11.485,11.485,5879200
2002-03-13,11.475,11.57,11.175,11.2175,11.2175,5139600
2002-03-14,11.1975,11.355,11.15,11.205,11.205,4211200
2002-03-15,11.3075,11.5,11.2625,11.49,11.49,8268400
2002-03-18,11.4925,11.81,11.365,11.6225,11.6225,7167600
2002-03-19,11.725,11.775,11.565,11.65,11.65,2836000
2002-03-20,11.6,11.6675,11.3375,11.3725,11.3725,5182400
2002-03-21,11.3425,11.5,11.21,11.4775,11.4775,3826800
2002-03-22,11.495,11.6275,11.25,11.355,11.355,4744400
2002-03-25,11.375,11.465,11.0825,11.2975,11.2975,5753600
2002-03-26,11.225,11.625,11.225,11.5675,11.5675,5062400
2002-03-27,11.545,11.6125,11.3725,11.46,11.46,5495600
2002-03-28,11.5375,11.605,11.405,11.4975,11.4975,4061200
2002-04-01,11.4475,11.5625,11.25,11.52,11.52,4589200
2002-04-02,11.5575,11.5625,11.3175,11.3575,11.3575,5570400
2002-04-03,11.3575,11.515,11.15,11.2575,11.2575,5754000
2002-04-04,11.2725,11.3,11.02,11.195,11.195,5757200
2002-04-05,11.235,11.2575,10.865,11.0025,11.0025,9944000
2002-04-08,10.875,11.25,10.8575,11.25,11.25,5412000
2002-04-09,11.2675,11.2675,10.65,10.6625,10.6625,10772000
2002-04-10,10.7075,10.875,10.675,10.7625,10.7625,10360000
2002-04-11,10.7625,10.7625,10.46,10.525,10.525,5369600
2002-04-12,10.5625,10.6975,10.415,10.5975,10.5975,6625600
2002-04-15,10.6725,10.675,10.4825,10.54,10.54,3788800
2002-04-16,10.675,10.7275,10.4425,10.5,10.5,10333200
2002-04-17,10.5425,10.5475,10.1825,10.235,10.235,8763600
2002-04-18,10.2425,10.37,10.045,10.315,10.315,9355200
2002-04-19,10.3675,10.7925,10.2525,10.7275,10.7275,9020800
2002-04-22,10.68,10.92,10.495,10.575,10.575,9798000
2002-04-23,10.7025,10.885,10.66,10.7,10.7,7729600
2002-04-24,10.84,11.1075,10.79,10.9,10.9,5888400
2002-04-25,10.9125,11.04,10.755,10.9725,10.9725,6664400
2002-04-26,11.0225,11.0225,10.775,10.82,10.82,8216400
2002-04-29,10.7975,10.9525,10.6375,10.71,10.71,5925200
2002-04-30,10.8275,11.25,10.7875,11.115,11.115,7750800
2002-05-01,11.1525,11.3325,10.865,11.195,11.195,6094400
2002-05-02,11.16,11.335,11.0275,11.04,11.04,6152400
2002-05-03,11.0375,11.245,10.8125,10.89,10.89,5766800
2002-05-06,11.08,11.1575,10.8,10.8,10.8,4557200
2002-05-07,10.9675,11.0975,10.91,10.925,10.925,7112800
2002-05-08,11.0275,11.17,10.79,11.1675,11.1675,8622800
2002-05-09,11.1125,11.135,10.8875,10.8925,10.8925,4840800
2002-05-10,10.975,11.075,10.7525,10.7725,10.7725,4814400
2002-05-13,10.825,11.1725,10.745,11.17,11.17,5537600
2002-05-14,11.25,11.3225,11.1,11.145,11.145,8520400
2002-05-15,11.13,11.595,11.125,11.3725,11.3725,9956000
2002-05-16,11.465,11.5525,11.3325,11.5025,11.5025,5428800
2002-05-17,11.6,11.6425,11.32,11.4525,11.4525,4648400
2002-05-20,11.1375,11.2875,10.88,10.9125,10.9125,13953600
2002-05-21,10.9375,10.9875,10.58,10.71,10.71,10660000
2002-05-22,10.6375,10.685,10.2975,10.655,10.655,7337200
2002-05-23,10.6875,10.895,10.4625,10.895,10.895,6040000
2002-05-24,10.8875,10.91,10.4325,10.54,10.54,5415600
2002-05-28,10.5925,10.5975,10.2375,10.49,10.49,4511600
2002-05-29,10.485,10.6625,10.3975,10.4225,10.4225,4168400
2002-05-30,10.385,10.56,10.2825,10.5075,10.5075,5428400
2002-05-31,10.6075,10.75,10.4675,10.635,10.635,9604800
2002-06-03,10.6375,10.75,10.4625,10.5375,10.5375,5732000
2002-06-04,10.4875,10.71,10.43,10.5725,10.5725,6305600
2002-06-05,10.6025,10.7,10.2875,10.49,10.49,7570000
2002-06-06,10.4875,10.5,10.25,10.32,10.32,6827600
2002-06-07,10.315,10.685,10.3125,10.4725,10.4725,7523200
2002-06-10,10.47,10.5225,10.3,10.36,10.36,6537200
2002-06-11,10.4,10.445,9.89,9.9025,9.9025,7667200
2002-06-12,9.8925,9.895,9.425,9.72,9.72,13920800
2002-06-13,9.7,9.73,9.3825,9.4475,9.4475,6842400
2002-06-14,9.3975,9.86,9.1425,9.8575,9.8575,15671200
2002-06-17,9.875,10.035,9.7075,9.9275,9.9275,8094800
2002-06-18,9.8375,10.1,9.63,9.675,9.675,10550000
2002-06-19,9.7075,9.825,9.4625,9.4875,9.4875,6346400
2002-06-20,9.4975,9.72,9.345,9.355,9.355,8148000
2002-06-21,9.2825,9.2875,8.955,9.0225,9.0225,11691600
2002-06-24,8.94,9.1975,8.85,9.0625,9.0625,13794400
2002-06-25,9.1325,9.1875,8.7,8.79,8.79,9686800
2002-06-26,8.74,8.955,8.55,8.95,8.95,15734800
2002-06-27,9.125,9.125,8.755,9.025,9.025,10390000
2002-06-28,8.9725,9.3425,8.93,9.1775,9.1775,9771200
2002-07-01,9.145,9.3175,8.7625,8.8325,8.8325,7332800
2002-07-02,8.83,8.9175,8.5,8.55,8.55,9752800
2002-07-03,8.5375,8.86,8.45,8.765,8.765,6754000
2002-07-05,8.835,9.2475,8.8125,9.24,9.24,3492400
2002-07-08,9.1425,9.23,8.4425,8.5975,8.5975,9127200
2002-07-09,8.685,8.8725,8.415,8.4325,8.4325,7536800
2002-07-10,8.43,8.4925,8.0225,8.0625,8.0625,12932800
2002-07-11,8.0875,8.4825,7.9625,8.46,8.46,9934400
2002-07-12,8.5125,8.6125,8.195,8.33,8.33,8091200
2002-07-15,8.33,8.4625,8.055,8.4025,8.4025,12143600
2002-07-16,8.43,8.745,8.375,8.675,8.675,11780800
2002-07-17,8.79,8.9225,8.5625,8.895,8.895,10754800
2002-07-18,8.8575,8.875,8.1375,8.1825,8.1825,12234400
2002-07-19,8.2475,8.25,7.94,8.075,8.075,9950000
2002-07-22,8.11,8.135,7.6475,7.85,7.85,10640400
2002-07-23,7.8025,7.9475,7.5175,7.6325,7.6325,11520800
2002-07-24,7.625,8.105,7.55,8.105,8.105,12390000
2002-07-25,8.015,8.2125,7.715,7.8975,7.8975,11803200
2002-07-26,7.8625,8.1225,7.8,8.0425,8.0425,9768000
2002-07-29,8.215,8.5475,8.175,8.4925,8.4925,7958400
2002-07-30,8.3875,8.825,8.3125,8.555,8.555,8162800
2002-07-31,8.69,8.6975,8.1775,8.6025,8.6025,9309200
2002-08-01,8.6075,8.61,8.255,8.33,8.33,7579200
2002-08-02,8.2625,8.3125,7.9975,8.095,8.095,6755600
2002-08-05,8.1175,8.2825,7.85,7.875,7.875,5021600
2002-08-06,7.975,8.675,7.9,8.42,8.42,9445600
2002-08-07,8.5375,8.625,8.1925,8.5125,8.5125,8138000
2002-08-08,8.53,8.8275,8.35,8.8125,8.8125,6320400
2002-08-09,8.8475,8.93,8.4775,8.6025,8.6025,7335200
2002-08-12,8.525,8.625,8.4025,8.5875,8.5875,3926400
2002-08-13,8.62,8.775,8.285,8.2925,8.2925,7316000
2002-08-14,8.3175,9.04,8.2125,9.035,9.035,7797200
2002-08-15,8.95,9.3825,8.7875,9.245,9.245,9463200
2002-08-16,9.225,9.5,9.075,9.4475,9.4475,5115200
2002-08-19,9.4675,9.64,9.28,9.6375,9.6375,4289600
2002-08-20,9.5325,9.575,9.18,9.2375,9.2375,7454400
2002-08-21,9.25,9.4375,9.0925,9.3575,9.3575,5809200
2002-08-22,9.3675,9.975,9.1725,9.8125,9.8125,7281600
2002-08-23,9.8075,9.8125,9.32,9.4575,9.4575,6036800
2002-08-26,9.4725,9.7125,9.32,9.665,9.665,4159200
2002-08-27,9.7075,9.72,9.26,9.32,9.32,5708400
2002-08-28,9.235,9.2975,8.9425,9.0025,9.0025,5492400
2002-08-29,8.9375,9.2725,8.8125,9.2125,9.2125,8938000
2002-08-30,9.135,9.425,9.06,9.2025,9.2025,4048400
2002-09-03,9.075,9.0825,8.605,8.6325,8.6325,6686400
2002-09-04,8.66,8.9225,8.5725,8.8625,8.8625,6281600
2002-09-05,8.665,8.6675,8.14,8.2625,8.2625,15460800
2002-09-06,8.3775,8.76,8.375,8.6725,8.6725,7515200
2002-09-09,8.6625,8.7875,8.325,8.68,8.68,4822800
2002-09-10,8.8,8.8175,8.47,8.7425,8.7425,5844000
2002-09-11,8.75,9.25,8.6725,8.705,8.705,5556400
2002-09-12,8.625,8.6275,8.3725,8.38,8.38,4235200
2002-09-13,8.4075,8.57,8.29,8.42,8.42,6162400
2002-09-16,8.36,8.43,8.26,8.325,8.325,4836000
2002-09-17,8.4125,8.6175,8.1925,8.2275,8.2275,5178400
2002-09-18,8.165,8.54,8.04,8.39,8.39,7299200
2002-09-19,8.05,8.2425,7.8125,7.85,7.85,10730400
2002-09-20,8.02,8.0725,7.7575,7.835,7.835,13918400
2002-09-23,7.8025,7.8325,7.5625,7.6475,7.6475,7771200
2002-09-24,7.6475,7.845,7.325,7.4025,7.4025,12379600
2002-09-25,7.3025,7.3125,6.625,7.025,7.025,24972000
2002-09-26,7.075,7.3625,6.885,7.195,7.195,13625200
2002-09-27,7.115,7.4125,7.0675,7.135,7.135,8853200
2002-09-30,6.9825,7.23,6.7325,7.02,7.02,9605200
2002-10-01,7.0625,7.3125,6.9,7.265,7.265,8558000
2002-10-02,7.115,7.2525,6.7625,6.8075,6.8075,10116400
2002-10-03,6.65,6.6675,5.8425,5.8975,5.8975,23152000
2002-10-04,5.9,6.075,5.625,5.65,5.65,19142000
2002-10-07,5.655,5.975,5.625,5.6725,5.6725,12304400
2002-10-08,5.7475,6.155,5.7,6.0675,6.0675,11727200
2002-10-09,6.04,6.17,5.9075,5.945,5.945,12198800
2002-10-10,5.97,6.58,5.9275,6.5375,6.5375,13017600
2002-10-11,6.79,7.1275,6.6575,6.9225,6.9225,10842800
2002-10-14,6.9,7.0175,6.845,6.9875,6.9875,6578000
2002-10-15,7.475,7.5425,7.1775,7.3475,7.3475,9544000
2002-10-16,7.125,7.445,7.0375,7.24,7.24,6585200
2002-10-17,7.5025,7.825,7.495,7.8175,7.8175,7797600
2002-10-18,7.7275,7.8475,7.4125,7.61,7.61,6866400
2002-10-21,7.5725,8.005,7.3975,8.005,8.005,7379200
2002-10-22,7.465,7.625,7.0375,7.3225,7.3225,16856000
2002-10-23,7.31,7.47,7.095,7.46,7.46,7624000
2002-10-24,7.515,7.585,7.3575,7.4025,7.4025,5812400
2002-10-25,7.3975,7.825,7.285,7.82,7.82,6805600
2002-10-28,7.7975,7.8,7.34,7.5525,7.5525,8666400
2002-10-29,7.575,7.635,7.0775,7.3575,7.3575,8432000
2002-10-30,7.3625,7.8575,7.35,7.6125,7.6125,7124800
2002-10-31,7.6775,7.865,7.59,7.81,7.81,7598000
2002-11-01,7.7025,7.8675,7.4475,7.8475,7.8475,9187200
2002-11-04,7.89,8.1625,7.725,7.945,7.945,7808800
2002-11-05,7.925,8.0725,7.8375,7.995,7.995,6271600
2002-11-06,8.025,8.075,7.7,7.965,7.965,7380400
2002-11-07,7.8725,7.9425,7.5825,7.7975,7.7975,7223600
2002-11-08,7.7975,7.9,7.5325,7.5625,7.5625,6830000
2002-11-11,7.5575,7.5575,7.2475,7.375,7.375,7484400
2002-11-12,7.3775,7.5175,7.2925,7.3975,7.3975,6420400
2002-11-13,7.35,7.465,7.125,7.36,7.36,8635200
2002-11-14,7.45,7.615,7.4475,7.49,7.49,7095600
2002-11-15,7.5,8.0975,7.4975,7.99,7.99,11772400
2002-11-18,8.0725,8.175,7.9125,7.9825,7.9825,7335200
2002-11-19,7.845,7.995,7.6725,7.815,7.815,7747600
2002-11-20,7.82,8.2425,7.6975,8.2125,8.2125,12732800
2002-11-21,8.2525,8.76,8.2,8.76,8.76,12138800
2002-11-22,8.6375,8.7725,8.5525,8.675,8.675,7037200
2002-11-25,8.68,8.7075,8.3975,8.5825,8.5825,7239200
2002-11-26,8.465,8.535,8.18,8.1925,8.1925,6989600
2002-11-27,8.2625,8.6575,8.2625,8.535,8.535,8968000
2002-11-29,8.565,8.6175,8.4625,8.48,8.48,2204000
2002-12-02,8.6375,8.8375,8.5475,8.5925,8.5925,6050800
2002-12-03,8.555,8.6425,8.3975,8.5525,8.5525,4843600
2002-12-04,8.6,8.72,8.4575,8.595,8.595,5456400
2002-12-05,8.68,8.7,8.2775,8.4025,8.4025,5734000
2002-12-06,8.345,8.68,8.2,8.4975,8.4975,5883600
2002-12-09,8.4925,8.5,8.1575,8.1575,8.1575,5896800
2002-12-10,8.23,8.52,8.225,8.465,8.465,5519200
2002-12-11,8.3075,8.4425,8.26,8.365,8.365,6413200
2002-12-12,8.39,8.4175,8.1425,8.345,8.345,5900800
2002-12-13,8.335,8.345,8.05,8.105,8.105,6404000
2002-12-16,8.085,8.425,8.0825,8.37,8.37,5858800
2002-12-17,8.33,8.44,8.22,8.315,8.315,7568400
2002-12-18,8.325,8.3275,7.9575,8.0425,8.0425,6690000
2002-12-19,7.9725,8.2875,7.9675,8.0875,8.0875,6505200
2002-12-20,8.155,8.4375,7.9425,8.385,8.385,11122000
2002-12-23,8.3375,8.5075,8.2625,8.47,8.47,4509600
2002-12-24,8.4125,8.5625,8.3975,8.525,8.525,1511600
2002-12-26,8.51,8.745,8.4975,8.5425,8.5425,3832400
2002-12-27,8.545,8.5925,8.4625,8.5,8.5,3745600
2002-12-30,8.4525,8.7475,8.3825,8.5,8.5,3813200
2002-12-31,8.4825,8.555,8.4225,8.4875,8.4875,5627600
2003-01-02,8.4925,8.9125,8.4,8.9075,8.9075,6200000
2003-01-03,8.8625,8.875,8.65,8.7725,8.7725,6552800
2003-01-06,8.7825,9.0075,8.775,8.9625,8.9625,5780400
2003-01-07,8.97,8.97,8.6625,8.795,8.795,7366000
2003-01-08,8.785,8.7975,8.4575,8.5425,8.5425,6340800
2003-01-09,8.645,8.8725,8.58,8.66,8.66,6214800
2003-01-10,8.5725,9.025,8.5,8.9,8.9,6409200
2003-01-13,8.95,9.0525,8.775,8.8775,8.8775,3812800
2003-01-14,8.8275,9.0625,8.75,8.84,8.84,6855200
2003-01-15,8.785,8.805,8.4225,8.4775,8.4775,7552000
2003-01-16,8.5275,8.54,8.3175,8.3425,8.3425,6342400
2003-01-17,8.31,8.3125,7.9925,8.0575,8.0575,6570000
2003-01-21,8.2375,8.46,8.1025,8.19,8.19,8050000
2003-01-22,8.1225,8.2375,7.9875,8.0325,8.0325,6080000
2003-01-23,8.0625,8.25,8.0325,8.17,8.17,5378800
2003-01-24,8.1375,8.1625,7.8875,8.06,8.06,6822400
2003-01-27,8.005,8.2175,7.9625,7.9975,7.9975,5840800
2003-01-28,8.1625,8.25,8.01,8.155,8.155,6530000
2003-01-29,8.13,8.2175,7.9375,8.2175,8.2175,8282800
2003-01-30,8.1575,8.1625,7.64,7.6775,7.6775,11506800
2003-01-31,7.625,7.915,7.5225,7.7925,7.7925,6924000
2003-02-03,7.8475,7.9725,7.7825,7.845,7.845,5014800
2003-02-04,7.7775,7.8325,7.6875,7.755,7.755,6723600
2003-02-05,7.7525,8.0125,7.75,7.785,7.785,7660400
2003-02-06,7.705,7.95,7.7,7.835,7.835,5396400
2003-02-07,7.8525,7.9725,7.7425,7.82,7.82,6863600
2003-02-10,7.8175,7.865,7.55,7.735,7.735,6546000
2003-02-11,7.735,7.8375,7.6675,7.7475,7.7475,5674000
2003-02-12,7.75,7.7975,7.5225,7.5675,7.5675,7318800
2003-02-13,7.575,7.5925,7.2575,7.4125,7.4125,6282400
2003-02-14,7.475,7.7525,7.42,7.75,7.75,7066400
2003-02-18,7.7625,8.05,7.7525,8.0375,8.0375,6466800
2003-02-19,8.03,8.1725,7.93,8.0775,8.0775,8398800
2003-02-20,8.1375,8.2025,7.835,7.8525,7.8525,6612800
2003-02-21,7.8675,8.13,7.7,8.0,8.0,7099600
2003-02-24,7.96,8.0,7.6575,7.7625,7.7625,5499200
2003-02-25,7.675,7.8925,7.525,7.8325,7.8325,5275600
2003-02-26,7.8125,7.87,7.6125,7.63,7.63,4644800
2003-02-27,7.6075,7.875,7.5975,7.77,7.77,4084000
2003-02-28,7.7725,8.0675,7.7675,7.975,7.975,5614000
2003-03-03,8.005,8.165,7.805,7.8525,7.8525,5801200
2003-03-04,7.8625,7.9175,7.6875,7.73,7.73,3639600
2003-03-05,7.7475,7.815,7.59,7.73,7.73,5499600
2003-03-06,7.645,7.6625,7.43,7.625,7.625,4912800
2003-03-07,7.53,7.74,7.445,7.5825,7.5825,6002800
2003-03-10,7.465,7.5675,7.2025,7.25,7.25,6128000
2003-03-11,7.0125,7.1725,6.8725,6.8925,6.8925,11431600
2003-03-12,6.8125,7.0875,6.8075,7.0175,7.0175,9017200
2003-03-13,7.2375,7.33,7.1025,7.2625,7.2625,8086800
2003-03-14,7.305,7.5625,7.2875,7.34,7.34,7173200
2003-03-17,7.345,7.7525,7.175,7.7025,7.7025,10680400
2003-03-18,7.6875,7.8025,7.595,7.79,7.79,6078000
2003-03-19,7.84,7.9475,7.7775,7.885,7.885,5159600
2003-03-20,7.8075,8.205,7.795,8.13,8.13,8734400
2003-03-21,8.2975,8.6725,8.2325,8.545,8.545,10282400
2003-03-24,8.4,8.4,8.0925,8.095,8.095,6877600
2003-03-25,8.1775,8.4225,8.14,8.335,8.335,6533600
2003-03-26,8.295,8.4625,8.255,8.3875,8.3875,5890000
2003-03-27,8.25,8.445,8.155,8.3375,8.3375,5571200
2003-03-28,8.3125,8.3975,8.115,8.1475,8.1475,4100800
2003-03-31,7.97,8.025,7.7875,7.87,7.87,11249600
2003-04-01,7.915,7.995,7.7825,7.9275,7.9275,8298400
2003-04-02,8.125,8.2625,8.065,8.1925,8.1925,6897600
2003-04-03,8.1875,8.2375,8.0425,8.1825,8.1825,4032400
2003-04-04,8.21,8.2425,7.99,8.065,8.065,4388000
2003-04-07,8.29,8.435,8.1025,8.1125,8.1125,7126000
2003-04-08,8.095,8.21,8.02,8.0425,8.0425,4249200
2003-04-09,7.905,8.13,7.765,7.815,7.815,7729200
2003-04-10,7.8,7.95,7.7425,7.8725,7.8725,6700000
2003-04-11,7.91,8.025,7.7325,7.83,7.83,5744000
2003-04-14,7.8275,8.1225,7.8125,8.08,8.08,5036800
2003-04-15,8.0425,8.25,7.975,8.1875,8.1875,3928400
2003-04-16,8.305,8.545,8.305,8.3575,8.3575,9130000
2003-04-17,8.3,8.7325,8.3,8.64,8.64,8054000
2003-04-21,8.6225,8.635,8.375,8.475,8.475,5534800
2003-04-22,8.425,8.5475,8.315,8.42,8.42,9575200
2003-04-23,8.235,8.2375,7.8325,7.9525,7.9525,18670800
2003-04-24,7.7225,7.73,7.39,7.435,7.435,18235200
2003-04-25,7.47,7.5,7.2975,7.38,7.38,8439200
2003-04-28,7.19,7.585,7.19,7.5025,7.5025,11848000
2003-04-29,7.54,7.5625,7.2925,7.4825,7.4825,7941200
2003-04-30,7.4725,7.4975,7.2525,7.355,7.355,11463600
2003-05-01,7.345,7.45,7.225,7.4275,7.4275,9266800
2003-05-02,7.4125,7.45,7.3025,7.4225,7.4225,8807200
2003-05-05,7.43,7.5,7.285,7.4,7.4,11669200
2003-05-06,7.385,7.565,7.325,7.5075,7.5075,5717600
2003-05-07,7.4025,7.565,7.31,7.3725,7.3725,7278000
2003-05-08,7.315,7.3825,7.16,7.1925,7.1925,9022800
2003-05-09,7.255,7.4325,7.2125,7.33,7.33,8413600
2003-05-12,7.3375,7.595,7.3025,7.5475,7.5475,8762800
2003-05-13,7.5025,7.75,7.4875,7.6875,7.6875,11097600
2003-05-14,7.7,7.7625,7.6825,7.685,7.685,10121200
2003-05-15,7.7325,7.98,7.7325,7.8875,7.8875,10198800
2003-05-16,7.93,7.96,7.7225,7.8625,7.8625,9072800
2003-05-19,7.84,7.8675,7.575,7.5875,7.5875,8963600
2003-05-20,7.635,7.785,7.6125,7.69,7.69,7592800
2003-05-21,7.71,7.755,7.6325,7.66,7.66,5851600
2003-05-22,7.655,7.895,7.65,7.7325,7.7325,5004800
2003-05-23,7.6975,7.79,7.6875,7.76,7.76,3754400
2003-05-27,7.7275,8.175,7.6875,8.0725,8.0725,8574400
2003-05-28,8.0625,8.1875,7.9725,8.12,8.12,6188000
2003-05-29,8.16,8.25,8.035,8.05,8.05,4628000
2003-05-30,8.0425,8.2925,8.0325,8.28,8.28,5749600
2003-06-02,8.3325,8.475,8.02,8.105,8.105,10005600
2003-06-03,8.1175,8.3425,8.09,8.2975,8.2975,7842800
2003-06-04,8.27,8.6125,8.1675,8.58,8.58,7134000
2003-06-05,8.56,8.7725,8.5575,8.7225,8.7225,7846800
2003-06-06,8.9125,9.1375,8.725,8.77,8.77,10371600
2003-06-09,8.8025,8.8925,8.5275,8.61,8.61,8590000
2003-06-10,8.705,8.7825,8.535,8.745,8.745,8498000
2003-06-11,8.8,9.0975,8.615,9.0825,9.0825,11514000
2003-06-12,9.0775,9.1675,8.995,9.135,9.135,8435200
2003-06-13,9.1525,9.2925,9.1,9.125,9.125,14268800
2003-06-16,9.1525,9.33,9.115,9.2575,9.2575,11536800
2003-06-17,9.315,9.3775,9.0375,9.175,9.175,7040400
2003-06-18,9.1375,9.205,8.8575,9.185,9.185,9483200
2003-06-19,9.145,9.185,8.9225,8.9775,8.9775,8375200
2003-06-20,9.0975,9.2775,8.9775,9.2625,9.2625,9632000
2003-06-23,9.2275,9.23,8.805,8.9725,8.9725,8711600
2003-06-24,8.95,9.0875,8.875,8.9825,8.9825,5076000
2003-06-25,8.9625,9.1375,8.83,8.88,8.88,6248400
2003-06-26,8.78,9.0275,8.78,8.99,8.99,6893200
2003-06-27,8.965,8.9875,8.675,8.745,8.745,8395200
2003-06-30,8.755,9.01,8.7525,8.915,8.915,7361600
2003-07-01,8.9675,9.2275,8.825,9.0575,9.0575,9432400
2003-07-02,9.0375,9.2375,9.0,9.085,9.085,8578800
2003-07-03,9.065,9.155,8.9325,8.9825,8.9825,3706800
2003-07-07,9.0,9.16,8.97,9.1,9.1,5907600
2003-07-08,9.1,9.355,9.1,9.34,9.34,6428400
2003-07-09,9.325,9.41,9.1825,9.23,9.23,5179200
2003-07-10,9.205,9.2975,8.975,9.045,9.045,4559200
2003-07-11,9.0525,9.3275,9.0425,9.175,9.175,3542800
2003-07-14,9.2875,9.72,9.2575,9.3475,9.3475,7461200
2003-07-15,9.52,9.56,9.33,9.44,9.44,5021600
2003-07-16,9.4375,9.5625,9.315,9.56,9.56,5227600
2003-07-17,9.46,9.5625,9.18,9.2875,9.2875,8982400
2003-07-18,9.355,9.4425,9.12,9.36,9.36,5181200
2003-07-21,9.3225,9.345,9.075,9.22,9.22,4502000
2003-07-22,9.3125,9.45,9.0725,9.4025,9.4025,6731600
2003-07-23,9.45,9.9475,9.4325,9.725,9.725,14872800
2003-07-24,9.8075,9.985,9.5625,9.5875,9.5875,7844800
2003-07-25,9.6,9.7475,9.395,9.7075,9.7075,7226800
2003-07-28,9.7225,9.775,9.595,9.7175,9.7175,5060800
2003-07-29,9.75,9.8125,9.4525,9.74,9.74,6470000
2003-07-30,9.7475,9.77,9.5125,9.58,9.58,4902000
2003-07-31,9.645,10.0025,9.5875,9.7675,9.7675,8247600
2003-08-01,9.74,9.8525,9.4925,9.6125,9.6125,6964400
2003-08-04,9.61,9.8175,9.3875,9.7025,9.7025,8588800
2003-08-05,9.7625,9.81,9.4775,9.625,9.625,7952400
2003-08-06,9.57,9.6575,9.3775,9.4,9.4,7319600
2003-08-07,9.375,9.425,9.205,9.2925,9.2925,6639600
2003-08-08,9.395,9.41,9.16,9.2875,9.2875,5536800
2003-08-11,9.2875,9.4475,9.2375,9.3925,9.3925,3372000
2003-08-12,9.425,9.5275,9.305,9.5,9.5,4710800
2003-08-13,9.5225,9.6,9.385,9.5025,9.5025,4504800
2003-08-14,9.4925,9.7975,9.4675,9.6525,9.6525,4540400
2003-08-15,9.6425,9.7125,9.52,9.6725,9.6725,2368800
2003-08-18,9.71,9.96,9.705,9.8225,9.8225,4622000
2003-08-19,9.77,9.9675,9.635,9.9175,9.9175,6554800
2003-08-20,9.8625,10.1325,9.8575,10.05,10.05,9897200
2003-08-21,10.125,10.175,10.0025,10.0125,10.0125,9327600
2003-08-22,10.035,10.1925,9.84,9.8775,9.8775,6703600
2003-08-25,9.8375,9.9975,9.815,9.9025,9.9025,3254000
2003-08-26,9.8725,9.935,9.5225,9.9075,9.9075,7292400
2003-08-27,9.9225,9.9325,9.705,9.8075,9.8075,4499600
2003-08-28,9.79,9.825,9.5525,9.7475,9.7475,5128400
2003-08-29,9.7,9.75,9.5775,9.7025,9.7025,5374400
2003-09-02,9.695,9.8625,9.6475,9.8325,9.8325,6308800
2003-09-03,9.9,9.9675,9.735,9.7675,9.7675,6556400
2003-09-04,9.81,9.925,9.735,9.8075,9.8075,3392000
2003-09-05,9.83,9.83,9.4275,9.5975,9.5975,7591200
2003-09-08,9.555,9.765,9.5375,9.67,9.67,4182800
2003-09-09,9.63,9.65,9.465,9.5375,9.5375,6243600
2003-09-10,9.5025,9.5275,9.2275,9.3175,9.3175,6872800
2003-09-11,9.33,9.415,9.225,9.315,9.315,6485600
2003-09-12,9.325,9.39,9.1825,9.3775,9.3775,4718400
2003-09-15,9.3875,9.39,9.16,9.1875,9.1875,4818800
2003-09-16,9.1925,9.35,9.16,9.2925,9.2925,8693600
2003-09-17,9.275,9.385,9.1625,9.2425,9.2425,4906400
2003-09-18,9.26,9.585,9.195,9.455,9.455,7476800
2003-09-19,9.4175,9.775,9.1075,9.5425,9.5425,10290400
2003-09-22,9.5225,9.6225,9.4675,9.5275,9.5275,5547600
2003-09-23,9.5075,9.7525,9.5,9.685,9.685,6632800
2003-09-24,9.635,9.785,9.4525,9.4575,9.4575,5659200
2003-09-25,9.33,9.3625,9.1225,9.1675,9.1675,6482800
2003-09-26,9.1775,9.315,8.9925,9.1275,9.1275,6475200
2003-09-29,9.0825,9.3575,9.05,9.3025,9.3025,5819600
2003-09-30,9.2775,9.3,9.01,9.0725,9.0725,5827600
2003-10-01,9.12,9.4825,9.08,9.415,9.415,5664000
2003-10-02,9.41,9.4675,9.27,9.3425,9.3425,5548400
2003-10-03,9.53,9.7925,9.455,9.605,9.605,7127600
2003-10-06,9.6025,9.78,9.5775,9.6,9.6,5014000
2003-10-07,9.575,9.6375,9.4875,9.595,9.595,5455200
2003-10-08,9.6375,9.69,9.18,9.2525,9.2525,11466000
2003-10-09,9.375,9.5075,9.2875,9.38,9.38,6278000
2003-10-10,9.3975,9.6,9.365,9.575,9.575,6132400
2003-10-13,9.6125,9.7325,9.525,9.605,9.605,4697200
2003-10-14,9.515,9.645,9.46,9.59,9.59,3132000
2003-10-15,9.635,9.7225,9.525,9.6075,9.6075,3446400
2003-10-16,9.575,9.6375,9.37,9.4025,9.4025,6172800
2003-10-17,9.48,9.4925,9.1,9.1775,9.1775,5564800
2003-10-20,9.1275,9.155,8.9475,8.9625,8.9625,7002800
2003-10-21,9.1325,9.1575,8.945,8.995,8.995,8556000
2003-10-22,8.705,8.75,8.2175,8.67,8.67,24774400
2003-10-23,8.8225,8.84,8.56,8.62,8.62,14306400
2003-10-24,8.5,8.535,8.39,8.48,8.48,9575200
2003-10-27,8.5275,8.54,8.275,8.4525,8.4525,10963200
2003-10-28,8.4825,8.7425,8.4775,8.715,8.715,9589600
2003-10-29,8.745,8.85,8.7225,8.8025,8.8025,9228400
2003-10-30,8.82,9.0025,8.79,8.93,8.93,10507600
2003-10-31,8.9625,8.99,8.8125,8.83,8.83,5921200
2003-11-03,8.8925,9.125,8.885,9.0575,9.0575,8013200
2003-11-04,9.0325,9.145,8.975,9.0425,9.0425,4895200
2003-11-05,9.095,9.1225,8.9975,9.0475,9.0475,7405200
2003-11-06,9.1125,9.185,8.955,9.125,9.125,7132000
2003-11-07,9.18,9.285,9.15,9.175,9.175,5588000
2003-11-10,9.18,9.405,9.115,9.265,9.265,7884400
2003-11-11,9.25,9.375,9.12,9.16,9.16,5274800
2003-11-12,9.1125,9.4525,9.1025,9.4325,9.4325,5943600
2003-11-13,9.3725,9.4525,9.29,9.3625,9.3625,4725600
2003-11-14,9.34,9.495,9.1425,9.2175,9.2175,5084800
2003-11-17,9.175,9.22,8.995,9.105,9.105,5264000
2003-11-18,9.105,9.2425,8.91,8.92,8.92,4792800
2003-11-19,8.9025,9.005,8.85,8.9475,8.9475,3604000
2003-11-20,8.8175,9.0475,8.715,8.8225,8.8225,4222000
2003-11-21,8.8775,8.9125,8.7225,8.795,8.795,5399600
2003-11-24,8.895,9.34,8.88,9.29,9.29,6519200
2003-11-25,9.31,9.4075,9.19,9.39,9.39,7668800
2003-11-26,9.385,9.495,9.145,9.4025,9.4025,4794000
2003-11-28,9.4225,9.445,9.2975,9.375,9.375,1196400
2003-12-01,9.45,9.63,9.4125,9.625,9.625,7410800
2003-12-02,9.565,9.725,9.5,9.5525,9.5525,7127200
2003-12-03,9.525,9.7625,9.525,9.57,9.57,7476800
2003-12-04,9.53,9.75,9.525,9.75,9.75,5750800
2003-12-05,9.6375,9.7275,9.545,9.5775,9.5775,7890800
2003-12-08,9.7875,9.85,9.6025,9.825,9.825,8136400
2003-12-09,9.86,9.8725,9.66,9.675,9.675,7970000
2003-12-10,9.665,9.705,9.61,9.6675,9.6675,4898800
2003-12-11,9.725,9.9525,9.6125,9.865,9.865,6972800
2003-12-12,9.9275,9.9375,9.7025,9.78,9.78,5622400
2003-12-15,9.89,10.0,9.5625,9.6825,9.6825,7651200
2003-12-16,9.5825,9.865,9.565,9.8425,9.8425,4876800
2003-12-17,9.7875,9.855,9.55,9.575,9.575,5990400
2003-12-18,9.68,9.7375,9.565,9.7075,9.7075,4568000
2003-12-19,9.7175,9.7175,9.525,9.57,9.57,7205600
2003-12-22,9.59,9.75,9.5825,9.75,9.75,4975200
2003-12-23,9.7525,10.0,9.7125,9.91,9.91,5283600
2003-12-24,9.8825,9.9575,9.8,9.9325,9.9325,2363200
2003-12-26,9.9425,9.9875,9.885,9.9675,9.9675,1476400
2003-12-29,9.8975,10.0025,9.83,10.0,10.0,4072000
2003-12-30,9.8125,9.9625,9.7025,9.925,9.925,4475600
2003-12-31,9.9325,10.0,9.865,9.885,9.885,3762000
2004-01-02,9.8825,10.1525,9.6975,9.765,9.765,7731200
2004-01-05,9.82,9.9175,9.7325,9.8775,9.8775,7647200
2004-01-06,9.8225,9.8775,9.7575,9.8475,9.8475,6673600
2004-01-07,9.895,9.895,9.695,9.8625,9.8625,8187200
2004-01-08,9.875,9.89,9.7125,9.7475,9.7475,4997600
2004-01-09,9.7125,9.8675,9.6,9.6825,9.6825,5064800
2004-01-12,9.67,9.71,9.5575,9.6975,9.6975,4528000
2004-01-13,9.595,9.715,9.415,9.545,9.545,6741200
2004-01-14,9.6,9.8725,9.4775,9.8025,9.8025,6914400
2004-01-15,9.805,9.8725,9.6275,9.66,9.66,5202800
2004-01-16,9.715,9.7475,9.3375,9.37,9.37,10771200
2004-01-20,9.3775,9.6,9.32,9.485,9.485,10769200
2004-01-21,9.46,9.475,9.345,9.4,9.4,7142400
2004-01-22,9.31,9.5375,9.2875,9.4825,9.4825,7616000
2004-01-23,9.4975,9.595,9.33,9.4275,9.4275,5468400
2004-01-26,9.4025,9.7,9.3625,9.695,9.695,7440000
2004-01-27,9.675,9.74,9.5875,9.6975,9.6975,7503200
2004-01-28,9.7,9.7,9.1625,9.2025,9.2025,11492800
2004-01-29,9.3625,9.435,9.14,9.3,9.3,10630800
2004-01-30,9.25,9.445,9.2,9.3425,9.3425,6096000
2004-02-02,9.3075,9.455,9.1725,9.215,9.215,6004000
2004-02-03,9.2275,9.3075,9.0225,9.0425,9.0425,9268800
2004-02-04,9.0025,9.265,8.9675,9.2275,9.2275,8169200
2004-02-05,9.245,9.42,9.15,9.26,9.26,6360400
2004-02-06,9.25,9.525,9.23,9.4925,9.4925,6978800
2004-02-09,9.53,9.53,9.3825,9.44,9.44,5779200
2004-02-10,9.3525,9.615,9.3375,9.555,9.555,4534800
2004-02-11,9.5275,9.9,9.4775,9.8275,9.8275,7869200
2004-02-12,9.7925,9.7925,9.6575,9.725,9.725,4556800
2004-02-13,9.7025,9.765,9.6325,9.725,9.725,6026400
2004-02-17,9.825,9.8725,9.7375,9.835,9.835,6695200
2004-02-18,9.795,9.8525,9.6475,9.6825,9.6825,7058400
2004-02-19,9.785,9.785,9.5025,9.51,9.51,6646000
2004-02-20,9.5675,9.625,9.4375,9.47,9.47,6536800
2004-02-23,9.4625,9.5325,9.3975,9.4725,9.4725,8172800
2004-02-24,9.5075,9.6475,9.4625,9.53,9.53,8457600
2004-02-25,9.555,9.6275,9.475,9.5425,9.5425,3481600
2004-02-26,9.52,9.705,9.5075,9.6,9.6,3966400
2004-02-27,9.55,9.7125,9.4775,9.64,9.64,4926000
2004-03-01,9.7,9.7975,9.5425,9.77,9.77,4563200
2004-03-02,9.7725,9.8375,9.5925,9.67,9.67,10110400
2004-03-03,9.6325,9.655,9.57,9.6125,9.6125,9382000
2004-03-04,9.5325,9.64,9.515,9.625,9.625,6682800
2004-03-05,9.6025,9.6425,9.5175,9.5725,9.5725,6702000
2004-03-08,9.625,9.63,9.445,9.485,9.485,5932400
2004-03-09,9.465,9.5725,9.4475,9.525,9.525,5630800
2004-03-10,9.465,9.585,9.4,9.4,9.4,7302800
2004-03-11,9.4,9.5125,9.135,9.17,9.17,11040000
2004-03-12,9.235,9.3,9.165,9.235,9.235,8272800
2004-03-15,9.1725,9.2225,8.98,8.98,8.98,5471600
2004-03-16,9.115,9.1525,9.0425,9.1275,9.1275,7969600
2004-03-17,9.315,9.3275,9.15,9.305,9.305,5064000
2004-03-18,9.245,9.355,9.1975,9.205,9.205,4155200
2004-03-19,9.185,9.285,9.055,9.0925,9.0925,5404800
2004-03-22,9.0425,9.075,8.8825,9.05,9.05,4797200
2004-03-23,9.1075,9.1475,8.99,8.9975,8.9975,4334000
2004-03-24,8.9975,9.1625,8.9,9.0725,9.0725,6218400
2004-03-25,9.1075,9.1675,9.0525,9.1,9.1,5224000
2004-03-26,9.0325,9.075,8.85,8.875,8.875,6213200
2004-03-29,8.93,9.0375,8.8675,8.89,8.89,7784400
2004-03-30,8.91,8.9875,8.8575,8.94,8.94,7670800
2004-03-31,9.03,9.03,8.755,8.9425,8.9425,7572000
2004-04-01,8.89,9.0075,8.865,8.895,8.895,7257200
2004-04-02,8.8975,9.1225,8.7275,8.7775,8.7775,11124800
2004-04-05,8.74,8.8575,8.6175,8.7675,8.7675,11046000
2004-04-06,8.6625,8.7575,8.635,8.7,8.7,8654000
2004-04-07,8.5675,8.715,8.565,8.5825,8.5825,10921600
2004-04-08,8.64,8.725,8.5325,8.565,8.565,9074000
2004-04-12,8.5875,8.67,8.5625,8.6675,8.6675,3794000
2004-04-13,8.7,8.775,8.63,8.665,8.665,11061200
2004-04-14,8.655,8.7325,8.5825,8.655,8.655,7392800
2004-04-15,8.6775,8.7025,8.5675,8.6375,8.6375,9582800
2004-04-16,8.69,8.69,8.525,8.5875,8.5875,6975200
2004-04-19,8.6275,8.805,8.565,8.79,8.79,10517200
2004-04-20,8.775,8.905,8.655,8.655,8.655,8988000
2004-04-21,8.625,8.815,8.5325,8.765,8.765,12327600
2004-04-22,9.35,10.25,9.2375,10.2125,10.2125,47058800
2004-04-23,9.875,9.9875,9.6475,9.73,9.73,21888400
2004-04-26,9.73,9.775,9.4425,9.4625,9.4625,10520400
2004-04-27,9.5,9.6125,9.4075,9.4925,9.4925,11166800
2004-04-28,9.49,9.5875,9.2775,9.35,9.35,9908800
2004-04-29,9.3525,9.38,9.135,9.18,9.18,7087200
2004-04-30,9.2375,9.3,9.125,9.1575,9.1575,7490000
2004-05-03,9.16,9.32,9.1175,9.275,9.275,6871600
2004-05-04,9.1875,9.285,9.0875,9.16,9.16,5533200
2004-05-05,9.1725,9.355,9.11,9.195,9.195,6408800
2004-05-06,9.0925,9.2075,8.965,9.0475,9.0475,6311600
2004-05-07,9.03,9.18,8.945,9.01,9.01,8876000
2004-05-10,9.005,9.1725,8.94,9.085,9.085,8017600
2004-05-11,9.1525,9.34,9.0575,9.325,9.325,10633600
2004-05-12,9.245,9.4025,9.19,9.3575,9.3575,9175600
2004-05-13,9.375,9.5475,9.3125,9.405,9.405,10118800
2004-05-14,9.3725,9.5,9.25,9.3175,9.3175,7230000
2004-05-17,9.26,9.36,9.125,9.2125,9.2125,7420000
2004-05-18,9.2775,9.3775,9.2175,9.235,9.235,9581600
2004-05-19,9.2975,9.395,9.2575,9.2825,9.2825,9132800
2004-05-20,9.2375,9.255,9.075,9.1125,9.1125,9250800
2004-05-21,9.1975,9.24,9.0675,9.215,9.215,5880400
2004-05-24,9.25,9.33,9.1775,9.2875,9.2875,4768400
2004-05-25,9.2975,9.4075,9.19,9.4075,9.4075,7116400
2004-05-26,9.37,9.41,9.265,9.35,9.35,6994800
2004-05-27,9.3975,9.4875,9.3775,9.4425,9.4425,3732000
2004-05-28,9.43,9.495,9.355,9.4325,9.4325,4059600
2004-06-01,9.445,9.46,9.1525,9.2625,9.2625,8488400
2004-06-02,9.285,9.3025,9.165,9.2125,9.2125,4586400
2004-06-03,9.1875,9.265,9.12,9.135,9.135,3202000
2004-06-04,9.2,9.3375,9.1775,9.205,9.205,4360000
2004-06-07,9.24,9.43,9.18,9.405,9.405,3721600
2004-06-08,9.375,9.435,9.355,9.43,9.43,3397600
2004-06-09,9.3625,9.4425,9.3275,9.3575,9.3575,4009600
2004-06-10,9.3825,9.45,9.34,9.395,9.395,3673200
2004-06-14,9.4,9.4075,9.25,9.28,9.28,3510000
2004-06-15,9.3725,9.5525,9.275,9.455,9.455,4654800
2004-06-16,9.4825,9.505,9.405,9.4575,9.4575,4250800
2004-06-17,9.5225,9.5225,9.325,9.4975,9.4975,4000400
2004-06-18,9.455,9.635,9.35,9.57,9.57,7870000
2004-06-21,9.615,9.67,9.5625,9.605,9.605,4984400
2004-06-22,9.625,9.7075,9.5275,9.665,9.665,5807200
2004-06-23,9.6775,9.6775,9.485,9.65,9.65,5347600
2004-06-24,9.66,9.85,9.61,9.79,9.79,5383600
2004-06-25,9.8325,9.8425,9.68,9.7625,9.7625,6056400
2004-06-28,9.7625,9.9225,9.685,9.72,9.72,7854400
2004-06-29,9.68,9.85,9.675,9.7725,9.7725,4262000
2004-06-30,9.7475,9.7825,9.5675,9.7225,9.7225,6550800
2004-07-01,9.675,9.7625,9.4675,9.47,9.47,5035600
2004-07-02,9.45,9.5375,9.375,9.4325,9.4325,5473200
2004-07-06,9.45,9.515,9.37,9.3725,9.3725,4648800
2004-07-07,9.3975,9.52,9.3025,9.3375,9.3375,7288400
2004-07-08,9.3175,9.365,9.17,9.175,9.175,4187600
2004-07-09,9.1875,9.33,9.105,9.315,9.315,4208800
2004-07-12,9.205,9.325,9.15,9.2825,9.2825,3913200
2004-07-13,9.2275,9.305,9.04,9.0425,9.0425,6265200
2004-07-14,9.035,9.0425,8.9275,8.9625,8.9625,6316800
2004-07-15,9.03,9.055,8.9175,8.95,8.95,5142000
2004-07-16,9.0,9.095,8.95,9.0025,9.0025,6509600
2004-07-19,9.075,9.1825,8.9475,9.045,9.045,4805600
2004-07-20,9.0925,9.215,8.9975,9.215,9.215,3856800
2004-07-21,9.185,9.2175,8.9475,8.9475,8.9475,5260800
2004-07-22,8.9375,8.955,8.4275,8.625,8.625,16597200
2004-07-23,8.6,8.6275,8.46,8.4925,8.4925,6249200
2004-07-26,8.505,8.5675,8.2675,8.4925,8.4925,5968800
2004-07-27,8.5125,8.645,8.4925,8.5975,8.5975,4700400
2004-07-28,8.5475,8.6225,8.3625,8.56,8.56,5928000
2004-07-29,8.6375,8.6425,8.19,8.55,8.55,10650000
2004-07-30,8.4675,8.6175,8.4375,8.565,8.565,6062800
2004-08-02,8.525,8.715,8.3775,8.7075,8.7075,7120400
2004-08-03,8.6775,8.6875,8.5225,8.5425,8.5425,6901600
2004-08-04,8.5325,8.635,8.485,8.51,8.51,6716000
2004-08-05,8.5,8.5,8.27,8.2925,8.2925,6118000
2004-08-06,8.295,8.3125,8.0925,8.11,8.11,7167600
2004-08-09,8.1,8.235,8.05,8.185,8.185,8166400
2004-08-10,8.1825,8.3975,8.1775,8.39,8.39,5607200
2004-08-11,8.335,8.3925,8.2875,8.3425,8.3425,4257600
2004-08-12,8.2575,8.48,8.2325,8.425,8.425,7761600
2004-08-13,8.425,8.45,8.3275,8.39,8.39,5308800
2004-08-16,8.435,8.5375,8.35,8.465,8.465,4349600
2004-08-17,8.515,8.56,8.375,8.4125,8.4125,3911200
2004-08-18,8.45,8.6275,8.4125,8.555,8.555,5657200
2004-08-19,8.525,8.6275,8.4525,8.51,8.51,4415600
2004-08-20,8.51,8.66,8.4675,8.6225,8.6225,3055600
2004-08-23,8.6275,8.7225,8.585,8.635,8.635,3828000
2004-08-24,8.6825,8.7625,8.66,8.73,8.73,4008400
2004-08-25,8.7425,8.9,8.6925,8.875,8.875,4554000
2004-08-26,8.85,8.8925,8.79,8.845,8.845,2752000
2004-08-27,8.8,8.865,8.765,8.785,8.785,2246000
2004-08-30,8.81,8.82,8.695,8.7175,8.7175,3366000
2004-08-31,8.7275,8.7475,8.59,8.695,8.695,4816000
2004-09-01,8.6275,8.7375,8.5175,8.6475,8.6475,3995200
2004-09-02,8.72,8.75,8.6275,8.7375,8.7375,3044400
2004-09-03,8.7075,8.75,8.5475,8.62,8.62,3974000
2004-09-07,8.675,8.83,8.6425,8.7275,8.7275,5229600
2004-09-08,8.7375,8.84,8.6325,8.6525,8.6525,3756800
2004-09-09,8.7125,8.8875,8.6875,8.77,8.77,5878400
2004-09-10,8.755,8.9725,8.7225,8.9675,8.9675,4513200
2004-09-13,8.9625,9.0425,8.8825,9.0025,9.0025,3994400
2004-09-14,9.035,9.14,8.9725,9.0725,9.0725,4568000
2004-09-15,9.045,9.1025,8.935,8.9725,8.9725,2083200
2004-09-16,9.015,9.055,8.96,9.005,9.005,2050400
2004-09-17,9.085,9.085,8.84,8.8625,8.8625,7395600
2004-09-20,8.905,8.905,8.77,8.82,8.82,4974400
2004-09-21,8.85,8.875,8.77,8.805,8.805,4386400
2004-09-22,8.81,8.8125,8.565,8.5875,8.5875,4803600
2004-09-23,8.5525,8.6325,8.5425,8.5475,8.5475,5328000
2004-09-24,8.5625,8.7025,8.5275,8.5825,8.5825,6202800
2004-09-27,8.4575,8.515,8.43,8.4375,8.4375,4629200
2004-09-28,8.4775,8.5625,8.445,8.5475,8.5475,3737600
2004-09-29,8.5125,8.6675,8.4175,8.625,8.625,4288400
2004-09-30,8.6275,8.72,8.5875,8.715,8.715,4652000
2004-10-01,8.7175,9.0025,8.625,8.9475,8.9475,9887200
2004-10-04,8.96,9.0775,8.9275,9.025,9.025,8425200
2004-10-05,8.9925,9.1,8.8625,9.0575,9.0575,8992000
2004-10-06,9.0525,9.12,9.015,9.12,9.12,9465600
2004-10-07,9.0775,9.1225,8.9525,8.955,8.955,4814400
2004-10-08,8.9825,9.01,8.7725,8.8025,8.8025,6402800
2004-10-11,8.8475,8.86,8.795,8.83,8.83,2545600
2004-10-12,8.7375,8.795,8.6325,8.7,8.7,6793200
2004-10-13,8.74,8.7925,8.5325,8.59,8.59,5254400
2004-10-14,8.6175,8.65,8.4975,8.53,8.53,3593600
2004-10-15,8.565,8.655,8.505,8.6,8.6,7917200
2004-10-18,8.5825,8.7525,8.54,8.7525,8.7525,5940400
2004-10-19,8.74,8.7625,8.5375,8.55,8.55,5327200
2004-10-20,8.5875,8.7,8.4475,8.6725,8.6725,6004800
2004-10-21,8.7025,8.855,8.5675,8.85,8.85,5729200
2004-10-22,8.5525,8.7875,8.465,8.525,8.525,13498400
2004-10-25,8.47,8.6,8.32,8.5775,8.5775,7068400
2004-10-26,8.6,8.6875,8.5,8.6775,8.6775,5245600
2004-10-27,8.66,8.93,8.6025,8.8825,8.8825,5403200
2004-10-28,8.85,8.975,8.7675,8.975,8.975,5663600
2004-10-29,8.985,8.99,8.79,8.885,8.885,4007600
2004-11-01,9.0,9.0,8.7575,8.7775,8.7775,5402400
2004-11-02,8.7675,8.9575,8.7275,8.74,8.74,6979200
2004-11-03,8.925,8.9575,8.8075,8.9125,8.9125,9265600
2004-11-04,8.8775,9.0975,8.8675,9.0525,9.0525,7736000
2004-11-05,9.09,9.3475,9.0275,9.34,9.34,13557600
2004-11-08,9.3875,9.4,9.19,9.275,9.275,8391600
2004-11-09,9.275,9.365,9.16,9.2025,9.2025,5000400
2004-11-10,9.285,9.325,9.1675,9.295,9.295,7038800
2004-11-11,9.3,9.4375,9.3,9.4275,9.4275,4146000
2004-11-12,9.375,9.4775,9.305,9.4725,9.4725,5288800
2004-11-15,9.4325,9.48,9.33,9.4075,9.4075,6098800
2004-11-16,9.3875,9.4125,9.2575,9.2975,9.2975,3893200
2004-11-17,9.2625,9.365,9.2275,9.2875,9.2875,5117600
2004-11-18,9.325,9.3275,9.23,9.32,9.32,4197600
2004-11-19,9.35,9.36,9.1375,9.215,9.215,4816800
2004-11-22,9.2325,9.4725,9.2025,9.4475,9.4475,6357200
2004-11-23,9.495,9.5225,9.3725,9.49,9.49,4944800
2004-11-24,9.525,9.6925,9.5125,9.655,9.655,4467600
2004-11-26,9.655,9.785,9.5975,9.695,9.695,2374400
2004-11-29,9.7875,9.8675,9.7275,9.8075,9.8075,9712000
2004-11-30,9.855,9.855,9.565,9.6275,9.6275,6222800
2004-12-01,9.675,9.8625,9.635,9.7675,9.7675,5673600
2004-12-02,9.7425,9.785,9.6325,9.7525,9.7525,6425600
2004-12-03,9.75,9.7825,9.63,9.7075,9.7075,4678800
2004-12-06,9.78,9.87,9.6675,9.84,9.84,4520800
2004-12-07,9.875,9.875,9.64,9.68,9.68,3851600
2004-12-08,9.74,9.855,9.7,9.7775,9.7775,3406000
2004-12-09,9.7525,9.8125,9.5875,9.765,9.765,4432000
2004-12-10,9.67,9.75,9.6225,9.7275,9.7275,3866000
2004-12-13,9.7725,9.7925,9.685,9.7525,9.7525,3151200
2004-12-14,9.7225,9.7875,9.63,9.785,9.785,5747600
2004-12-15,9.8,9.805,9.5625,9.6275,9.6275,8136000
2004-12-16,9.63,9.6625,9.38,9.45,9.45,6534400
2004-12-17,9.52,9.9975,9.445,9.9375,9.9375,16421600
2004-12-20,9.9575,10.0,9.895,9.96,9.96,6270000
2004-12-21,9.985,10.125,9.9725,10.0375,10.0375,4458000
2004-12-22,9.9775,10.2525,9.965,10.1025,10.1025,5977200
2004-12-23,10.0575,10.14,9.9925,10.1225,10.1225,3116000
2004-12-27,10.145,10.145,9.895,10.01,10.01,3667200
2004-12-28,10.02,10.135,9.9425,10.11,10.11,2937200
2004-12-29,10.0925,10.1675,10.055,10.16,10.16,2341600
2004-12-30,10.105,10.1775,10.0275,10.06,10.06,2035200
2004-12-31,10.0625,10.09,10.0,10.0475,10.0475,2043200
2005-01-03,10.04,10.1,9.9275,10.005,10.005,7006000
2005-01-04,10.0125,10.13,9.86,9.8775,9.8775,5159600
2005-01-05,9.805,9.9875,9.795,9.9275,9.9275,5280000
2005-01-06,9.9325,10.065,9.9125,10.0,10.0,7372800
2005-01-07,10.0025,10.0875,9.975,10.025,10.025,6159600
2005-01-10,10.0125,10.06,9.845,9.8825,9.8825,6340000
2005-01-11,9.8375,9.8825,9.775,9.8,9.8,6227200
2005-01-12,9.78,9.8475,9.6825,9.8475,9.8475,6313200
2005-01-13,9.8,9.8275,9.675,9.685,9.685,7760400
2005-01-14,9.695,9.825,9.6675,9.75,9.75,4957200
2005-01-18,9.73,9.8125,9.7,9.79,9.79,5604400
2005-01-19,9.8025,9.8225,9.6675,9.6675,9.6675,3979600
2005-01-20,9.6675,9.75,9.64,9.69,9.69,4874400
2005-01-21,9.725,9.735,9.6525,9.6725,9.6725,5602000
2005-01-24,9.655,9.9125,9.6275,9.8625,9.8625,6677600
2005-01-25,9.89,9.97,9.8525,9.8525,9.8525,4862000
2005-01-26,9.87,9.9325,9.7625,9.885,9.885,4867600
2005-01-27,9.8925,9.9375,9.7675,9.89,9.89,8571600
2005-01-28,10.1025,10.145,9.295,9.6175,9.6175,31710400
2005-01-31,9.5925,9.6625,9.495,9.5625,9.5625,10780400
2005-02-01,9.5325,9.6475,9.4625,9.625,9.625,10499200
2005-02-02,9.6125,9.7125,9.58,9.645,9.645,8511600
2005-02-03,9.65,9.67,9.585,9.62,9.62,6263200
2005-02-04,9.625,9.7925,9.6,9.7925,9.7925,8211200
2005-02-07,9.795,9.8,9.6825,9.7325,9.7325,3592400
2005-02-08,9.69,9.745,9.6325,9.655,9.655,3574800
2005-02-09,9.6525,9.66,9.4625,9.5275,9.5275,4197600
2005-02-10,9.535,9.5625,9.4075,9.44,9.44,5978800
2005-02-11,9.4725,9.735,9.395,9.6425,9.6425,5284400
2005-02-14,9.64,9.675,9.525,9.585,9.585,2549600
2005-02-15,9.58,9.725,9.53,9.605,9.605,4926800
2005-02-16,9.5925,9.6125,9.505,9.54,9.54,3655600
2005-02-17,9.53,9.5575,9.4025,9.42,9.42,3216000
2005-02-18,9.4025,9.5675,9.375,9.455,9.455,4298000
2005-02-22,9.4,9.475,9.3075,9.3075,9.3075,4523600
2005-02-23,9.2125,9.2775,9.0825,9.2375,9.2375,8402000
2005-02-24,9.235,9.4125,9.2175,9.385,9.385,4687200
2005-02-25,9.405,9.5475,9.35,9.5,9.5,4303600
2005-02-28,9.5175,9.625,9.3975,9.485,9.485,5691200
2005-03-01,9.51,9.585,9.4525,9.5425,9.5425,4190400
2005-03-02,9.54,9.6775,9.505,9.64,9.64,4710400
2005-03-03,9.675,9.675,9.485,9.5825,9.5825,4362000
2005-03-04,9.635,9.71,9.605,9.655,9.655,4291600
2005-03-07,9.6325,9.8225,9.6325,9.7875,9.7875,5298800
2005-03-08,9.75,9.8,9.605,9.6075,9.6075,5454400
2005-03-09,9.6075,9.64,9.5375,9.56,9.56,5521600
2005-03-10,9.5475,9.565,9.415,9.5,9.5,5145200
2005-03-11,9.5125,9.545,9.4625,9.505,9.505,5370400
2005-03-14,9.5575,9.715,9.55,9.715,9.715,5827200
2005-03-15,9.7325,9.78,9.545,9.5975,9.5975,7150800
2005-03-16,9.5425,9.5675,9.3025,9.325,9.325,6048800
2005-03-17,9.2675,9.39,9.2675,9.3225,9.3225,7384000
2005-03-18,9.34,9.3775,9.2375,9.28,9.28,7165200
2005-03-21,9.3125,9.63,9.3025,9.565,9.565,9364400
2005-03-22,9.6,9.625,9.4575,9.5025,9.5025,8256800
2005-03-23,9.475,9.67,9.475,9.62,9.62,4724000
2005-03-24,9.6,9.645,9.4625,9.4625,9.4625,7177200
2005-03-28,9.5125,9.7725,9.5125,9.615,9.615,6940400
2005-03-29,9.5825,9.7225,9.57,9.67,9.67,6613200
2005-03-30,9.66,9.955,9.65,9.8775,9.8775,10250000
2005-03-31,9.8975,10.035,9.8975,9.95,9.95,9264800
2005-04-01,10.02,10.0575,9.735,9.875,9.875,6830800
2005-04-04,9.865,9.93,9.805,9.9,9.9,6924400
2005-04-05,9.9075,9.965,9.825,9.83,9.83,4922800
2005-04-06,9.895,9.99,9.81,9.86,9.86,5349200
2005-04-07,9.88,10.0075,9.8,9.9775,9.9775,8543600
2005-04-08,9.975,10.01,9.8775,9.89,9.89,3522000
2005-04-11,9.875,10.0025,9.875,9.9975,9.9975,4171600
2005-04-12,9.9625,10.175,9.9625,10.175,10.175,7915200
2005-04-13,10.1725,10.25,10.1025,10.1375,10.1375,5860800
2005-04-14,10.19,10.2625,10.155,10.215,10.215,9448000
2005-04-15,10.11,10.27,10.05,10.2175,10.2175,12307200
2005-04-18,10.2,10.2725,9.9775,10.0225,10.0225,13083600
2005-04-19,9.9,10.13,9.8875,10.075,10.075,6670800
2005-04-20,10.0725,10.11,9.8825,9.95,9.95,5596400
2005-04-21,10.0125,10.26,10.0125,10.0625,10.0625,14824800
2005-04-22,10.3,10.655,10.25,10.4525,10.4525,21689200
2005-04-25,10.485,10.5875,10.42,10.565,10.565,9399200
2005-04-26,10.56,10.68,10.5175,10.59,10.59,7907600
2005-04-27,10.5625,10.71,10.5525,10.63,10.63,7091200
2005-04-28,10.59,10.595,10.375,10.4,10.4,6580400
2005-04-29,10.435,10.58,10.3875,10.575,10.575,8893600
2005-05-02,10.6025,10.7725,10.58,10.715,10.715,12952800
2005-05-03,10.7425,10.77,10.62,10.6925,10.6925,8204800
2005-05-04,10.75,10.8325,10.715,10.8125,10.8125,9488800
2005-05-05,10.755,10.805,10.615,10.68,10.68,6668400
2005-05-06,10.8,10.8,10.6375,10.6675,10.6675,3796800
2005-05-09,10.675,10.725,10.6175,10.7075,10.7075,5036000
2005-05-10,10.6375,10.875,10.6175,10.8575,10.8575,9707600
2005-05-11,10.825,10.935,10.6325,10.735,10.735,6328400
2005-05-12,10.7975,10.9,10.705,10.7925,10.7925,5478800
2005-05-13,10.8375,10.8975,10.625,10.75,10.75,6639600
2005-05-16,10.805,10.88,10.675,10.7475,10.7475,6664400
2005-05-17,10.765,10.7825,10.6225,10.7,10.7,7619200
2005-05-18,10.755,10.7675,10.65,10.7275,10.7275,7814800
2005-05-19,10.7775,10.8725,10.7275,10.8025,10.8025,8384800
2005-05-20,10.825,10.9275,10.7625,10.7825,10.7825,7775200
2005-05-23,10.785,10.8775,10.7125,10.83,10.83,8368400
2005-05-24,10.835,10.895,10.7725,10.825,10.825,6870800
2005-05-25,10.8525,10.855,10.6525,10.665,10.665,7258400
2005-05-26,10.57,10.6575,10.4575,10.6525,10.6525,7782400
2005-05-27,10.6,10.7125,10.56,10.6825,10.6825,4015600
2005-05-31,10.7175,10.79,10.5975,10.7475,10.7475,11300400
2005-06-01,10.74,10.9425,10.7175,10.8125,10.8125,6438400
2005-06-02,10.7925,10.8675,10.74,10.8425,10.8425,7641600
2005-06-03,10.815,10.885,10.76,10.7725,10.7725,5245600
2005-06-06,10.78,11.0075,10.76,10.9775,10.9775,5248400
2005-06-07,11.0425,11.0475,10.83,10.85,10.85,6210400
2005-06-08,10.88,10.9175,10.81,10.8525,10.8525,4009600
2005-06-09,10.885,11.05,10.825,11.0475,11.0475,6461200
2005-06-10,11.0525,11.0625,10.8825,10.9525,10.9525,4340400
2005-06-13,10.96,11.0625,10.89,10.9075,10.9075,5337200
2005-06-14,10.9375,10.9575,10.8075,10.855,10.855,4813600
2005-06-15,10.925,10.925,10.665,10.795,10.795,5846000
2005-06-16,10.8325,10.8475,10.6975,10.7925,10.7925,3804800
2005-06-17,10.9175,11.015,10.6375,10.7175,10.7175,11757600
2005-06-20,10.7575,10.7625,10.65,10.705,10.705,3972800
2005-06-21,10.725,10.85,10.7,10.77,10.77,4394800
2005-06-22,10.875,10.9025,10.69,10.7625,10.7625,5043200
2005-06-23,10.79,10.81,10.52,10.535,10.535,6247200
2005-06-24,10.535,10.6425,10.4875,10.5375,10.5375,4969200
2005-06-27,10.545,10.6625,10.52,10.6425,10.6425,5241200
2005-06-28,10.71,10.875,10.68,10.835,10.835,4285600
2005-06-29,10.7925,10.845,10.74,10.8075,10.8075,3365600
2005-06-30,10.755,10.9,10.7,10.7225,10.7225,4427600
2005-07-01,10.875,10.885,10.765,10.785,10.785,3523200
2005-07-05,10.8375,10.955,10.735,10.9175,10.9175,5886400
2005-07-06,10.8775,10.93,10.77,10.8,10.8,3894400
2005-07-07,10.75,10.8675,10.625,10.85,10.85,3706800
2005-07-08,10.82,11.105,10.7075,11.1,11.1,5212000
2005-07-11,11.145,11.1825,11.01,11.13,11.13,4563600
2005-07-12,11.15,11.1575,11.0125,11.05,11.05,3789600
2005-07-13,11.0375,11.0925,10.96,11.025,11.025,2875200
2005-07-14,11.0375,11.16,10.9875,11.16,11.16,2949600
2005-07-15,11.1875,11.275,11.1375,11.1875,11.1875,4427600
2005-07-18,11.1425,11.25,11.1425,11.1475,11.1475,2657200
2005-07-19,11.19,11.2725,11.1475,11.2675,11.2675,2618800
2005-07-20,11.25,11.2675,11.0725,11.25,11.25,4289600
2005-07-21,11.1975,11.1975,10.93,11.115,11.115,5199600
2005-07-22,11.0775,11.385,10.8,10.9,10.9,14977600
2005-07-25,10.8025,10.8475,10.515,10.6875,10.6875,10936000
2005-07-26,10.7275,11.01,10.705,10.9275,10.9275,9191600
2005-07-27,10.9425,11.2075,10.8675,11.185,11.185,7633200
2005-07-28,11.185,11.185,11.065,11.115,11.115,5429600
2005-07-29,11.0625,11.15,11.055,11.0925,11.0925,4175200
2005-08-01,11.11,11.125,10.965,10.99,10.99,4618000
2005-08-02,10.9775,11.08,10.9375,11.0725,11.0725,7623200
2005-08-03,11.1125,11.3225,10.9625,11.31,11.31,8095600
2005-08-04,11.2575,11.3375,11.225,11.305,11.305,4868800
2005-08-05,11.325,11.435,11.275,11.315,11.315,5454400
2005-08-08,11.305,11.435,11.295,11.4025,11.4025,5290400
2005-08-09,11.435,11.4975,11.355,11.495,11.495,4834400
2005-08-10,11.51,11.54,11.3,11.3575,11.3575,6748000
2005-08-11,11.4125,11.585,11.39,11.565,11.565,5685200
2005-08-12,11.4875,11.6725,11.47,11.645,11.645,5072400
2005-08-15,11.625,11.7125,11.5525,11.7025,11.7025,4398800
2005-08-16,11.6725,11.6725,11.495,11.55,11.55,3895600
2005-08-17,11.52,11.575,11.38,11.5375,11.5375,3872000
2005-08-18,11.53,11.5725,11.38,11.5075,11.5075,3129600
2005-08-19,11.4775,11.53,11.4,11.435,11.435,3381600
2005-08-22,11.2625,11.38,11.2075,11.29,11.29,5739200
2005-08-23,11.25,11.325,11.2225,11.3,11.3,3289600
2005-08-24,11.255,11.4925,11.2325,11.285,11.285,5324000
2005-08-25,11.2675,11.2975,11.135,11.1825,11.1825,4156800
2005-08-26,11.18,11.2075,11.025,11.1475,11.1475,4676000
2005-08-29,11.1475,11.235,11.0975,11.19,11.19,4224000
2005-08-30,11.1225,11.165,10.905,10.9975,10.9975,6565200
2005-08-31,11.025,11.225,10.9625,11.225,11.225,6940000
2005-09-01,11.2075,11.245,11.0175,11.08,11.08,4410800
2005-09-02,11.1,11.1925,11.08,11.1525,11.1525,2430000
2005-09-06,11.2,11.375,11.175,11.3025,11.3025,3530000
2005-09-07,11.3125,11.33,11.21,11.325,11.325,3189600
2005-09-08,11.27,11.3125,11.2,11.2425,11.2425,3967600
2005-09-09,11.25,11.3,11.2,11.275,11.275,2045200
2005-09-12,11.3075,11.42,11.165,11.3825,11.3825,3652800
2005-09-13,11.4,11.4075,11.245,11.305,11.305,3081200
2005-09-14,11.3425,11.3425,11.1925,11.22,11.22,3124800
2005-09-15,11.2725,11.3025,11.2025,11.2025,11.2025,4728400
2005-09-16,11.2025,11.26,11.0325,11.1875,11.1875,9390000
2005-09-19,11.255,11.2575,11.05,11.0925,11.0925,4149600
2005-09-20,11.125,11.1875,10.9425,11.025,11.025,4672000
2005-09-21,11.0,11.09,10.87,11.0275,11.0275,5607600
2005-09-22,11.085,11.175,10.9525,11.0575,11.0575,6126800
2005-09-23,11.0625,11.1575,10.85,11.0675,11.0675,4474400
2005-09-26,11.1375,11.14,10.975,11.03,11.03,4610800
2005-09-27,11.08,11.175,11.045,11.0675,11.0675,4092800
2005-09-28,11.09,11.155,10.9875,11.05,11.05,5226400
2005-09-29,11.0975,11.3325,10.9825,11.33,11.33,5816000
2005-09-30,11.26,11.4675,11.26,11.4675,11.4675,4572400
2005-10-03,11.45,11.52,11.365,11.385,11.385,7484400
2005-10-04,11.415,11.6025,11.4025,11.4425,11.4425,5388000
2005-10-05,11.4325,11.5125,11.34,11.3475,11.3475,6338800
2005-10-06,11.3575,11.405,11.105,11.19,11.19,4818400
2005-10-07,11.2325,11.375,11.0875,11.3075,11.3075,4380400
2005-10-10,11.29,11.3,11.1775,11.21,11.21,3203600
2005-10-11,11.2175,11.2975,11.08,11.2525,11.2525,5372800
2005-10-12,11.28,11.315,11.1125,11.2275,11.2275,5689200
2005-10-13,11.18,11.27,11.1125,11.18,11.18,6587600
2005-10-14,11.2125,11.2425,11.035,11.225,11.225,3497200
2005-10-17,11.2,11.235,11.045,11.1225,11.1225,3733600
2005-10-18,11.1475,11.1525,11.0375,11.065,11.065,5422800
2005-10-19,11.0775,11.415,11.0375,11.415,11.415,5084800
2005-10-20,11.4175,11.46,11.2725,11.3375,11.3375,6979600
2005-10-21,11.065,11.1875,10.56,10.61,10.61,22802000
2005-10-24,10.5925,10.6725,10.2625,10.6475,10.6475,12964400
2005-10-25,10.6475,10.7825,10.625,10.76,10.76,11158000
2005-10-26,10.8075,10.845,10.655,10.75,10.75,7906800
2005-10-27,10.7775,10.7775,10.5675,10.645,10.645,8662000
2005-10-28,10.735,10.77,10.72,10.7525,10.7525,9324000
2005-10-31,10.7675,10.985,10.7225,10.92,10.92,7213600
2005-11-01,10.8675,10.975,10.7025,10.8975,10.8975,5988400
2005-11-02,10.925,11.0275,10.89,10.97,10.97,4767600
2005-11-03,11.055,11.2625,11.0275,11.1725,11.1725,4907200
2005-11-04,11.225,11.2325,11.045,11.125,11.125,4547200
2005-11-07,11.2175,11.23,11.08,11.1075,11.1075,3517600
2005-11-08,11.105,11.1475,10.8675,11.02,11.02,8203600
2005-11-09,11.055,11.2575,11.0,11.0925,11.0925,7742400
2005-11-10,11.1625,11.27,10.995,11.2125,11.2125,5188400
2005-11-11,11.25,11.265,11.135,11.1575,11.1575,4012800
2005-11-14,11.1575,11.215,11.085,11.2,11.2,2364400
2005-11-15,11.215,11.275,11.1725,11.2125,11.2125,4273200
2005-11-16,11.25,11.32,11.175,11.29,11.29,4082800
2005-11-17,11.36,11.545,11.265,11.545,11.545,3986400
2005-11-18,11.6875,11.7225,11.3925,11.5,11.5,4220800
2005-11-21,11.5525,11.6675,11.5175,11.63,11.63,3366000
2005-11-22,11.6525,11.675,11.48,11.5575,11.5575,4475200
2005-11-23,11.455,11.6275,11.4375,11.5425,11.5425,2533600
2005-11-25,11.55,11.55,11.465,11.5325,11.5325,1426400
2005-11-28,11.545,11.5475,11.3325,11.3525,11.3525,3837200
2005-11-29,11.445,11.57,11.4325,11.4475,11.4475,3593200
2005-11-30,11.44,11.4775,11.275,11.3775,11.3775,5104800
2005-12-01,11.3925,11.5575,11.3575,11.5225,11.5225,4249600
2005-12-02,11.5,11.585,11.3875,11.55,11.55,2424400
2005-12-05,11.2625,11.36,10.92,11.065,11.065,8628400
2005-12-06,11.075,11.115,10.9175,10.9575,10.9575,10344000
2005-12-07,10.9925,11.0,10.8575,10.9125,10.9125,7867600
2005-12-08,10.955,11.035,10.8375,10.9225,10.9225,5164000
2005-12-09,10.9,11.0,10.775,10.785,10.785,5706400
2005-12-12,10.805,10.8625,10.705,10.75,10.75,5884400
2005-12-13,10.7075,10.795,10.6375,10.75,10.75,6393600
2005-12-14,10.6875,10.805,10.6525,10.75,10.75,10155600
2005-12-15,10.8,10.8625,10.67,10.8,10.8,6498000
2005-12-16,10.7775,10.9025,10.705,10.7125,10.7125,13304000
2005-12-19,10.785,10.8525,10.675,10.72,10.72,5843200
2005-12-20,10.725,10.92,10.6325,10.89,10.89,6760800
2005-12-21,10.875,10.9975,10.8425,10.94,10.94,5917600
2005-12-22,10.905,11.025,10.795,11.0025,11.0025,3373200
2005-12-23,11.0625,11.1175,10.935,10.9575,10.9575,2564400
2005-12-27,10.9175,11.0925,10.84,10.875,10.875,2768000
2005-12-28,10.85,11.0,10.85,10.935,10.935,3374800
2005-12-29,10.945,11.095,10.9025,10.985,10.985,3380400
2005-12-30,10.9225,10.9825,10.8,10.8175,10.8175,3404400
2006-01-03,10.915,10.9875,10.7525,10.9225,10.9225,5774000
2006-01-04,11.0,11.0775,10.8425,11.075,11.075,6338400
2006-01-05,11.1075,11.1725,11.0375,11.1725,11.1725,5084000
2006-01-06,11.2375,11.2425,11.0275,11.2125,11.2125,4714800
2006-01-09,11.1775,11.295,11.125,11.2875,11.2875,5208400
2006-01-10,11.0625,11.0625,10.92,11.005,11.005,7663600
2006-01-11,11.0175,11.0875,10.955,10.99,10.99,6065200
2006-01-12,10.965,11.11,10.9325,10.97,10.97,5295600
2006-01-13,11.025,11.04,10.8575,10.955,10.955,4201600
2006-01-17,10.9475,11.1,10.8375,11.0775,11.0775,5196000
2006-01-18,11.1075,11.2775,11.08,11.16,11.16,5448400
2006-01-19,11.1825,11.26,11.0475,11.16,11.16,5368000
2006-01-20,11.095,11.16,10.86,10.89,10.89,6731200
2006-01-23,10.8775,10.995,10.845,10.9425,10.9425,4489600
2006-01-24,10.9375,11.0875,10.92,10.9375,10.9375,5312800
2006-01-25,10.91,10.9575,10.7425,10.755,10.755,6138800
2006-01-26,10.9775,11.025,10.875,10.935,10.935,7406000
2006-01-27,10.8725,11.33,10.86,11.2825,11.2825,6207200
2006-01-30,11.2775,11.365,11.0925,11.1975,11.1975,5515200
2006-01-31,11.2325,11.25,10.94,10.995,10.995,13384400
2006-02-01,10.96,11.06,10.875,10.995,10.995,8909200
2006-02-02,10.95,10.995,10.8425,10.885,10.885,6236400
2006-02-03,10.775,10.82,10.595,10.62,10.62,7049600
2006-02-06,10.57,10.805,10.4525,10.75,10.75,6352000
2006-02-07,10.7225,10.905,10.695,10.7575,10.7575,11875200
2006-02-08,10.7575,10.8375,10.525,10.545,10.545,9261600
2006-02-09,10.54,10.6,10.175,10.1975,10.1975,14424400
2006-02-10,10.175,10.255,10.0725,10.235,10.235,11988800
2006-02-13,10.095,10.285,10.095,10.1975,10.1975,10424400
2006-02-14,10.205,10.2625,10.1275,10.165,10.165,9291600
2006-02-15,10.1,10.325,10.0775,10.295,10.295,6568800
2006-02-16,10.325,10.4325,10.275,10.35,10.35,8927600
2006-02-17,10.3125,10.4525,10.24,10.375,10.375,6116000
2006-02-21,10.335,10.3975,10.2125,10.3025,10.3025,5566800
2006-02-22,10.315,10.4925,10.2875,10.44,10.44,5347200
2006-02-23,10.51,10.73,10.4625,10.6,10.6,9014400
2006-02-24,10.5575,10.5625,10.3175,10.37,10.37,8697200
2006-02-27,10.42,10.5025,10.32,10.46,10.46,10297200
2006-02-28,10.4075,10.475,10.28,10.375,10.375,8620000
2006-03-01,10.37,10.7675,10.345,10.725,10.725,8545200
2006-03-02,10.6675,10.74,10.5425,10.5725,10.5725,6466400
2006-03-03,10.5075,10.6225,10.4225,10.49,10.49,6623600
2006-03-06,10.46,10.53,10.3125,10.3325,10.3325,7299200
2006-03-07,10.36,10.5925,10.29,10.5475,10.5475,6796800
2006-03-08,10.575,10.6125,10.4525,10.475,10.475,5762000
2006-03-09,10.5175,10.5275,10.45,10.4525,10.4525,6553600
2006-03-10,10.4325,10.5875,10.3525,10.4475,10.4475,4825600
2006-03-13,10.4475,10.4825,10.3875,10.45,10.45,4169200
2006-03-14,10.4625,10.59,10.4175,10.565,10.565,3388800
2006-03-15,10.555,10.61,10.5075,10.61,10.61,5162800
2006-03-16,10.58,10.7625,10.575,10.665,10.665,6302400
2006-03-17,10.6975,10.765,10.565,10.5975,10.5975,6672400
2006-03-20,10.585,10.6975,10.4325,10.69,10.69,3694000
2006-03-21,10.4725,10.7925,10.47,10.4725,10.4725,4796400
2006-03-22,10.435,10.57,10.3475,10.5175,10.5175,4788800
2006-03-23,10.47,10.58,10.3875,10.575,10.575,3937200
2006-03-24,10.565,10.68,10.53,10.6375,10.6375,3491200
2006-03-27,10.625,10.6875,10.485,10.5125,10.5125,4554800
2006-03-28,10.475,10.665,10.475,10.57,10.57,5618400
2006-03-29,10.5975,10.7,10.535,10.64,10.64,3428000
2006-03-30,10.6,10.75,10.5275,10.5875,10.5875,2851200
2006-03-31,10.5925,10.6775,10.5775,10.6375,10.6375,5405600
2006-04-03,10.675,10.72,10.545,10.565,10.565,5407200
2006-04-04,10.59,10.83,10.59,10.6525,10.6525,6316000
2006-04-05,10.6875,10.73,10.5175,10.6125,10.6125,9514800
2006-04-06,10.5875,10.6175,10.475,10.4875,10.4875,7756400
2006-04-07,10.51,10.63,10.4475,10.48,10.48,7477200
2006-04-10,10.4975,10.5475,10.4375,10.4875,10.4875,7303600
2006-04-11,10.4625,10.55,10.2975,10.345,10.345,7750400
2006-04-12,10.32,10.3325,10.2325,10.2725,10.2725,7574400
2006-04-13,10.275,10.37,10.145,10.275,10.275,10023600
2006-04-17,10.2375,10.345,10.2,10.255,10.255,6670000
2006-04-18,10.2575,10.5475,10.2575,10.48,10.48,8140800
2006-04-19,10.45,10.5425,10.4325,10.5425,10.5425,5895200
2006-04-20,10.545,10.59,10.4725,10.5725,10.5725,7669200
2006-04-21,10.635,10.635,10.3625,10.41,10.41,4739600
2006-04-24,10.3775,10.48,10.35,10.4575,10.4575,4907600
2006-04-25,10.4825,10.5425,10.325,10.485,10.485,6309200
2006-04-26,10.9675,11.3525,10.855,11.3075,11.3075,18628800
2006-04-27,11.225,11.4875,11.135,11.4,11.4,10770000
2006-04-28,11.485,11.5525,11.2475,11.2675,11.2675,9577200
2006-05-01,11.2325,11.295,11.0775,11.08,11.08,5940400
2006-05-02,11.065,11.23,11.025,11.0325,11.0325,4871200
2006-05-03,11.0,11.1,10.8125,11.0125,11.0125,5166000
2006-05-04,11.0575,11.215,11.01,11.0725,11.0725,3476800
2006-05-05,11.145,11.195,11.025,11.1675,11.1675,4264000
2006-05-08,11.1125,11.1625,11.035,11.1275,11.1275,3207600
2006-05-09,11.1325,11.1775,11.085,11.14,11.14,3767600
2006-05-10,11.1275,11.2425,11.1075,11.155,11.155,4437200
2006-05-11,11.1175,11.1925,11.0625,11.14,11.14,4648400
2006-05-12,11.1275,11.2775,11.04,11.04,11.04,4555200
2006-05-15,11.025,11.065,10.955,11.0375,11.0375,4385200
2006-05-16,10.9575,11.0825,10.9075,11.065,11.065,3701200
2006-05-17,11.01,11.0825,10.8175,10.825,10.825,3575600
2006-05-18,10.8125,10.88,10.67,10.7025,10.7025,4740800
2006-05-19,10.7825,11.135,10.7375,10.985,10.985,10997600
2006-05-22,10.96,11.1875,10.915,11.03,11.03,6057200
2006-05-23,11.0225,11.095,10.88,10.88,10.88,3987200
2006-05-24,10.8625,11.0525,10.7475,11.0,11.0,6210000
2006-05-25,10.98,11.0225,10.805,10.92,10.92,3725600
2006-05-26,10.9625,10.9625,10.8325,10.925,10.925,2686400
2006-05-30,10.8925,10.9075,10.6975,10.6975,10.6975,3112400
2006-05-31,10.7325,10.9375,10.6725,10.7875,10.7875,5402800
2006-06-01,10.8375,11.1675,10.785,11.1675,11.1675,5304400
2006-06-02,11.35,11.4075,11.105,11.23,11.23,6253200
2006-06-05,11.19,11.2725,10.9575,10.975,10.975,3493200
2006-06-06,10.9975,11.1825,10.9575,11.13,11.13,5964400
2006-06-07,11.1725,11.3475,11.145,11.2375,11.2375,6257600
2006-06-08,11.2225,11.3175,11.0,11.1225,11.1225,7260800
2006-06-09,11.1625,11.235,10.98,10.9925,10.9925,4136000
2006-06-12,11.0,11.03,10.89,10.89,10.89,3196000
2006-06-13,10.8825,10.9725,10.71,10.725,10.725,5030400
2006-06-14,10.71,10.78,10.615,10.75,10.75,4859200
2006-06-15,10.8175,10.97,10.665,10.9175,10.9175,5314800
2006-06-16,10.8675,11.0375,10.8125,10.985,10.985,11526400
2006-06-19,11.035,11.0875,10.8875,10.9325,10.9325,4666400
2006-06-20,10.9625,11.025,10.8725,10.9725,10.9725,4537600
2006-06-21,11.0,11.3125,11.0,11.2275,11.2275,5005200
2006-06-22,11.225,11.405,11.005,11.1625,11.1625,4022400
2006-06-23,11.1275,11.3,11.0775,11.1525,11.1525,3270000
2006-06-26,11.13,11.2975,11.13,11.2575,11.2575,3284000
2006-06-27,11.215,11.325,11.17,11.235,11.235,5083200
2006-06-28,11.21,11.3525,11.21,11.3525,11.3525,3063200
2006-06-29,11.4,11.5325,11.2925,11.53,11.53,5581600
2006-06-30,11.5475,11.57,11.3375,11.34,11.34,5480800
2006-07-03,11.3925,11.4125,11.275,11.3075,11.3075,1804000
2006-07-05,11.26,11.405,11.0725,11.29,11.29,4579600
2006-07-06,11.245,11.3375,11.1875,11.1925,11.1925,3254000
2006-07-07,11.1425,11.2275,11.025,11.06,11.06,2716800
2006-07-10,11.135,11.1825,10.995,11.05,11.05,2304000
2006-07-11,11.0225,11.1175,11.0,11.0725,11.0725,3626400
2006-07-12,11.0925,11.115,10.88,10.95,10.95,3580800
2006-07-13,10.995,11.0,10.7075,10.7675,10.7675,5318000
2006-07-14,10.7525,10.8225,10.6825,10.78,10.78,3900800
2006-07-17,10.8225,10.84,10.7225,10.7625,10.7625,3231600
2006-07-18,10.7375,10.7975,10.6275,10.745,10.745,4169600
2006-07-19,10.7625,10.9325,10.73,10.87,10.87,5024800
2006-07-20,10.7775,10.78,10.635,10.6375,10.6375,3520800
2006-07-21,10.5625,10.71,10.545,10.61,10.61,5400000
2006-07-24,10.6075,10.7175,10.525,10.7175,10.7175,3800800
2006-07-25,10.73,10.825,10.565,10.68,10.68,4138000
2006-07-26,10.875,11.2325,10.62,11.075,11.075,8426000
2006-07-27,11.135,11.2475,10.735,10.8,10.8,5501200
2006-07-28,10.875,10.975,10.8175,10.905,10.905,3085200
2006-07-31,10.855,10.94,10.7625,10.915,10.915,4724800
2006-08-01,10.845,10.855,10.6225,10.7225,10.7225,4010400
2006-08-02,10.68,10.9275,10.66,10.765,10.765,5561200
2006-08-03,10.6925,11.0375,10.68,10.915,10.915,3479600
2006-08-04,11.0325,11.13,10.7775,10.865,10.865,3172400
2006-08-07,10.8775,10.94,10.7625,10.8125,10.8125,3536800
2006-08-08,10.875,10.9175,10.665,10.7325,10.7325,2807600
2006-08-09,10.815,11.06,10.795,10.8725,10.8725,3853600
2006-08-10,10.87,11.065,10.8175,11.0275,11.0275,4540800
2006-08-11,11.0125,11.0125,10.8775,10.915,10.915,2330800
2006-08-14,10.95,11.2025,10.9425,11.0575,11.0575,3027200
2006-08-15,11.1625,11.23,11.055,11.1025,11.1025,2536800
2006-08-16,11.185,11.185,11.01,11.11,11.11,3904800
2006-08-17,11.1275,11.275,11.1,11.1525,11.1525,4027600
2006-08-18,11.1825,11.255,11.07,11.1125,11.1125,4352800
2006-08-21,11.05,11.1625,11.005,11.0175,11.0175,3003600
2006-08-22,11.005,11.1625,10.965,11.07,11.07,2833200
2006-08-23,11.1025,11.1475,10.94,10.9575,10.9575,2464800
2006-08-24,11.0625,11.08,10.85,10.905,10.905,3072400
2006-08-25,10.8425,10.9975,10.7875,10.8925,10.8925,4649200
2006-08-28,10.87,11.0,10.8075,10.935,10.935,2426800
2006-08-29,10.935,10.935,10.74,10.85,10.85,4557200
2006-08-30,10.875,10.9625,10.7875,10.895,10.895,2479600
2006-08-31,10.9325,11.07,10.875,11.04,11.04,4292800
2006-09-01,11.0975,11.2125,11.065,11.065,11.065,2684400
2006-09-05,10.95,11.035,10.8775,10.955,10.955,3786800
2006-09-06,10.8975,10.95,10.8075,10.835,10.835,3529600
2006-09-07,10.8425,10.945,10.8275,10.84,10.84,2655600
2006-09-08,11.115,11.5525,10.9825,11.5025,11.5025,14609200
2006-09-11,11.5225,11.635,11.4225,11.5175,11.5175,6295200
2006-09-12,11.4725,11.5275,11.415,11.4925,11.4925,3837600
2006-09-13,11.46,11.7725,11.4225,11.71,11.71,8541200
2006-09-14,11.67,11.735,11.6075,11.6525,11.6525,3368800
2006-09-15,11.7325,11.8725,11.5775,11.7,11.7,10236000
2006-09-18,11.71,11.85,11.6625,11.6975,11.6975,4062800
2006-09-19,11.6775,11.77,11.335,11.5775,11.5775,9493600
2006-09-20,11.65,11.8875,11.6475,11.8,11.8,7348800
2006-09-21,11.8375,11.855,11.625,11.71,11.71,4951600
2006-09-22,11.68,11.7225,11.5375,11.6125,11.6125,3016400
2006-09-25,11.64,11.8625,11.595,11.835,11.835,5137200
2006-09-26,11.86,12.0375,11.82,11.9925,11.9925,5987600
2006-09-27,11.9625,12.0575,11.86,11.97,11.97,3973600
2006-09-28,12.025,12.0625,11.8475,11.9225,11.9225,3530800
2006-09-29,11.87,11.88,11.765,11.7725,11.7725,4184800
2006-10-02,11.815,11.995,11.795,11.8725,11.8725,4595200
2006-10-03,11.9025,11.9775,11.7825,11.8425,11.8425,3527600
2006-10-04,11.8275,12.07,11.78,12.07,12.07,4897600
2006-10-05,12.0175,12.0875,11.9375,11.99,11.99,3274000
2006-10-06,11.985,12.095,11.965,12.0575,12.0575,3672800
2006-10-09,12.06,12.1,11.975,11.9775,11.9775,3019200
2006-10-10,11.975,12.0475,11.8775,11.905,11.905,4742000
2006-10-11,11.905,11.905,11.73,11.86,11.86,3913200
2006-10-12,11.9,11.98,11.8475,11.9775,11.9775,3603200
2006-10-13,11.9975,12.0,11.8625,11.93,11.93,3072800
2006-10-16,11.875,12.1275,11.875,12.0925,12.0925,5094400
2006-10-17,12.0,12.1225,11.91,12.105,12.105,3589600
2006-10-18,12.1625,12.2225,12.085,12.1275,12.1275,4476800
2006-10-19,12.0875,12.245,12.0475,12.2225,12.2225,3678400
2006-10-20,12.285,12.285,12.0875,12.1525,12.1525,3311200
2006-10-23,12.09,12.4725,12.09,12.46,12.46,6587600
2006-10-24,12.475,12.49,12.3475,12.4025,12.4025,5651200
2006-10-25,12.2275,12.2525,11.825,12.025,12.025,11458400
2006-10-26,12.0125,12.085,11.9375,12.06,12.06,6930800
2006-10-27,12.05,12.1775,12.0,12.11,12.11,5541600
2006-10-30,12.1625,12.3075,12.08,12.29,12.29,5022400
2006-10-31,12.2525,12.4875,12.2175,12.35,12.35,6528000
2006-11-01,12.3975,12.475,12.235,12.25,12.25,6380000
2006-11-02,12.215,12.315,12.185,12.265,12.265,3765200
2006-11-03,12.185,12.3075,12.1,12.2275,12.2275,3196000
2006-11-06,12.32,12.765,12.295,12.6925,12.6925,8155200
2006-11-07,12.72,12.9375,12.585,12.8075,12.8075,4979600
2006-11-08,12.7325,13.025,12.7325,12.925,12.925,5439600
2006-11-09,12.935,12.97,12.835,12.87,12.87,2939600
2006-11-10,12.905,13.105,12.8975,13.0425,13.0425,2939200
2006-11-13,12.9125,13.2,12.9125,13.0,13.0,3649200
2006-11-14,13.0325,13.1825,12.94,13.1825,13.1825,4488000
2006-11-15,13.2075,13.23,13.075,13.1525,13.1525,2902800
2006-11-16,13.2275,13.25,13.1525,13.235,13.235,3353600
2006-11-17,13.23,13.2475,13.09,13.1325,13.1325,4506400
2006-11-20,13.0675,13.145,12.9725,13.0475,13.0475,4892000
2006-11-21,13.0425,13.07,12.935,13.055,13.055,2891200
2006-11-22,13.0375,13.075,12.92,13.0725,13.0725,1929200
2006-11-24,12.9675,13.075,12.9575,13.0125,13.0125,993600
2006-11-27,12.915,12.95,12.6825,12.7775,12.7775,4281200
2006-11-28,12.7675,12.8775,12.74,12.825,12.825,4698000
2006-11-29,12.8625,12.9075,12.7025,12.88,12.88,4207600
2006-11-30,12.84,12.945,12.7625,12.7775,12.7775,4779600
2006-12-01,12.7425,12.825,12.56,12.7275,12.7275,4734000
2006-12-04,12.715,13.11,12.6875,12.905,12.905,4368400
2006-12-05,12.94,13.0,12.8275,12.8975,12.8975,4455200
2006-12-06,12.9125,12.995,12.88,12.935,12.935,2326400
2006-12-07,12.9925,12.9925,12.75,12.8375,12.8375,3570000
2006-12-08,12.795,13.095,12.7125,12.9375,12.9375,4288000
2006-12-11,12.86,13.075,12.7875,12.98,12.98,3236800
2006-12-12,12.9775,13.055,12.8725,12.9175,12.9175,3094800
2006-12-13,13.0175,13.03,12.8875,13.025,13.025,3484800
2006-12-14,13.08,13.27,13.0675,13.2025,13.2025,4461200
2006-12-15,13.2975,13.4,13.1475,13.2225,13.2225,7039200
2006-12-18,13.225,13.3525,13.0925,13.1225,13.1225,3455600
2006-12-19,13.0575,13.22,12.965,13.17,13.17,3253600
2006-12-20,13.185,13.205,13.105,13.115,13.115,2852800
2006-12-21,13.145,13.225,13.0375,13.12,13.12,2786400
2006-12-22,13.165,13.2075,12.9725,13.0275,13.0275,1788000
2006-12-26,13.0275,13.1375,12.975,13.1125,13.1125,1786000
2006-12-27,13.2125,13.32,13.195,13.275,13.275,2362000
2006-12-28,13.215,13.325,13.175,13.2425,13.2425,2239200
2006-12-29,13.2,13.2325,13.0875,13.105,13.105,2997200
2007-01-03,13.0275,13.125,12.7875,12.8925,12.8925,8545600
2007-01-04,12.9375,13.19,12.8875,13.165,13.165,7635600
2007-01-05,13.1875,13.2125,13.025,13.115,13.115,4457200
2007-01-08,13.045,13.1925,12.965,13.1475,13.1475,3542000
2007-01-09,13.195,13.27,13.065,13.1875,13.1875,3908800
2007-01-10,13.065,13.175,12.97,13.1525,13.1525,3450800
2007-01-11,13.255,13.38,13.1875,13.295,13.295,3166800
2007-01-12,13.3625,13.4,13.2125,13.24,13.24,3726400
2007-01-16,13.23,13.425,13.225,13.385,13.385,4164000
2007-01-17,13.395,13.4675,13.2475,13.2775,13.2775,4475200
2007-01-18,13.345,13.3825,13.035,13.0675,13.0675,5179200
2007-01-19,12.9925,13.1425,12.965,13.1025,13.1025,4555200
2007-01-22,13.0625,13.095,12.86,12.99,12.99,4024800
2007-01-23,13.0225,13.17,12.975,13.0675,13.0675,3070400
2007-01-24,13.1325,13.335,13.12,13.315,13.315,3929600
2007-01-25,13.2025,13.23,12.895,12.925,12.925,5040800
2007-01-26,12.9275,13.0125,12.7775,12.955,12.955,3445200
2007-01-29,12.9125,13.0325,12.7875,12.97,12.97,4517600
2007-01-30,12.9425,12.985,12.875,12.9725,12.9725,3138800
2007-01-31,12.995,13.195,12.85,13.15,13.15,3691600
2007-02-01,13.1625,13.3075,12.9825,13.0025,13.0025,5435200
2007-02-02,13.015,13.4575,13.005,13.4525,13.4525,5417600
2007-02-05,13.3975,13.4675,13.33,13.375,13.375,3541600
2007-02-06,13.375,13.4375,13.2175,13.27,13.27,3258000
2007-02-07,13.2775,13.5275,13.21,13.445,13.445,6860800
2007-02-08,13.455,13.5125,13.405,13.43,13.43,4005200
2007-02-09,13.425,13.4475,13.15,13.2625,13.2625,5036000
2007-02-12,13.3075,13.3725,13.245,13.325,13.325,2860000
2007-02-13,13.345,13.48,13.345,13.4275,13.4275,3933600
2007-02-14,13.4375,13.625,13.4125,13.575,13.575,3685600
2007-02-15,13.55,13.735,13.5225,13.705,13.705,3842000
2007-02-16,13.675,13.75,13.6025,13.68,13.68,4590400
2007-02-20,13.58,13.77,13.5075,13.7575,13.7575,3786800
2007-02-21,13.7575,13.7675,13.62,13.7,13.7,2789600
2007-02-22,13.7425,13.7425,13.585,13.7225,13.7225,2474800
2007-02-23,13.72,13.7425,13.5825,13.6725,13.6725,2656000
2007-02-26,13.6625,13.75,13.51,13.545,13.545,3865600
2007-02-27,13.505,13.555,13.1325,13.22,13.22,6168400
2007-02-28,13.105,13.395,13.0075,13.24,13.24,5350800
2007-03-01,13.02,13.33,12.845,13.155,13.155,5378400
2007-03-02,13.0825,13.1425,12.9375,12.96,12.96,4943600
2007-03-05,12.9025,13.04,12.7725,12.8425,12.8425,4501200
2007-03-06,12.8375,13.07,12.7775,13.035,13.035,4109600
2007-03-07,12.955,13.01,12.8825,12.9125,12.9125,3582800
2007-03-08,13.01,13.04,12.895,12.95,12.95,3502400
2007-03-09,13.0775,13.0775,12.895,12.9875,12.9875,3657600
2007-03-12,12.9175,12.9975,12.8825,12.9475,12.9475,2769200
2007-03-13,12.8,12.8725,12.64,12.6525,12.6525,4870400
2007-03-14,12.725,12.8375,12.5675,12.815,12.815,4666000
2007-03-15,12.815,12.9175,12.78,12.8375,12.8375,3775200
2007-03-16,12.835,12.875,12.63,12.7175,12.7175,7324800
2007-03-19,12.7625,12.91,12.7425,12.83,12.83,2938000
2007-03-20,12.825,13.0425,12.79,13.0175,13.0175,3750000
2007-03-21,13.0225,13.3425,12.9975,13.34,13.34,5951200
2007-03-22,13.325,13.44,13.3075,13.4075,13.4075,5875200
2007-03-23,13.4575,13.48,13.3475,13.3725,13.3725,3926800
2007-03-26,13.415,13.455,13.2675,13.4525,13.4525,3422000
2007-03-27,13.3875,13.4675,13.335,13.39,13.39,2622000
2007-03-28,13.38,13.475,13.225,13.2325,13.2325,4332800
2007-03-29,13.2775,13.3275,13.1075,13.2475,13.2475,3980000
2007-03-30,13.265,13.3425,13.1175,13.265,13.265,3818000
2007-04-02,13.385,13.5,13.2775,13.485,13.485,5615200
2007-04-03,13.525,13.6725,13.4975,13.5575,13.5575,5332400
2007-04-04,13.5925,13.69,13.5175,13.6225,13.6225,4704800
2007-04-05,13.65,13.77,13.645,13.7575,13.7575,3261200
2007-04-09,13.7575,13.7875,13.5625,13.5675,13.5675,4259200
2007-04-10,13.5475,13.64,13.5225,13.575,13.575,5578400
2007-04-11,13.5475,13.6,13.44,13.5025,13.5025,3362800
2007-04-12,13.53,13.64,13.5025,13.5975,13.5975,2973600
2007-04-13,13.5625,13.6225,13.515,13.565,13.565,2862000
2007-04-16,13.5425,13.6725,13.525,13.6275,13.6275,3920000
2007-04-17,13.6275,13.6575,13.565,13.6075,13.6075,3237200
2007-04-18,13.5475,13.625,13.47,13.4825,13.4825,4147200
2007-04-19,13.4375,13.465,13.355,13.45,13.45,4812400
2007-04-20,13.6275,13.805,13.4725,13.745,13.745,7513600
2007-04-23,13.7225,13.77,13.6725,13.755,13.755,5158800
2007-04-24,13.725,13.84,13.605,13.7625,13.7625,5462000
2007-04-25,13.75,13.7725,13.6075,13.7125,13.7125,5827600
2007-04-26,13.6775,13.7175,13.26,13.335,13.335,10330000
2007-04-27,13.335,13.4675,13.325,13.4275,13.4275,5081600
2007-04-30,13.405,13.5,13.29,13.2925,13.2925,4188000
2007-05-01,13.2875,13.3925,13.1375,13.2025,13.2025,12169600
2007-05-02,13.2,13.285,13.1375,13.22,13.22,4869200
2007-05-03,13.225,13.24,13.1425,13.2075,13.2075,5602400
2007-05-04,13.24,13.24,13.0275,13.115,13.115,5389200
2007-05-07,13.1175,13.1775,13.05,13.085,13.085,6034800
2007-05-08,13.0375,13.1225,12.9925,13.05,13.05,4323200
2007-05-09,13.025,13.0625,12.955,12.9775,12.9775,7622400
2007-05-10,12.9725,13.1625,12.9375,13.1075,13.1075,9083200
2007-05-11,13.0125,13.2375,13.005,13.2325,13.2325,6345600
2007-05-14,13.2475,13.25,13.1075,13.1525,13.1525,8514000
2007-05-15,13.15,13.3175,13.12,13.16,13.16,6162000
2007-05-16,13.2,13.2925,13.0775,13.2325,13.2325,4469600
2007-05-17,13.3375,13.435,13.2625,13.2675,13.2675,3927600
2007-05-18,13.295,13.4375,13.22,13.3775,13.3775,5258000
2007-05-21,13.3425,13.45,13.325,13.375,13.375,3385200
2007-05-22,13.325,13.375,13.2775,13.3075,13.3075,4141200
2007-05-23,13.3475,13.3725,13.225,13.2425,13.2425,5282000
2007-05-24,13.275,13.29,13.0675,13.0925,13.0925,4442800
2007-05-25,13.0625,13.4475,13.0625,13.435,13.435,6188800
2007-05-29,13.6575,14.225,13.625,14.08,14.08,15093600
2007-05-30,14.0425,14.755,14.04,14.7475,14.7475,16982800
2007-05-31,14.75,14.9625,14.7,14.8125,14.8125,11956800
2007-06-01,14.7825,14.8275,14.625,14.72,14.72,9115600
2007-06-04,14.6075,14.625,14.455,14.5425,14.5425,13388000
2007-06-05,14.405,14.5,14.29,14.4125,14.4125,8322800
2007-06-06,14.435,14.445,14.1775,14.3425,14.3425,7262800
2007-06-07,14.135,14.305,14.1125,14.1125,14.1125,9637200
2007-06-08,13.985,14.3575,13.9275,14.3175,14.3175,8055200
2007-06-11,14.2625,14.3175,14.115,14.1275,14.1275,7608000
2007-06-12,14.125,14.225,14.055,14.1225,14.1225,6626800
2007-06-13,14.1625,14.54,14.0625,14.525,14.525,8740800
2007-06-14,14.5,14.565,14.3625,14.425,14.425,5135200
2007-06-15,14.61,14.885,14.515,14.625,14.625,10523200
2007-06-18,14.6625,14.8975,14.6275,14.685,14.685,6108000
2007-06-19,14.6125,14.76,14.5325,14.7125,14.7125,5018400
2007-06-20,14.6075,14.745,14.4925,14.5075,14.5075,4616800
2007-06-21,14.5,14.68,14.48,14.54,14.54,6517200
2007-06-22,14.5,14.51,14.2225,14.2375,14.2375,9474400
2007-06-25,14.1475,14.25,14.0125,14.0325,14.0325,6917200
2007-06-26,14.1475,14.2375,13.9675,14.2175,14.2175,5308000
2007-06-27,14.0375,14.3125,13.9725,14.2975,14.2975,7823200
2007-06-28,14.3,14.4175,14.2225,14.3125,14.3125,4062800
2007-06-29,14.3025,14.3475,14.1375,14.2,14.2,4226000
2007-07-02,14.2525,14.33,14.1525,14.2025,14.2025,3622000
2007-07-03,14.255,14.265,14.21,14.2475,14.2475,1756800
2007-07-05,14.1575,14.2,14.0,14.13,14.13,4961600
2007-07-06,14.1625,14.3325,14.1375,14.28,14.28,3419600
2007-07-09,14.2975,14.43,14.1625,14.415,14.415,5582400
2007-07-10,14.465,14.58,14.13,14.1625,14.1625,6078000
2007-07-11,14.1725,14.25,14.1075,14.15,14.15,5096800
2007-07-12,14.2125,14.2575,14.125,14.2575,14.2575,4737600
2007-07-13,14.28,14.3075,14.21,14.2725,14.2725,3236000
2007-07-16,14.2125,14.25,14.1475,14.2,14.2,2649200
2007-07-17,14.1975,14.33,14.1325,14.255,14.255,3669600
2007-07-18,14.24,14.3275,14.125,14.24,14.24,6681600
2007-07-19,14.27,14.315,14.125,14.1275,14.1275,6812400
2007-07-20,14.1925,14.1925,13.87,13.8875,13.8875,8700400
2007-07-23,13.99,14.16,13.945,13.9925,13.9925,4516400
2007-07-24,13.9025,14.125,13.64,13.675,13.675,5939600
2007-07-25,13.72,13.7975,13.565,13.6725,13.6725,6934800
2007-07-26,12.8175,13.2475,12.6475,12.7125,12.7125,17521600
2007-07-27,12.72,12.72,12.385,12.385,12.385,10890400
2007-07-30,12.425,12.4875,12.2675,12.4625,12.4625,13290400
2007-07-31,12.5,12.5625,12.355,12.355,12.355,10593200
2007-08-01,12.3125,12.37,12.11,12.2975,12.2975,9033200
2007-08-02,12.215,12.755,12.07,12.375,12.375,32054000
2007-08-03,12.45,12.475,11.93,11.945,11.945,17910400
2007-08-06,11.9475,12.075,11.6825,12.0575,12.0575,16834800
2007-08-07,11.98,12.1025,11.8125,11.8925,11.8925,10476000
2007-08-08,11.9875,12.0,11.52,11.9525,11.9525,11465600
2007-08-09,11.8425,11.9475,11.61,11.685,11.685,14351200
2007-08-10,11.7325,11.875,11.04,11.76,11.76,10123200
2007-08-13,11.825,12.1375,11.6,12.09,12.09,10384000
2007-08-14,12.105,12.2325,11.9175,11.99,11.99,6530400
2007-08-15,11.9825,12.1375,11.875,11.89,11.89,8511200
2007-08-16,11.825,11.975,11.5875,11.92,11.92,10256800
2007-08-17,11.92,12.11,11.6625,12.0775,12.0775,8270000
2007-08-20,12.105,12.1825,11.915,12.0075,12.0075,5432400
2007-08-21,12.005,12.17,11.915,12.005,12.005,7298800
2007-08-22,12.0475,12.1275,11.89,11.9125,11.9125,10531200
2007-08-23,11.9575,12.05,11.8825,11.9875,11.9875,5160000
2007-08-24,11.9325,12.125,11.905,12.0975,12.0975,4269600
2007-08-27,12.0875,12.1275,11.9325,11.9325,11.9325,3987600
2007-08-28,11.8375,11.9325,11.6025,11.6075,11.6075,5826800
2007-08-29,11.66,11.6625,11.4275,11.6575,11.6575,7806000
2007-08-30,11.515,11.8375,11.515,11.655,11.655,4450400
2007-08-31,11.765,11.795,11.6125,11.63,11.63,5412400
2007-09-04,11.6675,11.965,11.615,11.9625,11.9625,7874000
2007-09-05,11.9,11.9325,11.745,11.7625,11.7625,9512000
2007-09-06,11.785,11.825,11.5875,11.82,11.82,7308000
2007-09-07,11.725,11.805,11.565,11.605,11.605,6061600
2007-09-10,11.6825,11.77,11.535,11.645,11.645,11263200
2007-09-11,11.7475,11.85,11.6675,11.735,11.735,5800400
2007-09-12,11.685,11.9375,11.685,11.78,11.78,7236800
2007-09-13,11.895,11.9225,11.69,11.835,11.835,8340800
2007-09-14,11.765,11.9775,11.6925,11.97,11.97,5140400
2007-09-17,11.895,11.9575,11.81,11.85,11.85,5231600
2007-09-18,11.83,12.165,11.8275,12.1525,12.1525,6047200
2007-09-19,12.24,12.4275,12.2,12.3775,12.3775,6128000
2007-09-20,12.3675,12.4,12.275,12.3525,12.3525,5444800
2007-09-21,12.335,12.5,12.29,12.3325,12.3325,9364400
2007-09-24,12.3775,12.535,12.345,12.4125,12.4125,6594400
2007-09-25,12.4225,12.655,12.35,12.615,12.615,6690000
2007-09-26,12.6275,12.7125,12.5375,12.6025,12.6025,6159600
2007-09-27,12.6925,12.775,12.6125,12.7175,12.7175,8352000
2007-09-28,12.745,12.75,12.5775,12.715,12.715,7190000
2007-10-01,12.725,12.97,12.72,12.945,12.945,10677600
2007-10-02,12.9675,13.25,12.83,13.23,13.23,12025600
2007-10-03,13.29,13.8225,13.275,13.75,13.75,17885600
2007-10-04,13.855,13.905,13.595,13.685,13.685,9978000
2007-10-05,13.6925,13.805,13.6,13.705,13.705,6808400
2007-10-08,13.6975,13.725,13.5075,13.625,13.625,2968800
2007-10-09,13.5775,13.6725,13.505,13.665,13.665,5600800
2007-10-10,13.5925,13.755,13.585,13.6875,13.6875,3893200
2007-10-11,13.705,13.8325,13.4725,13.4925,13.4925,7333200
2007-10-12,13.5425,13.69,13.365,13.6225,13.6225,5679200
2007-10-15,13.5175,13.65,13.27,13.39,13.39,7729600
2007-10-16,13.41,13.5925,13.2675,13.2975,13.2975,8750800
2007-10-17,13.43,13.4325,12.985,13.31,13.31,6935200
2007-10-18,13.2275,13.285,13.0775,13.2125,13.2125,4358400
2007-10-19,13.255,13.255,12.8775,12.895,12.895,9185600
2007-10-22,12.8825,13.11,12.795,13.0975,13.0975,5641200
2007-10-23,13.0225,13.1225,12.835,13.115,13.115,4304800
2007-10-24,13.01,13.12,12.7525,13.04,13.04,5405200
2007-10-25,13.4725,13.6725,13.15,13.2675,13.2675,7759600
2007-10-26,13.455,13.62,13.315,13.5275,13.5275,6052800
2007-10-29,13.5475,13.6775,13.525,13.6,13.6,5534800
2007-10-30,13.5125,13.8625,13.455,13.7475,13.7475,7020000
2007-10-31,13.74,13.9475,13.6525,13.85,13.85,5556400
2007-11-01,13.81,13.9725,13.59,13.5975,13.5975,4447600
2007-11-02,13.735,13.905,13.61,13.865,13.865,5536000
2007-11-05,13.75,13.7675,13.525,13.6275,13.6275,5218400
2007-11-06,13.6625,13.7225,13.405,13.5925,13.5925,5359600
2007-11-07,13.4575,13.51,13.22,13.235,13.235,6616400
2007-11-08,13.215,13.31,12.6375,12.8525,12.8525,10274400
2007-11-09,12.73,13.1625,12.6225,12.9775,12.9775,7380400
2007-11-12,12.93,13.24,12.8525,12.97,12.97,6724000
2007-11-13,12.9775,13.2,12.7675,13.1975,13.1975,6049200
2007-11-14,13.1075,13.32,13.025,13.22,13.22,8095200
2007-11-15,13.2275,13.3925,13.1075,13.185,13.185,7672000
2007-11-16,13.29,13.29,13.005,13.1625,13.1625,6517600
2007-11-19,13.08,13.1375,12.8325,12.8925,12.8925,5491600
2007-11-20,12.99,13.125,12.6925,12.9175,12.9175,5560000
2007-11-21,12.9,13.05,12.7625,12.77,12.77,4374800
2007-11-23,12.825,12.8725,12.74,12.815,12.815,1015600
2007-11-26,12.75,12.86,12.335,12.34,12.34,6421600
2007-11-27,12.405,12.75,12.345,12.735,12.735,6302800
2007-11-28,12.84,13.04,12.815,13.0125,13.0125,3875200
2007-11-29,12.9425,13.0525,12.885,13.03,13.03,4333600
2007-11-30,13.065,13.115,12.78,12.8325,12.8325,6383200
2007-12-03,12.78,13.0225,12.765,12.9075,12.9075,3530000
2007-12-04,12.7975,12.8975,12.5775,12.6975,12.6975,4665600
2007-12-05,12.86,13.0725,12.81,12.9125,12.9125,4556000
2007-12-06,12.965,13.305,12.895,13.305,13.305,5149600
2007-12-07,13.3275,13.51,13.2075,13.4275,13.4275,5466400
2007-12-10,13.5075,13.755,13.4275,13.745,13.745,6076000
2007-12-11,13.705,13.8775,13.5075,13.5525,13.5525,9790800
2007-12-12,13.74,13.78,13.535,13.71,13.71,6798400
2007-12-13,13.7375,13.7825,13.2675,13.3475,13.3475,11268800
2007-12-14,13.2875,13.66,13.2525,13.505,13.505,9296400
2007-12-17,13.485,13.5875,13.395,13.465,13.465,4774000
2007-12-18,13.5925,13.6525,13.3475,13.44,13.44,5251200
2007-12-19,13.395,13.63,13.2875,13.535,13.535,6672000
2007-12-20,13.5875,13.635,13.36,13.5725,13.5725,4200800
2007-12-21,13.6725,13.75,13.485,13.67,13.67,8608000
2007-12-24,13.6775,13.8825,13.6025,13.7625,13.7625,2101600
2007-12-26,13.775,13.9275,13.715,13.9275,13.9275,2645200
2007-12-27,13.92,13.9325,13.705,13.7325,13.7325,4514800
2007-12-28,13.835,14.0525,13.71,14.0075,14.0075,6006000
2007-12-31,14.04,14.055,13.8425,13.8725,13.8725,3952400
2008-01-02,13.79,14.2,13.7825,13.815,13.815,11386800
2008-01-03,13.845,13.925,13.6875,13.725,13.725,5380400
2008-01-04,13.7075,13.795,13.3375,13.355,13.355,7042400
2008-01-07,13.4725,13.4725,13.1525,13.36,13.36,7654000
2008-01-08,13.1875,13.6575,13.1875,13.205,13.205,7601200
2008-01-09,13.215,13.4425,13.215,13.395,13.395,8612400
2008-01-10,13.2775,13.55,13.2125,13.42,13.42,7067600
2008-01-11,13.4675,13.485,12.9325,13.0075,13.0075,9076400
2008-01-14,13.1725,13.2475,12.705,12.765,12.765,11915200
2008-01-15,12.675,12.75,12.51,12.51,12.51,13400400
2008-01-16,12.505,12.78,12.4875,12.5375,12.5375,11733200
2008-01-17,12.5875,12.615,12.34,12.375,12.375,9057600
2008-01-18,12.45,12.5575,12.1425,12.3475,12.3475,11128000
2008-01-22,11.8775,12.2675,11.75,12.0275,12.0275,8820800
2008-01-23,11.7025,12.2025,11.6875,12.175,12.175,11786800
2008-01-24,12.055,12.4125,12.0075,12.3275,12.3275,6887600
2008-01-25,12.475,12.475,12.0225,12.0575,12.0575,7607200
2008-01-28,12.085,12.4675,12.045,12.45,12.45,6222000
2008-01-29,12.4575,12.515,12.3375,12.485,12.485,6399200
2008-01-30,12.41,12.6625,12.3975,12.435,12.435,7332000
2008-01-31,12.2975,12.9175,12.2975,12.8425,12.8425,9283200
2008-02-01,12.9175,13.075,12.795,13.0225,13.0225,5937600
2008-02-04,13.055,13.055,12.835,12.91,12.91,3780800
2008-02-05,12.6025,12.72,12.5,12.525,12.525,6970800
2008-02-06,12.5875,12.6975,12.3725,12.3975,12.3975,7435600
2008-02-07,12.215,12.8175,12.18,12.805,12.805,16335600
2008-02-08,12.75,12.885,12.505,12.7,12.7,8368800
2008-02-11,12.7075,12.8375,12.5775,12.815,12.815,5725600
2008-02-12,12.915,13.115,12.81,12.875,12.875,7515200
2008-02-13,12.99,13.14,12.9725,13.0625,13.0625,5752800
2008-02-14,13.06,13.125,12.7675,12.83,12.83,6056800
2008-02-15,12.7725,12.975,12.6775,12.9475,12.9475,5378800
2008-02-19,13.1475,13.1675,12.67,12.6725,12.6725,5060000
2008-02-20,12.6325,12.97,12.62,12.9575,12.9575,5756000
2008-02-21,12.755,12.9975,12.7175,12.7575,12.7575,6364800
2008-02-22,12.8525,13.005,12.77,12.9875,12.9875,4974400
2008-02-25,13.01,13.29,12.9625,13.27,13.27,6414000
2008-02-26,13.2575,13.5625,13.1675,13.485,13.485,5868400
2008-02-27,13.4175,13.675,13.4,13.5525,13.5525,7768400
2008-02-28,13.41,13.445,13.1525,13.2175,13.2175,5070000
2008-02-29,13.0425,13.1675,12.9,13.155,13.155,10188800
2008-03-03,13.1375,13.19,13.0075,13.1125,13.1125,5368800
2008-03-04,13.06,13.35,13.005,13.315,13.315,6859600
2008-03-05,13.3175,13.5,13.1075,13.2625,13.2625,8313200
2008-03-06,13.21,13.21,12.7375,12.745,12.745,8133200
2008-03-07,12.4875,12.7725,12.4575,12.4925,12.4925,12466000
2008-03-10,12.4675,12.5,12.3475,12.35,12.35,5982000
2008-03-11,12.485,12.73,12.3675,12.73,12.73,7418000
2008-03-12,12.635,12.8075,12.3525,12.3825,12.3825,10375600
2008-03-13,12.2425,12.355,12.0425,12.185,12.185,9831200
2008-03-14,12.235,12.3075,11.9275,12.045,12.045,11982800
2008-03-17,11.935,12.08,11.7175,11.87,11.87,11236400
2008-03-18,11.9725,12.0625,11.66,11.8225,11.8225,14216800
2008-03-19,11.93,12.2525,11.9075,12.02,12.02,13532800
2008-03-20,12.0925,12.225,12.0,12.175,12.175,9887600
2008-03-24,12.23,12.515,12.1475,12.3275,12.3275,8779200
2008-03-25,12.3475,12.47,12.2575,12.39,12.39,5658000
2008-03-26,12.35,12.435,12.1125,12.2325,12.2325,4500000
2008-03-27,12.1225,12.23,12.03,12.0425,12.0425,4450400
2008-03-28,12.195,12.195,11.925,11.94,11.94,3941200
2008-03-31,12.0725,12.09,11.915,12.0225,12.0225,7747600
2008-04-01,12.2325,12.72,12.2275,12.7175,12.7175,11036800
2008-04-02,12.6825,12.885,12.5625,12.8275,12.8275,8720000
2008-04-03,12.7925,12.8875,12.655,12.8175,12.8175,5036400
2008-04-04,12.87,12.965,12.695,12.8825,12.8825,4038000
2008-04-07,12.78,12.8675,12.7275,12.745,12.745,3772800
2008-04-08,12.6225,12.7975,12.535,12.6125,12.6125,3716400
2008-04-09,12.6025,12.7325,12.49,12.565,12.565,5355600
2008-04-10,12.6225,12.79,12.5425,12.6525,12.6525,4548400
2008-04-11,12.575,12.5975,12.2625,12.28,12.28,5058000
2008-04-14,12.255,12.38,12.195,12.2025,12.2025,5250000
2008-04-15,12.25,12.2975,12.1175,12.2675,12.2675,4863600
2008-04-16,12.5,12.88,12.5,12.75,12.75,7420400
2008-04-17,12.785,12.8325,12.535,12.7225,12.7225,4840000
2008-04-18,13.0,13.5725,12.8725,13.525,13.525,12344000
2008-04-21,13.4375,13.545,13.2175,13.335,13.335,10558800
2008-04-22,13.21,13.2125,12.8425,12.86,12.86,8878800
2008-04-23,12.985,13.1925,12.88,13.175,13.175,6425200
2008-04-24,13.0275,13.3725,12.9825,13.245,13.245,5257200
2008-04-25,13.2,13.205,12.5175,12.7,12.7,9042800
2008-04-28,12.75,12.825,12.67,12.69,12.69,4800000
2008-04-29,12.62,12.8725,12.62,12.84,12.84,6378800
2008-04-30,12.8075,12.905,12.53,12.6375,12.6375,6342000
2008-05-01,12.6375,13.095,12.2975,13.08,13.08,14104000
2008-05-02,13.4,13.5925,13.2275,13.3575,13.3575,10430000
2008-05-05,13.3775,13.48,13.1325,13.1875,13.1875,4856800
2008-05-06,13.1175,13.42,13.06,13.355,13.355,4796800
2008-05-07,13.3525,13.3525,12.8025,12.9575,12.9575,9617200
2008-05-08,13.055,13.055,12.7775,12.885,12.885,6732400
2008-05-09,12.7725,12.9225,12.65,12.7875,12.7875,2422000
2008-05-12,12.835,13.035,12.6675,13.0125,13.0125,3274800
2008-05-13,13.035,13.2525,12.925,13.2225,13.2225,5376000
2008-05-14,12.9375,13.2225,12.86,12.9025,12.9025,7442400
2008-05-15,12.855,13.1475,12.775,13.105,13.105,5582000
2008-05-16,13.2525,13.26,13.0225,13.1425,13.1425,6614800
2008-05-19,13.1375,13.2725,13.0125,13.1225,13.1225,3797200
2008-05-20,13.095,13.2725,12.89,12.9725,12.9725,4329200
2008-05-21,13.015,13.145,12.685,12.7475,12.7475,8633200
2008-05-22,12.6275,12.8825,12.6275,12.705,12.705,4606800
2008-05-23,12.635,12.635,12.4975,12.585,12.585,5204400
2008-05-27,12.5675,12.8,12.5275,12.73,12.73,7229600
2008-05-28,12.725,12.8525,12.64,12.75,12.75,4368400
2008-05-29,12.775,13.115,12.6875,12.9175,12.9175,4818400
2008-05-30,12.9,13.13,12.8,13.09,13.09,5017600
2008-06-02,13.115,13.1175,12.7,12.78,12.78,4642400
2008-06-03,12.8725,12.9625,12.65,12.7325,12.7325,5370400
2008-06-04,12.655,13.065,12.6075,12.9625,12.9625,4722800
2008-06-05,12.9475,13.175,12.8425,13.1575,13.1575,5958000
2008-06-06,13.05,13.05,12.4875,12.5,12.5,9911200
2008-06-09,12.64,12.6625,12.22,12.34,12.34,6274400
2008-06-10,12.2525,12.53,12.2375,12.4025,12.4025,5638800
2008-06-11,12.285,12.4375,12.0175,12.0225,12.0225,5297600
2008-06-12,12.125,12.6275,12.0,12.535,12.535,12289200
2008-06-13,12.59,12.8075,12.4625,12.58,12.58,6396400
2008-06-16,12.49,12.62,12.295,12.5925,12.5925,4249200
2008-06-17,12.5125,12.52,12.235,12.235,12.235,5975200
2008-06-18,12.1525,12.175,11.9775,12.025,12.025,6089600
2008-06-19,11.9775,12.2475,11.975,12.225,12.225,6695200
2008-06-20,12.08,12.1375,11.9775,12.0375,12.0375,8323600
2008-06-23,12.055,12.2475,11.985,11.995,11.995,5509600
2008-06-24,11.9075,12.0175,11.8025,11.895,11.895,6683200
2008-06-25,12.0,12.2425,11.8525,12.0575,12.0575,4401200
2008-06-26,11.92,11.97,11.67,11.68,11.68,5623200
2008-06-27,11.7475,11.7725,11.4025,11.475,11.475,8874000
2008-06-30,11.4525,11.605,11.325,11.3425,11.3425,7160800
2008-07-01,11.2825,11.4375,11.16,11.325,11.325,9402400
2008-07-02,11.7725,12.11,11.75,11.9375,11.9375,16082000
2008-07-03,11.9125,12.2,11.9125,12.06,12.06,6640000
2008-07-07,12.0275,12.1425,11.72,11.8175,11.8175,9145200
2008-07-08,11.7975,12.0575,11.7075,12.055,12.055,6212400
2008-07-09,12.0125,12.085,11.795,11.8075,11.8075,7903200
2008-07-10,11.855,11.9975,11.6725,11.9775,11.9775,7655600
2008-07-11,11.875,11.9575,11.5575,11.75,11.75,5586000
2008-07-14,11.8025,11.8475,11.6225,11.6525,11.6525,4995600
2008-07-15,11.62,11.805,11.42,11.61,11.61,7339600
2008-07-16,11.5525,12.0025,11.5325,11.9975,11.9975,6737600
2008-07-17,12.045,12.3025,11.97,12.2225,12.2225,5191600
2008-07-18,12.3075,12.3325,11.905,12.0325,12.0325,7731200
2008-07-21,11.6625,11.8375,11.605,11.66,11.66,8504800
2008-07-22,11.7625,12.1575,11.6525,12.1575,12.1575,6193200
2008-07-23,12.09,12.2775,11.92,12.0275,12.0275,7825200
2008-07-24,11.8875,11.9025,11.575,11.6075,11.6075,5909600
2008-07-25,11.725,11.82,11.5925,11.8175,11.8175,4312800
2008-07-28,11.75,11.86,11.52,11.5675,11.5675,5294000
2008-07-29,11.675,12.1325,11.66,12.0425,12.0425,8002400
2008-07-30,12.21,12.6175,12.0775,12.4075,12.4075,17270400
2008-07-31,12.3075,12.37,11.7725,11.955,11.955,11304800
2008-08-01,12.05,12.205,11.7825,12.14,12.14,7220400
2008-08-04,12.1125,12.21,11.995,12.095,12.095,6277600
2008-08-05,12.225,12.46,12.2,12.4375,12.4375,8324400
2008-08-06,12.465,12.6375,12.355,12.59,12.59,5954000
2008-08-07,12.48,12.6425,12.4275,12.4875,12.4875,4818000
2008-08-08,12.4675,12.9,12.4675,12.845,12.845,8501200
2008-08-11,12.6975,12.925,12.61,12.7025,12.7025,5183600
2008-08-12,12.69,12.8775,12.69,12.8,12.8,5737200
2008-08-13,12.76,12.8875,12.5275,12.6825,12.6825,6861600
2008-08-14,12.545,12.9775,12.545,12.88,12.88,4668800
2008-08-15,12.91,13.0075,12.83,12.96,12.96,4349600
2008-08-18,13.0125,13.075,12.6775,12.7375,12.7375,5544400
2008-08-19,12.695,12.7975,12.4375,12.4975,12.4975,4755600
2008-08-20,12.4625,12.585,12.3425,12.465,12.465,4344400
2008-08-21,12.355,12.7575,12.355,12.7175,12.7175,4582800
2008-08-22,12.7825,13.02,12.665,12.9625,12.9625,4943200
2008-08-25,12.82,12.965,12.6925,12.7,12.7,5556800
2008-08-26,12.72,12.8025,12.605,12.755,12.755,3945200
2008-08-27,12.79,13.0625,12.68,12.9725,12.9725,5276000
2008-08-28,13.02,13.1925,12.91,13.1675,13.1675,3251200
2008-08-29,13.0725,13.17,12.8525,12.965,12.965,4406000
2008-09-02,13.205,13.25,12.8625,12.9075,12.9075,4943200
2008-09-03,12.8525,12.9725,12.665,12.9375,12.9375,5403600
2008-09-04,12.905,12.9075,12.4825,12.4825,12.4825,7550000
2008-09-05,12.4475,12.6575,12.295,12.58,12.58,6778000
2008-09-08,12.56,13.01,12.525,12.915,12.915,8794400
2008-09-09,12.8475,13.2275,12.8475,12.8475,12.8475,12024000
2008-09-10,12.9275,13.025,12.7975,12.975,12.975,8920800
2008-09-11,12.8675,13.285,12.8525,13.2575,13.2575,8748000
2008-09-12,13.195,13.6675,13.1,13.585,13.585,14234400
2008-09-15,13.3525,13.4725,13.17,13.22,13.22,9564800
2008-09-16,13.25,13.385,12.89,13.2975,13.2975,14739200
2008-09-17,13.0775,13.205,12.635,12.6375,12.6375,10128000
2008-09-18,12.7775,13.0075,12.405,12.6125,12.6125,13453200
2008-09-19,12.8775,13.2975,12.5075,12.8775,12.8775,14446400
2008-09-22,12.8,12.9475,12.5225,12.53,12.53,5186400
2008-09-23,12.475,12.8075,12.475,12.5625,12.5625,7056400
2008-09-24,12.5875,12.7575,12.32,12.415,12.415,9066000
2008-09-25,12.42,12.7325,12.2525,12.6275,12.6275,5585200
2008-09-26,12.5475,12.5475,12.2325,12.455,12.455,5918000
2008-09-29,12.25,12.3175,10.7625,11.47,11.47,15073200
2008-09-30,11.66,11.8325,11.1775,11.83,11.83,12864800
2008-10-01,11.68,11.72,11.3925,11.5075,11.5075,6659600
2008-10-02,11.475,11.59,11.21,11.235,11.235,7494800
2008-10-03,11.32,11.6625,10.9525,10.9575,10.9575,9201600
2008-10-06,10.9425,10.9425,9.9,10.2725,10.2725,15929200
2008-10-07,10.34,10.525,9.8275,9.8325,9.8325,10460000
2008-10-08,9.7425,10.08,9.2775,9.705,9.705,15758800
2008-10-09,9.725,9.865,9.1575,9.215,9.215,9280000
2008-10-10,9.1125,9.4125,8.355,8.9975,8.9975,16106800
2008-10-13,9.23,9.665,9.1375,9.66,9.66,9303200
2008-10-14,9.9,10.615,9.9,10.4375,10.4375,17840000
2008-10-15,10.2675,10.31,9.2425,9.2425,9.2425,14762000
2008-10-16,9.2125,9.4225,8.5925,9.25,9.25,14481200
2008-10-17,9.0825,9.63,8.74,9.18,9.18,11822400
2008-10-20,9.22,9.4225,9.09,9.415,9.415,8088000
2008-10-21,9.275,9.435,8.9475,8.9675,8.9675,6452400
2008-10-22,8.9475,8.995,8.0925,8.3,8.3,15483600
2008-10-23,8.25,8.3625,7.475,7.8225,7.8225,17575200
2008-10-24,7.3625,7.71,7.3225,7.4775,7.4775,14366000
2008-10-27,7.33,7.575,7.1425,7.2375,7.2375,10112800
2008-10-28,7.56,8.385,7.56,8.38,8.38,15757200
2008-10-29,8.1125,8.125,7.395,7.62,7.62,19918000
2008-10-30,7.8075,8.0675,7.775,8.0325,8.0325,8444800
2008-10-31,7.9625,8.4375,7.905,8.34,8.34,8866000
2008-11-03,8.45,8.525,8.22,8.4775,8.4775,5575600
2008-11-04,8.525,8.93,8.475,8.9125,8.9125,8047600
2008-11-05,8.8375,9.0375,8.535,8.545,8.545,8611600
2008-11-06,8.4225,8.575,8.125,8.19,8.19,9340800
2008-11-07,8.25,8.3625,8.1425,8.3125,8.3125,7912400
2008-11-10,8.5975,8.5975,8.15,8.2275,8.2275,6144800
2008-11-11,8.1475,8.22,7.94,7.9975,7.9975,8975600
2008-11-12,7.87,8.3925,7.8625,8.215,8.215,12549200
2008-11-13,8.19,8.545,7.82,8.5425,8.5425,19825200
2008-11-14,8.4,8.605,8.1825,8.1875,8.1875,13521600
2008-11-17,8.0475,8.2825,7.8725,7.9075,7.9075,9681200
2008-11-18,7.9775,8.1775,7.745,7.995,7.995,8638400
2008-11-19,7.995,8.2175,7.6025,7.605,7.605,7954000
2008-11-20,7.5325,7.8875,7.29,7.34,7.34,16522800
2008-11-21,7.385,7.7925,6.9375,7.5175,7.5175,15303200
2008-11-24,7.795,8.285,7.63,8.2625,8.2625,11314800
2008-11-25,8.3575,8.3575,7.8825,8.14,8.14,9345200
2008-11-26,7.7,8.4325,7.7,8.39,8.39,8297600
2008-11-28,8.28,8.5425,8.26,8.535,8.535,3458400
2008-12-01,8.185,8.39,8.0,8.0025,8.0025,9734000
2008-12-02,8.105,8.3325,7.89,8.1825,8.1825,12274000
2008-12-03,7.98,8.2975,7.8675,8.26,8.26,10350400
2008-12-04,8.11,8.24,7.805,7.9325,7.9325,9076800
2008-12-05,7.87,8.32,7.7,8.2975,8.2975,8057200
2008-12-08,8.3025,8.6,8.2075,8.52,8.52,7037600
2008-12-09,8.395,8.6625,8.295,8.3675,8.3675,6630000
2008-12-10,8.48,8.6625,8.3975,8.54,8.54,5585200
2008-12-11,8.61,8.71,8.2625,8.2975,8.2975,5391600
2008-12-12,8.15,8.4275,8.0675,8.3825,8.3825,4840400
2008-12-15,8.4325,8.435,8.015,8.1375,8.1375,4500000
2008-12-16,8.2675,8.7575,8.1425,8.7525,8.7525,9579200
2008-12-17,8.79,9.1475,8.6475,8.995,8.995,8262000
2008-12-18,8.7475,9.255,8.7475,9.0275,9.0275,8950000
2008-12-19,9.0875,9.42,9.0275,9.11,9.11,10483600
2008-12-22,9.1375,9.1975,8.7925,8.93,8.93,5613200
2008-12-23,8.79,9.085,8.6825,8.7575,8.7575,3764400
2008-12-24,8.6925,8.865,8.6875,8.8125,8.8125,1942000
2008-12-26,8.8075,8.895,8.6875,8.7525,8.7525,1763600
2008-12-29,8.7925,8.7925,8.5,8.6375,8.6375,3154400
2008-12-30,8.6925,8.95,8.6675,8.9075,8.9075,4121600
2008-12-31,8.885,9.145,8.8325,9.0925,9.0925,5823200
2009-01-02,9.01,9.5975,9.01,9.5475,9.5475,5789200
2009-01-05,9.4675,9.55,9.36,9.535,9.535,5165200
2009-01-06,9.5675,9.7575,9.465,9.665,9.665,6029200
2009-01-07,9.535,9.595,9.26,9.315,9.315,7139600
2009-01-08,9.5825,9.5825,9.1375,9.3225,9.3225,4610400
2009-01-09,9.3425,9.3425,8.955,9.0225,9.0225,4287600
2009-01-12,9.045,9.155,8.8225,8.8775,8.8775,5148800
2009-01-13,8.89,8.995,8.8275,8.9175,8.9175,5756400
2009-01-14,8.8075,8.9225,8.5275,8.56,8.56,5628000
2009-01-15,8.555,8.7075,8.39,8.6475,8.6475,7106000
2009-01-16,8.76,8.7775,8.0925,8.3775,8.3775,12444000
2009-01-20,8.4325,8.475,7.9125,7.9175,7.9175,7510400
2009-01-21,8.0775,8.1525,7.8575,8.1475,8.1475,9462400
2009-01-22,7.945,8.14,7.8375,7.97,7.97,10491200
2009-01-23,7.82,8.0225,7.7275,7.88,7.88,7016800
2009-01-26,7.8625,8.115,7.845,7.9875,7.9875,4880400
2009-01-27,7.9625,8.0325,7.87,7.955,7.955,5467600
2009-01-28,8.0825,8.4325,8.015,8.34,8.34,8749600
2009-01-29,8.22,8.3375,8.1125,8.1375,8.1375,6171200
2009-01-30,8.2075,8.27,7.915,7.9375,7.9375,6856000
2009-02-02,7.875,8.0175,7.7825,7.955,7.955,7648400
2009-02-03,8.0025,8.2675,7.8475,8.235,8.235,9188800
2009-02-04,8.3725,8.59,8.2225,8.505,8.505,11990400
2009-02-05,8.36,8.8425,8.2725,8.7925,8.7925,14300800
2009-02-06,8.8425,9.11,8.72,9.075,9.075,9390800
2009-02-09,9.035,9.205,8.925,9.095,9.095,5533200
2009-02-10,8.9775,9.19,8.69,8.6925,8.6925,10770800
2009-02-11,8.8,8.93,8.6625,8.805,8.805,7256400
2009-02-12,8.69,8.865,8.5675,8.8525,8.8525,5609600
2009-02-13,9.02,9.02,8.755,8.8175,8.8175,5532400
2009-02-17,8.5025,8.5675,8.2925,8.44,8.44,8235200
2009-02-18,8.5325,8.59,8.3325,8.4,8.4,7349200
2009-02-19,8.4475,8.5225,8.3,8.3,8.3,5802400
2009-02-20,8.3175,8.46,8.215,8.355,8.355,6948000
2009-02-23,8.4325,8.495,8.19,8.2075,8.2075,7670800
2009-02-24,8.2625,8.5775,8.23,8.56,8.56,12090400
2009-02-25,8.4975,8.5825,8.205,8.4325,8.4325,8665200
2009-02-26,8.5075,8.515,8.175,8.185,8.185,9873200
2009-02-27,8.215,8.32,8.15,8.155,8.155,9976000
2009-03-02,8.1525,8.245,8.0,8.005,8.005,8819600
2009-03-03,8.0625,8.1575,7.79,7.825,7.825,10048800
2009-03-04,7.895,8.065,7.825,7.9825,7.9825,9500000
2009-03-05,7.82,7.915,7.6125,7.6125,7.6125,10319600
2009-03-06,7.6675,7.8225,7.5375,7.675,7.675,10635600
2009-03-09,7.5775,7.7325,7.365,7.41,7.41,8864000
2009-03-10,7.53,7.8325,7.3825,7.8325,7.8325,12130800
2009-03-11,7.8475,8.035,7.7825,7.9675,7.9675,9416800
2009-03-12,7.9275,8.23,7.8125,8.215,8.215,9250000
2009-03-13,8.185,8.2825,8.035,8.2075,8.2075,7366400
2009-03-16,8.2575,8.435,8.1675,8.225,8.225,9907600
2009-03-17,8.25,8.5675,8.2025,8.53,8.53,8910000
2009-03-18,8.5325,8.8625,8.4,8.7925,8.7925,12954400
2009-03-19,8.585,8.8425,8.585,8.6475,8.6475,7373600
2009-03-20,8.7375,8.9,8.4925,8.525,8.525,13892000
2009-03-23,8.79,9.3025,8.6275,9.24,9.24,14575200
2009-03-24,9.0775,9.125,8.89,8.8975,8.8975,8401600
2009-03-25,8.97,9.1625,8.7725,9.035,9.035,10675600
2009-03-26,9.145,9.2575,9.0375,9.245,9.245,9338800
2009-03-27,9.19,9.28,8.9375,8.9425,8.9425,8500800
2009-03-30,8.85,8.925,8.7325,8.835,8.835,12519200
2009-03-31,8.8925,9.225,8.805,9.115,9.115,11239600
2009-04-01,9.36,9.36,9.0475,9.18,9.18,14309600
2009-04-02,8.9625,9.3325,8.9625,9.21,9.21,17359200
2009-04-03,9.275,9.2975,9.085,9.2525,9.2525,11990000
2009-04-06,9.26,9.26,9.03,9.19,9.19,10546000
2009-04-07,9.0525,9.125,8.93,8.94,8.94,8576000
2009-04-08,9.0325,9.1225,8.94,9.0675,9.0675,9653200
2009-04-09,9.2925,9.2925,9.015,9.125,9.125,13120800
2009-04-13,9.065,9.185,8.9775,9.1125,9.1125,8106000
2009-04-14,9.275,9.275,8.98,9.095,9.095,8416400
2009-04-15,9.0075,9.15,9.0025,9.145,9.145,10050000
2009-04-16,9.22,9.3975,9.185,9.36,9.36,9026800
2009-04-17,9.37,9.375,9.1,9.1675,9.1675,13498400
2009-04-20,9.0125,9.0625,8.9425,8.9625,8.9625,9575200
2009-04-21,8.9225,9.15,8.9125,9.145,9.145,9952800
2009-04-22,8.95,9.2375,8.95,9.0175,9.0175,11395200
2009-04-23,8.8925,9.015,8.8025,8.9775,8.9775,7821600
2009-04-24,9.0075,9.2425,8.89,9.1675,9.1675,9568800
2009-04-27,9.0,9.225,9.0,9.075,9.075,8053200
2009-04-28,9.0025,9.1325,8.995,9.0375,9.0375,7604800
2009-04-29,9.08,9.395,9.0,9.26,9.26,11546800
2009-04-30,9.3225,9.4025,9.1975,9.33,9.33,10999200
2009-05-01,9.395,10.0725,9.395,9.8975,9.8975,12650400
2009-05-04,9.73,10.0525,9.695,9.8425,9.8425,14295600
2009-05-05,9.825,9.9425,9.7375,9.915,9.915,7268800
2009-05-06,9.9425,10.03,9.8075,9.9875,9.9875,9078800
2009-05-07,9.96,10.12,9.815,9.9025,9.9025,9710800
2009-05-08,9.9325,10.1,9.9025,10.0325,10.0325,12126000
2009-05-11,9.93,10.1425,9.8025,10.0325,10.0325,9108400
2009-05-12,10.055,10.1625,9.87,9.985,9.985,6372400
2009-05-13,10.0375,10.0375,9.7975,9.8275,9.8275,7712800
2009-05-14,9.9325,9.95,9.8125,9.9025,9.9025,8208000
2009-05-15,9.8525,10.0875,9.8025,10.01,10.01,8080800
2009-05-18,10.04,10.4425,10.025,10.4425,10.4425,9779200
2009-05-19,10.335,10.3825,10.21,10.25,10.25,7926000
2009-05-20,10.36,10.5175,10.2625,10.3375,10.3375,10809200
2009-05-21,10.2375,10.35,10.01,10.125,10.125,8326800
2009-05-22,10.175,10.3075,10.125,10.18,10.18,5208800
2009-05-26,10.08,10.4875,10.0,10.4825,10.4825,8164000
2009-05-27,10.49,10.535,10.2475,10.2625,10.2625,7716800
2009-05-28,10.3725,10.45,10.2125,10.435,10.435,7779600
2009-05-29,10.43,10.5975,10.2775,10.59,10.59,7649200
2009-06-01,10.595,11.035,10.55,11.0,11.0,9602800
2009-06-02,11.0175,11.2125,10.8875,11.155,11.155,9991200
2009-06-03,11.04,11.205,11.015,11.17,11.17,9492000
2009-06-04,11.15,11.2975,11.05,11.2975,11.2975,8957600
2009-06-05,11.315,11.4825,11.2975,11.45,11.45,9652000
2009-06-08,11.3825,11.5475,11.305,11.4725,11.4725,8641600
2009-06-09,11.53,11.5825,11.44,11.5175,11.5175,6694800
2009-06-10,11.5775,11.625,11.445,11.5575,11.5575,7690800
2009-06-11,11.585,11.785,11.585,11.68,11.68,6381600
2009-06-12,11.7425,11.7425,11.5425,11.665,11.665,5790400
2009-06-15,11.5475,11.6825,11.51,11.55,11.55,8576800
2009-06-16,11.5725,11.6675,11.4575,11.4625,11.4625,7286800
2009-06-17,11.445,11.645,11.42,11.5425,11.5425,6828000
2009-06-18,11.53,11.545,11.3,11.3775,11.3775,7660400
2009-06-19,11.4925,11.58,11.3525,11.4475,11.4475,7748800
2009-06-22,11.2575,11.405,11.0625,11.13,11.13,8208800
2009-06-23,11.1675,11.2425,11.0075,11.0625,11.0625,7819600
2009-06-24,11.1175,11.335,11.1175,11.25,11.25,7190000
2009-06-25,11.3475,11.4475,11.075,11.4275,11.4275,6242800
2009-06-26,11.3275,11.5525,11.2725,11.5,11.5,4832400
2009-06-29,11.4975,11.54,11.315,11.4375,11.4375,4739200
2009-06-30,11.42,11.5125,11.335,11.4275,11.4275,5122800
2009-07-01,11.47,11.6875,11.3175,11.5875,11.5875,5498000
2009-07-02,11.515,11.555,11.2425,11.2725,11.2725,7252400
2009-07-06,11.2575,11.2875,11.0975,11.22,11.22,6652400
2009-07-07,11.2525,11.2625,11.025,11.0275,11.0275,6019600
2009-07-08,11.085,11.12,10.9725,11.05,11.05,10214000
2009-07-09,10.9625,11.1275,10.9075,11.07,11.07,6433200
2009-07-10,10.9825,11.195,10.785,11.1475,11.1475,7509600
2009-07-13,11.13,11.4,10.9425,11.3875,11.3875,7275600
2009-07-14,11.32,11.725,11.27,11.7,11.7,8346800
2009-07-15,11.725,11.825,11.615,11.79,11.79,9904400
2009-07-16,11.775,11.975,11.645,11.9375,11.9375,5135200
2009-07-17,11.975,11.9975,11.8325,11.9775,11.9775,5232000
2009-07-20,11.9825,12.1075,11.915,12.065,12.065,4440800
2009-07-21,12.155,12.155,11.915,12.0325,12.0325,5758000
2009-07-22,12.0075,12.06,11.9,12.0225,12.0225,4246400
2009-07-23,12.0,12.4225,11.925,12.35,12.35,7902400
2009-07-24,12.2275,12.385,12.2,12.32,12.32,5204800
2009-07-27,12.2875,12.3125,12.135,12.3075,12.3075,6979600
2009-07-28,12.2625,12.415,12.105,12.3825,12.3825,4919200
2009-07-29,12.3475,12.7275,12.3075,12.61,12.61,7584800
2009-07-30,12.495,12.495,11.925,11.9625,11.9625,12324800
2009-07-31,11.9625,12.115,11.8125,11.8525,11.8525,7196800
2009-08-03,11.8575,12.0325,11.8575,11.9825,11.9825,7792400
2009-08-04,11.9625,12.25,11.9125,12.175,12.175,8322800
2009-08-05,12.205,12.235,11.91,11.9625,11.9625,5031600
2009-08-06,12.01,12.075,11.7475,11.7925,11.7925,4822800
2009-08-07,11.9975,12.105,11.9225,12.0625,12.0625,5120000
2009-08-10,11.995,12.08,11.945,12.0575,12.0575,5699600
2009-08-11,12.045,12.0725,11.81,11.8325,11.8325,5778400
2009-08-12,11.875,12.11,11.7775,12.015,12.015,5879600
2009-08-13,12.05,12.0875,11.9025,12.0275,12.0275,3100800
2009-08-14,12.0225,12.025,11.825,11.9325,11.9325,4460400
2009-08-17,11.8325,11.9625,11.775,11.7825,11.7825,7160800
2009-08-18,11.81,11.91,11.76,11.8625,11.8625,3418000
2009-08-19,11.6875,12.0375,11.67,12.0125,12.0125,4399200
2009-08-20,12.12,12.12,11.8975,11.9625,11.9625,3763600
2009-08-21,11.7925,12.2925,11.7925,12.2725,12.2725,4834800
2009-08-24,12.2925,12.365,12.2425,12.325,12.325,4643600
2009-08-25,12.39,12.4375,12.3,12.375,12.375,5764800
2009-08-26,12.4225,12.4725,12.3225,12.365,12.365,4029200
2009-08-27,12.3575,12.4225,12.155,12.405,12.405,3156000
2009-08-28,12.4475,12.4775,12.19,12.3025,12.3025,2698400
2009-08-31,12.1875,12.3075,12.02,12.0625,12.0625,4972400
2009-09-01,12.04,12.3025,11.8825,11.8875,11.8875,7478000
2009-09-02,11.7975,11.885,11.7725,11.82,11.82,6317200
2009-09-03,11.8,11.8425,11.6,11.72,11.72,7102400
2009-09-04,11.7575,12.01,11.685,11.955,11.955,4913600
2009-09-08,11.9775,11.98,11.8775,11.9125,11.9125,5335600
2009-09-09,11.915,12.1675,11.8675,12.1525,12.1525,8668400
2009-09-10,12.1225,12.13,11.9925,12.13,12.13,3510800
2009-09-11,12.115,12.13,11.995,12.0,12.0,4501200
2009-09-14,11.9425,12.0525,11.8675,12.04,12.04,5466000
2009-09-15,12.0275,12.2075,11.9725,12.1725,12.1725,4500800
2009-09-16,12.17,12.34,12.0325,12.3,12.3,5307600
2009-09-17,12.3025,12.43,12.2675,12.3475,12.3475,3735600
2009-09-18,12.45,12.45,12.2925,12.3575,12.3575,6275200
2009-09-21,12.32,12.4675,12.2525,12.4125,12.4125,4213600
2009-09-22,12.46,12.46,12.26,12.33,12.33,3774800
2009-09-23,12.3475,12.4275,12.2475,12.265,12.265,7245200
2009-09-24,12.2925,12.32,12.075,12.1075,12.1075,5703200
2009-09-25,12.3,12.3,12.0525,12.115,12.115,6019200
2009-09-28,12.1525,12.3025,12.1,12.25,12.25,5664800
2009-09-29,12.2075,12.29,11.98,11.99,11.99,6010400
2009-09-30,11.995,12.1425,11.775,12.05,12.05,8852800
2009-10-01,11.9925,12.03,11.6775,11.755,11.755,9987600
2009-10-02,11.735,11.8275,11.665,11.71,11.71,4734400
2009-10-05,11.7725,11.8675,11.665,11.8475,11.8475,4283600
2009-10-06,11.8825,12.0275,11.725,11.9825,11.9825,4072400
2009-10-07,11.9275,12.085,11.8725,12.0575,12.0575,5137600
2009-10-08,12.1775,12.245,12.08,12.12,12.12,4440400
2009-10-09,12.12,12.2625,12.0175,12.26,12.26,4131200
2009-10-12,12.2225,12.3125,12.13,12.2175,12.2175,2867600
2009-10-13,12.175,12.185,12.0675,12.1525,12.1525,4172800
2009-10-14,12.2475,12.2825,12.155,12.275,12.275,3923200
2009-10-15,12.2675,12.32,12.185,12.2775,12.2775,2986800
2009-10-16,12.31,12.3175,11.9825,12.0875,12.0875,7486400
2009-10-19,12.11,12.365,12.09,12.3575,12.3575,7404400
2009-10-20,12.3325,12.3475,12.1975,12.295,12.295,5303600
2009-10-21,12.2825,12.5,12.2725,12.325,12.325,6113200
2009-10-22,12.36,12.3975,12.1225,12.35,12.35,5140800
2009-10-23,12.22,12.42,12.1375,12.1525,12.1525,4184400
2009-10-26,12.135,12.4125,12.0525,12.1975,12.1975,6456000
2009-10-27,12.235,12.39,12.165,12.27,12.27,6377200
2009-10-28,12.0,12.05,11.5,11.535,11.535,13414400
2009-10-29,11.595,11.7075,11.475,11.6575,11.6575,5630000
2009-10-30,11.61,11.7125,11.435,11.4675,11.4675,7873600
2009-11-02,11.4425,11.7725,11.3525,11.4125,11.4125,12445600
2009-11-03,11.4025,11.54,11.2625,11.5275,11.5275,8840000
2009-11-04,11.54,11.715,11.445,11.58,11.58,5455600
2009-11-05,11.7125,11.945,11.6275,11.925,11.925,4859200
2009-11-06,11.91,11.945,11.765,11.895,11.895,3486800
2009-11-09,11.91,12.16,11.9025,12.16,12.16,4072000
2009-11-10,12.0875,12.175,12.045,12.12,12.12,3542800
2009-11-11,12.0925,12.22,12.0225,12.1275,12.1275,3042000
2009-11-12,12.115,12.21,11.9225,11.9425,11.9425,3662000
2009-11-13,11.995,12.0025,11.81,11.9575,11.9575,7815200
2009-11-16,11.9625,12.1725,11.93,12.14,12.14,3439200
2009-11-17,12.1525,12.21,12.0475,12.1825,12.1825,4758400
2009-11-18,12.12,12.2375,12.0125,12.17,12.17,4867200
2009-11-19,12.0775,12.12,11.8675,11.94,11.94,4033200
2009-11-20,11.8375,11.9525,11.7625,11.8125,11.8125,5346800
2009-11-23,11.9775,12.09,11.86,11.9775,11.9775,6205600
2009-11-24,11.9475,11.9775,11.72,11.73,11.73,6899200
2009-11-25,11.82,11.8425,11.7,11.825,11.825,5108800
2009-11-27,11.575,11.745,11.535,11.5725,11.5725,3033200
2009-11-30,11.545,11.5825,11.3875,11.56,11.56,5262800
2009-12-01,11.6525,11.8925,11.6025,11.87,11.87,6615200
2009-12-02,11.8525,11.9625,11.7975,11.86,11.86,4394800
2009-12-03,11.85,11.8975,11.585,11.5925,11.5925,5044800
2009-12-04,11.7625,11.885,11.6225,11.77,11.77,5041600
2009-12-07,11.73,11.8775,11.73,11.7525,11.7525,6332000
2009-12-08,11.6775,11.745,11.545,11.685,11.685,4524000
2009-12-09,11.6425,11.69,11.5,11.6675,11.6675,4862800
2009-12-10,11.6775,11.79,11.61,11.6725,11.6725,3060800
2009-12-11,11.9675,11.9675,11.6875,11.76,11.76,3462400
2009-12-14,11.83,11.9175,11.815,11.8975,11.8975,3417200
2009-12-15,11.8375,11.98,11.8,11.82,11.82,4114000
2009-12-16,11.82,11.9425,11.795,11.8675,11.8675,3372400
2009-12-17,11.795,11.82,11.29,11.7625,11.7625,5270800
2009-12-18,11.815,11.9075,11.7475,11.9075,11.9075,8904400
2009-12-21,11.9225,12.105,11.9225,12.055,12.055,4708400
2009-12-22,12.055,12.13,11.9975,12.09,12.09,3572000
2009-12-23,12.1025,12.185,12.01,12.1625,12.1625,3229600
2009-12-24,12.17,12.225,12.125,12.2075,12.2075,1653200
2009-12-28,12.2,12.225,12.0975,12.215,12.215,1614400
2009-12-29,12.225,12.2825,12.165,12.24,12.24,2393200
2009-12-30,12.2325,12.365,12.2175,12.2775,12.2775,1944000
2009-12-31,12.275,12.2925,12.1175,12.12,12.12,2702800
2010-01-04,12.2575,12.37,12.205,12.3575,12.3575,5072000
2010-01-05,12.3125,12.4125,12.2875,12.41,12.41,5348000
2010-01-06,12.355,12.405,12.2575,12.3575,12.3575,5556400
2010-01-07,12.315,12.315,12.185,12.3,12.3,4806800
2010-01-08,12.1475,12.195,11.9775,12.1625,12.1625,6077200
2010-01-11,12.19,12.245,12.125,12.2275,12.2275,5786000
2010-01-12,12.165,12.215,12.08,12.12,12.12,3304000
2010-01-13,12.1975,12.2725,12.125,12.2225,12.2225,3623200
2010-01-14,12.155,12.2375,12.1325,12.1875,12.1875,2330800
2010-01-15,12.1525,12.255,11.9125,11.985,11.985,4349600
2010-01-19,11.9425,12.17,11.935,12.165,12.165,3692800
2010-01-20,12.0675,12.09,11.8725,11.9975,11.9975,4244000
2010-01-21,11.995,11.995,11.67,11.675,11.675,6829200
2010-01-22,11.6775,11.775,11.4325,11.45,11.45,6256000
2010-01-25,11.465,11.5875,11.44,11.52,11.52,7760400
2010-01-26,11.475,11.53,11.3825,11.3825,11.3825,4373200
2010-01-27,11.37,11.525,11.3475,11.5025,11.5025,6179600
2010-01-28,11.5025,11.5025,11.3,11.355,11.355,7303200
2010-01-29,11.425,11.465,11.25,11.26,11.26,7722400
2010-02-01,11.295,11.4625,11.2,11.45,11.45,6859600
2010-02-02,11.43,11.625,11.325,11.6,11.6,7635200
2010-02-03,11.68,11.885,11.625,11.7475,11.7475,6966000
2010-02-04,11.6325,11.6825,11.4225,11.425,11.425,7309200
2010-02-05,11.41,11.45,11.2075,11.4325,11.4325,7327600
2010-02-08,11.27,11.4325,11.2575,11.315,11.315,4688000
2010-02-09,11.405,11.49,11.3,11.37,11.37,7225200
2010-02-10,11.345,11.4425,11.265,11.3825,11.3825,4794800
2010-02-11,11.35,11.6375,11.2675,11.61,11.61,6241600
2010-02-12,11.525,11.6575,11.455,11.5875,11.5875,6219200
2010-02-16,11.655,11.7375,11.5675,11.7375,11.7375,3937600
2010-02-17,11.765,11.8125,11.7175,11.78,11.78,4187600
2010-02-18,11.8075,11.81,11.7075,11.765,11.765,4332400
2010-02-19,11.72,11.98,11.6775,11.8975,11.8975,6017600
2010-02-22,11.9425,11.96,11.7975,11.8275,11.8275,4539200
2010-02-23,11.7875,11.8975,11.7175,11.7625,11.7625,4114400
2010-02-24,11.8525,11.9475,11.805,11.9225,11.9225,4377600
2010-02-25,11.765,12.0075,11.7225,11.9825,11.9825,6572400
2010-02-26,12.005,12.07,11.9075,12.0525,12.0525,6241200
2010-03-01,12.0825,12.265,12.005,12.2275,12.2275,6192400
2010-03-02,12.2725,12.315,12.175,12.2625,12.2625,6155600
2010-03-03,12.325,12.4825,12.275,12.3025,12.3025,8088800
2010-03-04,12.3075,12.3375,12.2,12.2875,12.2875,4698400
2010-03-05,12.3,12.4875,12.2475,12.4325,12.4325,8402400
2010-03-08,12.39,12.5,12.365,12.4775,12.4775,4646000
2010-03-09,12.425,12.555,12.41,12.515,12.515,6964800
2010-03-10,12.47,12.625,12.4425,12.625,12.625,5114000
2010-03-11,12.56,12.5825,12.485,12.5625,12.5625,5908800
2010-03-12,12.5875,12.625,12.54,12.605,12.605,4474000
2010-03-15,12.5975,12.7025,12.5625,12.6725,12.6725,6953600
2010-03-16,12.69,12.7075,12.5975,12.665,12.665,5217600
2010-03-17,12.7375,12.895,12.64,12.815,12.815,5789200
2010-03-18,12.805,12.8475,12.75,12.77,12.77,4003200
2010-03-19,12.8575,12.8675,12.625,12.67,12.67,8669600
2010-03-22,12.645,12.855,12.5975,12.8175,12.8175,3837600
2010-03-23,12.8175,12.8225,12.68,12.75,12.75,6023200
2010-03-24,12.7,12.74,12.6325,12.6775,12.6775,5500400
2010-03-25,12.7175,12.7525,12.5725,12.5725,12.5725,4212400
2010-03-26,12.645,12.665,12.525,12.6025,12.6025,4474800
2010-03-29,12.6125,12.7,12.5825,12.6325,12.6325,3418400
2010-03-30,12.5975,12.7225,12.55,12.6875,12.6875,4901200
2010-03-31,12.6775,12.7625,12.6625,12.69,12.69,4237200
2010-04-01,12.64,12.855,12.64,12.7825,12.7825,7764800
2010-04-05,12.785,12.875,12.7625,12.85,12.85,2559200
2010-04-06,12.7875,12.89,12.765,12.8675,12.8675,3790800
2010-04-07,12.81,12.8375,12.735,12.7925,12.7925,4250400
2010-04-08,12.7275,12.86,12.6475,12.815,12.815,4122000
2010-04-09,12.875,12.94,12.78,12.94,12.94,2112400
2010-04-12,12.9475,12.975,12.8975,12.9425,12.9425,5200800
2010-04-13,12.91,12.98,12.8275,12.9475,12.9475,3801600
2010-04-14,12.945,13.0775,12.9225,13.0775,13.0775,4211200
2010-04-15,13.0725,13.3925,13.06,13.37,13.37,6566800
2010-04-16,13.3325,13.355,13.1325,13.2525,13.2525,7666000
2010-04-19,13.2175,13.2975,13.1525,13.2975,13.2975,4906800
2010-04-20,13.325,13.42,13.2775,13.3775,13.3775,4743600
2010-04-21,13.305,13.3925,13.2475,13.3775,13.3775,5590000
2010-04-22,13.305,13.4825,13.22,13.46,13.46,4862000
2010-04-23,13.48,13.55,13.34,13.5225,13.5225,3624800
2010-04-26,13.735,13.7925,13.5225,13.5375,13.5375,4511200
2010-04-27,13.4925,13.69,13.3725,13.41,13.41,5900400
2010-04-28,13.515,13.56,13.365,13.5075,13.5075,6455200
2010-04-29,13.5425,13.7025,13.4775,13.6725,13.6725,5432000
2010-04-30,12.9525,13.0175,12.67,12.7825,12.7825,21079600
2010-05-03,12.695,13.03,12.695,13.03,13.03,9321600
2010-05-04,12.895,12.895,12.63,12.745,12.745,6590800
2010-05-05,12.8,12.925,12.5725,12.7375,12.7375,5532000
2010-05-06,12.63,13.8175,12.5,12.93,12.93,42867200
2010-05-07,12.825,13.015,12.55,12.755,12.755,13837600
2010-05-10,13.11,13.38,12.935,13.175,13.175,8441600
2010-05-11,13.0825,13.24,13.025,13.0975,13.0975,6631200
2010-05-12,13.1675,13.3225,12.9825,13.1425,13.1425,11283600
2010-05-13,13.0,13.015,12.4525,12.4875,12.4875,18769600
2010-05-14,12.435,12.515,12.3175,12.4325,12.4325,9952400
2010-05-17,12.45,12.605,12.3025,12.5075,12.5075,6457200
2010-05-18,12.6575,12.685,12.2975,12.3225,12.3225,11486400
2010-05-19,12.155,12.31,12.1075,12.19,12.19,8618400
2010-05-20,12.0275,12.1275,11.7075,11.7225,11.7225,11146400
2010-05-21,11.585,11.875,11.44,11.8575,11.8575,10212400
2010-05-24,11.7975,11.83,11.635,11.665,11.665,6731600
2010-05-25,11.5025,11.715,11.4025,11.7075,11.7075,8265600
2010-05-26,11.82,11.8875,11.6,11.6125,11.6125,10923600
2010-05-27,11.79,12.0125,11.7575,12.0125,12.0125,6697200
2010-05-28,11.9475,12.0,11.825,11.8875,11.8875,5757600
2010-06-01,11.8225,11.93,11.615,11.63,11.63,6774800
2010-06-02,11.6525,11.7975,11.5225,11.79,11.79,6782800
2010-06-03,11.78,11.9625,11.68,11.905,11.905,6633200
2010-06-04,11.725,11.8275,11.53,11.555,11.555,6252800
2010-06-07,11.575,11.615,11.3325,11.3325,11.3325,6718000
2010-06-08,11.3425,11.455,11.2325,11.43,11.43,8149200
2010-06-09,11.445,11.6725,11.405,11.435,11.435,8233600
2010-06-10,11.5975,11.7975,11.51,11.79,11.79,4840000
2010-06-11,11.7675,11.895,11.7475,11.8775,11.8775,5249200
2010-06-14,11.9475,12.0425,11.8825,11.9575,11.9575,7974400
2010-06-15,12.025,12.235,11.995,12.2275,12.2275,6448800
2010-06-16,12.14,12.24,12.09,12.1875,12.1875,3509600
2010-06-17,12.2525,12.2525,12.1275,12.2025,12.2025,3200000
2010-06-18,12.2,12.2975,12.135,12.22,12.22,5180000
2010-06-21,12.3125,12.35,12.0525,12.1225,12.1225,4320800
2010-06-22,12.02,12.2675,11.93,11.955,11.955,3345200
2010-06-23,11.955,12.0,11.835,11.9125,11.9125,3301600
2010-06-24,11.84,11.9075,11.6875,11.7025,11.7025,3227600
2010-06-25,11.72,11.855,11.675,11.765,11.765,10340800
2010-06-28,11.81,11.8325,11.645,11.7625,11.7625,3504800
2010-06-29,11.6425,11.67,11.385,11.4825,11.4825,6722000
2010-06-30,11.44,11.8,11.3625,11.415,11.415,6136000
2010-07-01,11.43,11.5375,11.2875,11.455,11.455,4658000
2010-07-02,11.4725,11.4775,11.275,11.3675,11.3675,2560000
2010-07-06,11.4525,11.535,11.2825,11.375,11.375,6940400
2010-07-07,11.355,11.605,11.355,11.59,11.59,6414400
2010-07-08,11.6375,11.6725,11.425,11.5175,11.5175,9631200
2010-07-09,11.475,11.605,11.475,11.565,11.565,4400000
2010-07-12,11.5175,11.5925,11.445,11.5025,11.5025,5684400
2010-07-13,11.585,11.8025,11.565,11.775,11.775,5066400
2010-07-14,11.7725,11.86,11.7025,11.7725,11.7725,2934400
2010-07-15,11.7625,11.825,11.65,11.795,11.795,3727600
2010-07-16,11.8025,11.8025,11.3925,11.4,11.4,5888400
2010-07-19,11.42,11.5,11.2925,11.43,11.43,4059600
2010-07-20,11.275,11.5825,11.2125,11.58,11.58,4446400
2010-07-21,11.61,11.6175,11.3,11.3175,11.3175,4157200
2010-07-22,11.4025,11.705,11.4025,11.6375,11.6375,3871600
2010-07-23,11.5825,11.815,11.5475,11.805,11.805,3459600
2010-07-26,11.78,11.91,11.72,11.9075,11.9075,3660000
2010-07-27,11.94,11.985,11.88,11.9075,11.9075,3684800
2010-07-28,11.905,12.375,11.845,12.22,12.22,11893600
2010-07-29,12.285,12.39,12.175,12.305,12.305,5677200
2010-07-30,12.1875,12.575,12.1875,12.525,12.525,8032400
2010-08-02,12.625,12.7375,12.5825,12.7075,12.7075,3622000
2010-08-03,12.635,12.7175,12.5525,12.665,12.665,3090000
2010-08-04,12.7,12.73,12.515,12.65,12.65,3755600
2010-08-05,12.585,12.7325,12.575,12.72,12.72,5309600
2010-08-06,12.64,12.7425,12.53,12.7175,12.7175,5148400
2010-08-09,12.75,12.8625,12.7425,12.8425,12.8425,3842800
2010-08-10,12.755,12.8125,12.5775,12.7,12.7,4196800
2010-08-11,12.2525,12.52,12.25,12.46,12.46,6875200
2010-08-12,12.3375,12.465,12.3125,12.4075,12.4075,4986400
2010-08-13,12.3525,12.4025,12.2025,12.2975,12.2975,3626000
2010-08-16,12.2625,12.535,12.19,12.5175,12.5175,4589600
2010-08-17,12.875,12.9375,12.6825,12.7525,12.7525,7329200
2010-08-18,12.7275,12.93,12.675,12.9,12.9,6410400
2010-08-19,12.8525,12.9425,12.685,12.7325,12.7325,6021600
2010-08-20,12.73,12.835,12.6825,12.815,12.815,4795600
2010-08-23,12.85,12.925,12.66,12.685,12.685,3898000
2010-08-24,12.6,12.6675,12.4475,12.56,12.56,4026000
2010-08-25,12.4875,12.6575,12.4425,12.615,12.615,3986800
2010-08-26,12.615,12.7,12.5325,12.535,12.535,3776400
2010-08-27,12.59,12.76,12.42,12.7475,12.7475,3614800
2010-08-30,12.695,12.755,12.51,12.515,12.515,3761200
2010-08-31,12.4475,12.59,12.405,12.5025,12.5025,4049600
2010-09-01,12.6625,12.925,12.5775,12.9125,12.9125,4711200
2010-09-02,12.93,13.1325,12.885,13.13,13.13,4219200
2010-09-03,13.2475,13.25,13.085,13.245,13.245,3220400
2010-09-07,13.2325,13.25,12.9325,12.9425,12.9425,5119600
2010-09-08,13.0175,13.06,12.9125,12.9975,12.9975,3842800
2010-09-09,13.1075,13.1125,13.005,13.0575,13.0575,2697600
2010-09-10,13.095,13.205,13.02,13.175,13.175,2189600
2010-09-13,13.325,13.3625,13.22,13.34,13.34,3619200
2010-09-14,13.285,13.425,13.2375,13.38,13.38,3473200
2010-09-15,13.0775,13.4625,13.0775,13.45,13.45,3587200
2010-09-16,13.4075,13.47,13.3075,13.3525,13.3525,2576800
2010-09-17,13.37,13.4825,13.33,13.39,13.39,6258800
2010-09-20,13.4025,13.5775,13.3125,13.5675,13.5675,3661600
2010-09-21,13.535,13.58,13.405,13.51,13.51,3543200
2010-09-22,13.53,13.67,13.4175,13.4425,13.4425,2994800
2010-09-23,13.365,13.625,13.325,13.4775,13.4775,3484800
2010-09-24,13.635,13.7725,13.5775,13.77,13.77,3615600
2010-09-27,13.73,13.7475,13.5275,13.545,13.545,6431600
2010-09-28,13.6075,13.6275,13.275,13.4975,13.4975,6922000
2010-09-29,13.4275,13.505,13.3,13.3875,13.3875,5514000
2010-09-30,13.5175,13.625,13.3375,13.455,13.455,3700400
2010-10-01,13.595,13.695,13.3725,13.375,13.375,5445600
2010-10-04,13.34,13.48,13.2775,13.41,13.41,6492800
2010-10-05,13.495,13.68,13.4825,13.6075,13.6075,5214800
2010-10-06,13.5725,13.6075,13.4775,13.54,13.54,4188000
2010-10-07,13.5475,13.635,13.4775,13.5275,13.5275,5152000
2010-10-08,13.5,13.6625,13.38,13.635,13.635,3775600
2010-10-11,13.595,13.62,13.4375,13.5675,13.5675,2286000
2010-10-12,13.5575,13.565,13.38,13.5225,13.5225,4946800
2010-10-13,13.5625,13.7,13.5125,13.5825,13.5825,4327600
2010-10-14,13.56,13.7425,13.5325,13.63,13.63,3596800
2010-10-15,13.75,13.86,13.6425,13.835,13.835,5339600
2010-10-18,13.8,13.8325,13.7475,13.83,13.83,3186000
2010-10-19,13.7375,13.8725,13.6425,13.7175,13.7175,4915200
2010-10-20,13.765,13.9375,13.72,13.875,13.875,3484800
2010-10-21,13.895,13.97,13.72,13.8925,13.8925,4581200
2010-10-22,13.8675,13.925,13.7425,13.9125,13.9125,3307600
2010-10-25,13.9675,13.975,13.7425,13.7875,13.7875,7223200
2010-10-26,13.7725,13.885,13.6725,13.8625,13.8625,4906400
2010-10-27,13.76,13.8125,13.5075,13.71,13.71,6765600
2010-10-28,13.75,13.8075,13.5125,13.535,13.535,4658800
2010-10-29,13.5725,13.6875,13.5725,13.63,13.63,6409200
2010-11-01,13.715,13.8775,13.47,13.515,13.515,5372400
2010-11-02,13.66,13.72,13.5725,13.6675,13.6675,3985200
2010-11-03,13.6525,13.7275,13.595,13.6725,13.6725,3636400
2010-11-04,13.7875,13.935,13.7475,13.935,13.935,3904000
2010-11-05,13.91,13.9825,13.84,13.945,13.945,2702800
2010-11-08,13.8775,13.955,13.8575,13.9275,13.9275,2615200
2010-11-09,13.93,14.03,13.8675,13.905,13.905,2916800
2010-11-10,13.885,14.01,13.82,13.9925,13.9925,3271200
2010-11-11,13.86,14.0175,13.7475,13.9425,13.9425,2361200
2010-11-12,13.835,13.905,13.71,13.7875,13.7875,3190000
2010-11-15,13.8575,13.9475,13.82,13.8725,13.8725,2858000
2010-11-16,13.78,13.78,13.56,13.5975,13.5975,6941200
2010-11-17,13.5825,13.675,13.5325,13.5825,13.5825,2800800
2010-11-18,13.9,13.9,13.6725,13.7625,13.7625,3176400
2010-11-19,13.755,14.165,13.7075,14.0875,14.0875,6952000
2010-11-22,13.97,14.13,13.89,14.105,14.105,3860000
2010-11-23,13.9925,13.995,13.7375,13.7925,13.7925,3291600
2010-11-24,13.885,14.195,13.88,14.105,14.105,2974400
2010-11-26,13.9825,14.14,13.9825,14.0975,14.0975,1094400
2010-11-29,13.965,14.07,13.775,14.025,14.025,2467200
2010-11-30,13.8225,13.915,13.7525,13.825,13.825,6180800
2010-12-01,14.05,14.25,13.9825,14.215,14.215,5022000
2010-12-02,14.2,14.43,14.1775,14.4125,14.4125,3308000
2010-12-03,14.38,14.575,14.3525,14.5525,14.5525,3380400
2010-12-06,14.49,14.5,14.3175,14.3775,14.3775,3494400
2010-12-07,14.5,14.6925,14.4725,14.6675,14.6675,5212800
2010-12-08,14.7275,14.82,14.62,14.785,14.785,5752000
2010-12-09,14.7725,14.81,14.6575,14.6775,14.6775,3556400
2010-12-10,14.675,14.8175,14.6475,14.805,14.805,2562000
2010-12-13,14.805,14.865,14.7075,14.7875,14.7875,3245200
2010-12-14,14.8475,14.9375,14.83,14.92,14.92,2640000
2010-12-15,14.865,14.985,14.83,14.9,14.9,2635600
2010-12-16,14.9525,15.14,14.915,15.085,15.085,4497600
2010-12-17,15.1,15.16,14.9575,15.11,15.11,7050400
2010-12-20,15.07,15.0725,14.7175,14.735,14.735,4157600
2010-12-21,14.7875,14.8675,14.7225,14.8675,14.8675,3446800
2010-12-22,14.8275,14.8975,14.7375,14.75,14.75,3422400
2010-12-23,14.7525,14.795,14.62,14.67,14.67,4062800
2010-12-27,14.635,14.7875,14.48,14.735,14.735,2450800
2010-12-28,14.745,14.8,14.6275,14.7625,14.7625,1354000
2010-12-29,14.8025,14.905,14.7625,14.79,14.79,2818400
2010-12-30,14.7625,14.88,14.7075,14.8125,14.8125,1813600
2010-12-31,14.78,14.85,14.6325,14.64,14.64,2373200
2011-01-03,14.7975,14.985,14.7825,14.875,14.875,5420400
2011-01-04,14.8225,14.8675,14.4375,14.61,14.61,5322800
2011-01-05,14.53,14.7425,14.53,14.7325,14.7325,3766000
2011-01-06,14.7125,14.7975,14.69,14.7525,14.7525,2732800
2011-01-07,14.905,15.0,14.775,14.86,14.86,5536000
2011-01-10,14.77,14.9125,14.6925,14.795,14.795,3650400
2011-01-11,14.8175,15.05,14.81,15.045,15.045,3490000
2011-01-12,15.18,15.2075,15.0575,15.205,15.205,3264000
2011-01-13,15.21,15.28,15.17,15.19,15.19,2644800
2011-01-14,15.175,15.5,15.13,15.48,15.48,3514400
2011-01-18,15.485,15.6825,15.48,15.625,15.625,4082400
2011-01-19,15.5525,15.595,15.4175,15.5,15.5,2806800
2011-01-20,15.4375,15.5775,15.3675,15.475,15.475,2518000
2011-01-21,15.55,15.55,15.36,15.495,15.495,3533600
2011-01-24,15.485,15.8175,15.48,15.7275,15.7275,2932800
2011-01-25,15.665,15.7225,15.4675,15.7225,15.7225,2964400
2011-01-26,15.7275,15.8,15.64,15.7225,15.7225,2273600
2011-01-27,15.7225,15.7425,15.5975,15.7175,15.7175,4150000
2011-01-28,15.7425,15.815,15.255,15.3325,15.3325,2985600
2011-01-31,15.3575,15.49,15.265,15.4425,15.4425,2827200
2011-02-01,15.54,15.9175,15.54,15.7575,15.7575,5054000
2011-02-02,15.735,15.8,15.595,15.6275,15.6275,2928400
2011-02-03,15.5775,15.6725,15.3375,15.5775,15.5775,5456800
2011-02-04,15.055,15.3375,14.99,15.0675,15.0675,7186400
2011-02-07,15.0625,15.2,14.9625,15.1175,15.1175,6873200
2011-02-08,15.1075,15.33,15.07,15.3075,15.3075,4446000
2011-02-09,15.2925,15.355,15.1975,15.235,15.235,2815600
2011-02-10,15.2,15.5,15.2,15.485,15.485,4596000
2011-02-11,15.42,15.5925,15.41,15.585,15.585,3590800
2011-02-14,15.575,15.64,15.4775,15.625,15.625,2400000
2011-02-15,15.53,15.625,15.465,15.6,15.6,2874400
2011-02-16,15.6125,15.735,15.5325,15.6475,15.6475,2832800
2011-02-17,15.5725,15.8925,15.5675,15.89,15.89,2241600
2011-02-18,15.88,15.97,15.7625,15.88,15.88,3138400
2011-02-22,15.7525,15.935,15.52,15.67,15.67,3560400
2011-02-23,15.6525,15.655,15.3775,15.4275,15.4275,3718400
2011-02-24,15.4425,15.575,15.3025,15.5025,15.5025,3521200
2011-02-25,15.54,15.8025,15.54,15.75,15.75,3751600
2011-02-28,15.7375,15.8275,15.69,15.8175,15.8175,3654800
2011-03-01,15.765,15.85,15.45,15.5075,15.5075,3886800
2011-03-02,15.46,15.5,15.3825,15.4375,15.4375,3455600
2011-03-03,15.535,15.6425,15.4925,15.525,15.525,5217600
2011-03-04,15.535,15.54,15.2825,15.3675,15.3675,5160000
2011-03-07,15.4675,15.49,15.015,15.0425,15.0425,4917600
2011-03-08,15.0825,15.37,15.03,15.275,15.275,4932800
2011-03-09,15.205,15.34,15.0525,15.2925,15.2925,4030800
2011-03-10,15.1025,15.1025,14.8425,14.88,14.88,6370400
2011-03-11,14.9125,15.1625,14.8225,15.135,15.135,3206400
2011-03-14,14.9825,15.075,14.8575,14.9725,14.9725,2689200
2011-03-15,14.625,14.75,14.565,14.6375,14.6375,5798800
2011-03-16,14.6,14.7625,14.485,14.5825,14.5825,5804000
2011-03-17,14.7525,14.8825,14.64,14.77,14.77,3264800
2011-03-18,14.865,15.005,14.7725,15.005,15.005,9048800
2011-03-21,15.1025,15.31,15.04,15.15,15.15,3266000
2011-03-22,15.1675,15.2075,15.095,15.1325,15.1325,2200400
2011-03-23,15.1325,15.1975,15.0025,15.1275,15.1275,3015200
2011-03-24,15.1825,15.3325,15.0925,15.295,15.295,3943200
2011-03-25,15.345,15.51,15.3025,15.385,15.385,1793200
2011-03-28,15.4025,15.4725,15.3,15.32,15.32,2420400
2011-03-29,15.285,15.555,15.25,15.535,15.535,2564000
2011-03-30,15.61,15.735,15.56,15.6425,15.6425,3177200
2011-03-31,15.655,15.75,15.6275,15.68,15.68,2895200
2011-04-01,15.7375,15.7475,15.6625,15.72,15.72,5657200
2011-04-04,15.7475,15.7475,15.545,15.705,15.705,2455600
2011-04-05,15.6225,15.695,15.345,15.4075,15.4075,4134800
2011-04-06,15.5,15.6675,15.46,15.5975,15.5975,2155200
2011-04-07,15.5325,15.75,15.4775,15.66,15.66,4028400
2011-04-08,15.6875,15.705,15.4925,15.59,15.59,2176000
2011-04-11,15.6175,15.71,15.555,15.6675,15.6675,3659200
2011-04-12,15.605,15.7375,15.4825,15.4925,15.4925,3516400
2011-04-13,15.5925,15.675,15.4725,15.615,15.615,3265600
2011-04-14,15.49,15.6625,15.455,15.62,15.62,2947200
2011-04-15,15.625,15.845,15.5925,15.7825,15.7825,3606000
2011-04-18,15.6125,15.6475,15.465,15.525,15.525,3705200
2011-04-19,15.54,15.655,15.515,15.65,15.65,3805200
2011-04-20,15.835,16.032499,15.8325,15.8825,15.8825,3456800
2011-04-21,15.8525,15.9375,15.795,15.9375,15.9375,3847200
2011-04-25,15.9575,15.975,15.84,15.9,15.9,5296800
2011-04-26,16.0,16.1075,15.9375,16.092501,16.092501,4800000
2011-04-27,16.110001,16.1775,15.9825,16.0975,16.0975,4191600
2011-04-28,16.0175,16.0175,15.295,15.3675,15.3675,10800000
2011-04-29,15.355,15.4725,15.295,15.3275,15.3275,12800000
2011-05-02,15.3025,15.57,15.28,15.4625,15.4625,5220000
2011-05-03,15.47,15.7175,15.4575,15.565,15.565,4774000
2011-05-04,15.535,15.665,15.355,15.45,15.45,3714400
2011-05-05,15.3825,15.57,15.2975,15.3725,15.3725,3982400
2011-05-06,15.5525,15.6675,15.3525,15.4025,15.4025,2546400
2011-05-09,15.385,15.5325,15.345,15.4125,15.4125,2405600
2011-05-10,15.505,15.6475,15.4675,15.61,15.61,2300000
2011-05-11,15.5875,15.665,15.3375,15.4375,15.4375,3581200
2011-05-12,15.4325,15.6525,15.3575,15.5825,15.5825,3008000
2011-05-13,15.5675,15.6175,15.4225,15.5,15.5,2674000
2011-05-16,15.46,15.49,15.335,15.3975,15.3975,3514800
2011-05-17,15.33,15.5375,15.3025,15.505,15.505,5157600
2011-05-18,15.52,15.7825,15.44,15.77,15.77,3876400
2011-05-19,15.8325,15.93,15.7775,15.8325,15.8325,3771600
2011-05-20,15.82,15.895,15.7225,15.775,15.775,4216000
2011-05-23,15.575,15.69,15.5275,15.6325,15.6325,3966800
2011-05-24,15.6375,15.72,15.6175,15.6325,15.6325,4056800
2011-05-25,15.585,15.6925,15.5625,15.6475,15.6475,3580800
2011-05-26,15.635,15.795,15.5875,15.75,15.75,3046000
2011-05-27,15.7925,15.96,15.76,15.865,15.865,2903600
2011-05-31,15.995,16.129999,15.985,16.129999,16.129999,7739200
2011-06-01,16.165001,16.2225,15.885,15.8975,15.8975,7494000
2011-06-02,15.93,16.025,15.85,15.915,15.915,3033600
2011-06-03,15.72,15.81,15.545,15.56,15.56,3033200
2011-06-06,15.56,15.6675,15.515,15.58,15.58,4240000
2011-06-07,15.6375,15.8825,15.525,15.85,15.85,6774800
2011-06-08,15.8,15.8325,15.7075,15.745,15.745,6064000
2011-06-09,15.755,15.8875,15.74,15.855,15.855,3929600
2011-06-10,15.76,15.84,15.5775,15.5775,15.5775,3489200
2011-06-13,15.6675,15.6675,15.51,15.525,15.525,4180000
2011-06-14,15.6625,15.7175,15.535,15.65,15.65,2149600
2011-06-15,15.54,15.5575,15.3025,15.31,15.31,3040800
2011-06-16,15.3275,15.3775,15.1725,15.295,15.295,4696800
2011-06-17,15.4475,15.4475,15.2025,15.2975,15.2975,6526800
2011-06-20,15.2925,15.3675,15.2525,15.3375,15.3375,3708400
2011-06-21,15.38,15.4575,15.31,15.435,15.435,3922000
2011-06-22,15.4125,15.475,15.33,15.3325,15.3325,2945600
2011-06-23,15.21,15.3625,15.115,15.3275,15.3275,3900800
2011-06-24,15.3125,15.3625,15.1725,15.1775,15.1775,6296400
2011-06-27,15.165,15.355,15.1375,15.3,15.3,2164000
2011-06-28,15.3525,15.435,15.33,15.425,15.425,3036000
2011-06-29,15.39,15.4975,15.185,15.4525,15.4525,2580800
2011-06-30,15.5,15.665,15.39,15.6575,15.6575,3014000
2011-07-01,15.6925,16.0,15.595,15.935,15.935,2958400
2011-07-05,15.94,16.035,15.86,16.0075,16.0075,4128400
2011-07-06,15.985,16.247499,15.95,16.1875,16.1875,3492000
2011-07-07,16.254999,16.352501,16.2225,16.305,16.305,3582000
2011-07-08,16.1875,16.237499,16.014999,16.1525,16.1525,2278000
2011-07-11,16.0,16.092501,15.8875,15.9175,15.9175,2376800
2011-07-12,15.9,15.98,15.66,15.665,15.665,4534000
2011-07-13,15.7325,15.8825,15.6325,15.6725,15.6725,3093200
2011-07-14,15.705,15.8175,15.475,15.4975,15.4975,2248400
2011-07-15,15.7275,15.7275,15.3175,15.3425,15.3425,3778800
2011-07-18,15.26,15.3025,15.035,15.0475,15.0475,4034000
2011-07-19,15.1525,15.3825,15.0675,15.3325,15.3325,4797600
2011-07-20,15.31,15.315,15.105,15.125,15.125,3796000
2011-07-21,15.19,15.5375,15.1575,15.5125,15.5125,4719600
2011-07-22,15.475,15.585,15.43,15.54,15.54,3001600
2011-07-25,15.3875,15.515,15.345,15.4475,15.4475,3066800
2011-07-26,15.455,15.515,15.2375,15.3775,15.3775,4818000
2011-07-27,15.5925,15.84,15.34,15.3625,15.3625,5593600
2011-07-28,15.335,15.5225,15.2475,15.35,15.35,3644000
2011-07-29,15.25,15.25,15.03,15.09,15.09,4808400
2011-08-01,15.22,15.265,14.815,14.965,14.965,4503600
2011-08-02,14.8725,14.955,14.46,14.47,14.47,4609600
2011-08-03,14.815,14.8525,14.3875,14.65,14.65,7500400
2011-08-04,14.485,14.8025,14.0975,14.1025,14.1025,5726000
2011-08-05,14.2975,14.4025,13.9025,14.1675,14.1675,7572800
2011-08-08,13.8525,14.0975,13.03,13.1625,13.1625,10074800
2011-08-09,13.345,13.5775,12.8175,13.565,13.565,12402800
2011-08-10,13.245,13.75,13.2175,13.31,13.31,11742400
2011-08-11,13.385,13.9725,13.31,13.835,13.835,8130800
2011-08-12,13.8575,13.9875,13.6975,13.7525,13.7525,5042400
2011-08-15,13.7925,13.87,13.69,13.81,13.81,4585200
2011-08-16,13.605,13.7775,13.4975,13.6425,13.6425,4546000
2011-08-17,13.6875,13.8075,13.535,13.65,13.65,7303600
2011-08-18,13.265,13.3175,12.9175,13.0175,13.0175,7173200
2011-08-19,12.74,13.1175,12.74,12.855,12.855,6827600
2011-08-22,13.1275,13.205,12.97,13.0275,13.0275,6438000
2011-08-23,13.425,13.455,13.0325,13.425,13.425,7720800
2011-08-24,13.3625,13.5125,13.2575,13.5,13.5,3630000
2011-08-25,13.57,13.6,13.215,13.28,13.28,4974800
2011-08-26,13.175,13.5425,13.07,13.49,13.49,4294000
2011-08-29,13.5875,13.84,13.5875,13.825,13.825,5272400
2011-08-30,13.7875,13.9075,13.6875,13.8275,13.8275,3558400
2011-08-31,13.855,14.065,13.82,13.9575,13.9575,4969600
2011-09-01,13.9875,14.1,13.7875,13.7875,13.7875,3989200
2011-09-02,13.5575,13.615,13.3625,13.3725,13.3725,3347200
2011-09-06,13.0075,13.1725,12.8875,13.1075,13.1075,5398800
2011-09-07,13.2525,13.5725,13.2475,13.565,13.565,3670000
2011-09-08,13.525,13.5325,13.2725,13.3025,13.3025,3824400
2011-09-09,13.155,13.19,12.7925,12.8675,12.8675,4206800
2011-09-12,12.685,12.9675,12.6825,12.965,12.965,5404800
2011-09-13,12.975,13.0725,12.83,13.045,13.045,4196000
2011-09-14,13.1,13.4475,12.9225,13.3125,13.3125,3588400
2011-09-15,13.4725,13.5275,13.285,13.5275,13.5275,3293200
2011-09-16,13.565,13.69,13.4675,13.6225,13.6225,5260000
2011-09-19,13.405,13.5375,13.3425,13.4625,13.4625,3081600
2011-09-20,13.5125,13.6375,13.37,13.3825,13.3825,2991200
2011-09-21,13.395,13.4925,12.87,12.875,12.875,4492000
2011-09-22,12.5975,12.62,12.1875,12.375,12.375,8006400
2011-09-23,12.285,12.5025,12.2025,12.4125,12.4125,4643200
2011-09-26,12.455,12.785,12.345,12.6675,12.6675,4383200
2011-09-27,12.8975,13.235,12.8125,12.975,12.975,5269200
2011-09-28,13.05,13.125,12.675,12.6925,12.6925,3464000
2011-09-29,12.9325,12.985,12.4525,12.7125,12.7125,3994800
2011-09-30,12.57,12.775,12.4425,12.6925,12.6925,7606400
2011-10-03,12.645,12.98,12.5475,12.5525,12.5525,9079600
2011-10-04,12.3775,13.135,12.3375,13.13,13.13,10237600
2011-10-05,13.135,13.2425,12.9425,13.2275,13.2275,5296000
2011-10-06,13.1925,13.39,13.095,13.39,13.39,4542800
2011-10-07,13.4,13.545,13.33,13.345,13.345,4782800
2011-10-10,13.5625,13.685,13.4925,13.6825,13.6825,3688400
2011-10-11,13.655,13.8975,13.6225,13.745,13.745,3327200
2011-10-12,13.945,14.16,13.8225,14.0775,14.0775,5814800
2011-10-13,14.0075,14.095,13.8575,14.0725,14.0725,3746000
2011-10-14,14.205,14.3625,13.965,14.3625,14.3625,3713200
2011-10-17,14.2625,14.3975,14.23,14.27,14.27,5592400
2011-10-18,14.2825,14.5675,14.1625,14.48,14.48,5001600
2011-10-19,14.415,14.46,14.205,14.25,14.25,3622000
2011-10-20,14.5925,14.6,14.24,14.4225,14.4225,5911600
2011-10-21,14.6,14.665,14.4475,14.6175,14.6175,3842400
2011-10-24,14.6125,14.8075,14.575,14.7325,14.7325,3260800
2011-10-25,14.68,14.745,14.395,14.425,14.425,3540400
2011-10-26,14.6475,14.6875,14.26,14.6125,14.6125,7202400
2011-10-27,14.885,15.3175,14.785,15.29,15.29,5205600
2011-10-28,15.2475,15.31,15.07,15.19,15.19,2999200
2011-10-31,14.9625,15.095,14.715,14.7175,14.7175,5000800
2011-11-01,14.3775,14.5,14.255,14.2825,14.2825,6966800
2011-11-02,14.455,14.455,13.9475,14.19,14.19,12292000
2011-11-03,14.3225,14.6025,14.1675,14.5725,14.5725,6748000
2011-11-04,14.4975,14.505,14.2575,14.5025,14.5025,3492400
2011-11-07,14.52,14.5725,14.2825,14.56,14.56,2757600
2011-11-08,14.63,14.785,14.465,14.7675,14.7675,3453600
2011-11-09,14.445,14.4625,14.19,14.2175,14.2175,4690000
2011-11-10,14.4325,14.4325,14.18,14.3025,14.3025,2311600
2011-11-11,14.505,14.5775,14.4225,14.54,14.54,3518400
2011-11-14,14.485,14.525,14.2675,14.4525,14.4525,3155200
2011-11-15,14.4275,14.6325,14.3625,14.585,14.585,2752400
2011-11-16,14.4425,14.6,14.2875,14.3025,14.3025,3907200
2011-11-17,14.2475,14.3475,14.0725,14.12,14.12,6006400
2011-11-18,14.1075,14.245,14.1075,14.1325,14.1325,5313600
2011-11-21,13.9325,14.0675,13.9125,13.9875,13.9875,5346800
2011-11-22,13.96,14.04,13.7725,13.785,13.785,3423600
2011-11-23,13.6625,13.69,13.52,13.52,13.52,4037200
2011-11-25,13.4775,13.635,13.4775,13.53,13.53,1564000
2011-11-28,13.865,13.955,13.7125,13.94,13.94,4924400
2011-11-29,13.9025,13.9975,13.8075,13.87,13.87,3293200
2011-11-30,14.205,14.435,14.1575,14.415,14.415,7442000
2011-12-01,14.3775,14.435,14.26,14.3625,14.3625,2539600
2011-12-02,14.4275,14.5,14.2725,14.42,14.42,4384400
2011-12-05,14.6175,14.6475,14.3375,14.4,14.4,4378400
2011-12-06,14.4575,14.5625,14.355,14.4375,14.4375,3739200
2011-12-07,14.37,14.4725,14.16,14.4175,14.4175,3193200
2011-12-08,14.27,14.4175,14.2275,14.245,14.245,3892800
2011-12-09,14.3275,14.7175,14.3275,14.6625,14.6625,3061200
2011-12-12,14.525,14.6325,14.3425,14.3975,14.3975,3016000
2011-12-13,14.5,14.6825,14.33,14.4125,14.4125,3887600
2011-12-14,14.3425,14.4375,14.275,14.305,14.305,3621200
2011-12-15,14.445,14.4825,14.28,14.31,14.31,3402800
2011-12-16,14.3925,14.5025,14.1875,14.3575,14.3575,5198400
2011-12-19,14.4075,14.4925,14.0725,14.1125,14.1125,2408000
2011-12-20,14.3425,14.5775,14.3425,14.5575,14.5575,4583600
2011-12-21,14.535,14.625,14.4325,14.6075,14.6075,4303200
2011-12-22,14.535,14.775,14.535,14.665,14.665,3650800
2011-12-23,14.6575,14.715,14.6325,14.6975,14.6975,1993600
2011-12-27,14.6675,14.835,14.615,14.8025,14.8025,1897600
2011-12-28,14.8175,14.8375,14.595,14.625,14.625,2702000
2011-12-29,14.6075,14.7725,14.6075,14.7675,14.7675,1839600
2011-12-30,14.74,14.805,14.685,14.685,14.685,1769600
2012-01-03,14.99,14.9925,14.625,14.64,14.64,4487200
2012-01-04,14.635,14.6375,14.4425,14.535,14.535,3905200
2012-01-05,14.4675,14.7375,14.38,14.6725,14.6725,2593200
2012-01-06,14.675,14.7475,14.565,14.6,14.6,1972400
2012-01-09,14.6175,14.7875,14.615,14.7325,14.7325,2274000
2012-01-10,14.7975,14.87,14.765,14.7975,14.7975,3218000
2012-01-11,14.73,14.955,14.73,14.93,14.93,2486000
2012-01-12,15.0,15.2925,14.93,15.26,15.26,4358800
2012-01-13,15.25,15.26,15.0825,15.1975,15.1975,2893200
2012-01-17,15.2875,15.5,15.27,15.315,15.315,3606400
2012-01-18,15.305,15.4825,15.305,15.47,15.47,4289200
2012-01-19,15.51,15.72,15.3875,15.64,15.64,3418400
2012-01-20,15.655,15.7275,15.57,15.66,15.66,4042000
2012-01-23,15.6375,15.8225,15.575,15.7075,15.7075,2738400
2012-01-24,15.61,15.74,15.5475,15.73,15.73,2388000
2012-01-25,15.6725,15.885,15.65,15.85,15.85,2509200
2012-01-26,15.9,15.945,15.7325,15.815,15.815,2879600
2012-01-27,15.8125,15.9,15.735,15.7625,15.7625,2678800
2012-01-30,15.5925,15.6875,15.545,15.6525,15.6525,2091600
2012-01-31,15.6925,15.825,15.61,15.7225,15.7225,2312800
2012-02-01,15.875,16.014999,15.835,15.9625,15.9625,1950400
2012-02-02,15.95,16.092501,15.76,15.7775,15.7775,5885600
2012-02-03,16.01,16.514999,16.01,16.469999,16.469999,6943200
2012-02-06,16.3125,16.377501,16.2225,16.3025,16.3025,3118000
2012-02-07,16.217501,16.2575,16.172501,16.2325,16.2325,2974400
2012-02-08,16.1875,16.252501,16.16,16.2225,16.2225,3518400
2012-02-09,16.219999,16.25,16.065001,16.2225,16.2225,2190400
2012-02-10,16.0875,16.115,15.9275,16.057501,16.057501,2974400
2012-02-13,16.1875,16.299999,16.08,16.235001,16.235001,1987200
2012-02-14,16.182501,16.379999,16.145,16.342501,16.342501,2941600
2012-02-15,16.342501,16.385,16.147499,16.1625,16.1625,2773600
2012-02-16,16.227501,16.362499,16.215,16.305,16.305,2722400
2012-02-17,16.3325,16.375,16.209999,16.2775,16.2775,4256800
2012-02-21,16.334999,16.3925,16.262501,16.327499,16.327499,3111600
2012-02-22,16.282499,16.377501,16.264999,16.317499,16.317499,2506000
2012-02-23,16.299999,16.485001,16.2925,16.459999,16.459999,1843200
2012-02-24,16.5,16.75,16.4275,16.717501,16.717501,4295200
2012-02-27,16.535,16.692499,16.4575,16.620001,16.620001,3229200
2012-02-28,16.602501,16.717501,16.5175,16.635,16.635,2504000
2012-02-29,16.6,16.684999,16.5375,16.575001,16.575001,3449600
2012-03-01,16.629999,16.6975,16.52,16.68,16.68,4008800
2012-03-02,16.6525,16.7325,16.58,16.602501,16.602501,3018400
2012-03-05,16.5625,16.645,16.5175,16.635,16.635,2876000
2012-03-06,16.51,16.6675,16.452499,16.525,16.525,3424000
2012-03-07,16.545,16.747499,16.477501,16.709999,16.709999,3558400
2012-03-08,16.75,17.0,16.74,16.969999,16.969999,3386000
2012-03-09,16.987499,17.047501,16.887501,16.9925,16.9925,2396400
2012-03-12,17.004999,17.09,16.877501,17.0525,17.0525,2488000
2012-03-13,17.115,17.219999,17.014999,17.217501,17.217501,3183600
2012-03-14,17.215,17.3675,17.1625,17.3225,17.3225,3496000
2012-03-15,17.327499,17.4,17.1775,17.360001,17.360001,3532800
2012-03-16,17.3125,17.3475,17.219999,17.2925,17.2925,4586000
2012-03-19,17.217501,17.2875,17.120001,17.23,17.23,3363600
2012-03-20,17.182501,17.205,17.084999,17.192499,17.192499,1498800
2012-03-21,17.1425,17.297501,17.1425,17.247499,17.247499,1737200
2012-03-22,17.1775,17.295,17.112499,17.25,17.25,1869200
2012-03-23,17.2225,17.334999,17.1425,17.315001,17.315001,1698800
2012-03-26,17.397499,17.49,17.389999,17.49,17.49,3057600
2012-03-27,17.5,17.5,17.397499,17.424999,17.424999,2083600
2012-03-28,17.4375,17.440001,17.297501,17.372499,17.372499,1915200
2012-03-29,17.295,17.424999,17.272499,17.397499,17.397499,2279200
2012-03-30,17.5,17.5,17.344999,17.3475,17.3475,2532800
2012-04-02,17.33,17.635,17.32,17.602501,17.602501,2612800
2012-04-03,17.612499,17.6675,17.41,17.555,17.555,2714000
2012-04-04,17.4275,17.469999,17.299999,17.3025,17.3025,3490400
2012-04-05,17.184999,17.387501,17.184999,17.334999,17.334999,3644800
2012-04-09,17.1425,17.2325,17.075001,17.192499,17.192499,1997600
2012-04-10,17.1175,17.17,16.887501,16.897499,16.897499,3700000
2012-04-11,17.022499,17.129999,16.987499,17.0875,17.0875,2178000
2012-04-12,17.174999,17.297501,17.09,17.2775,17.2775,2135600
2012-04-13,17.217501,17.235001,17.120001,17.125,17.125,2475200
2012-04-16,17.165001,17.227501,17.0525,17.184999,17.184999,2514400
2012-04-17,17.25,17.610001,17.192499,17.5075,17.5075,3526800
2012-04-18,17.3925,17.512501,17.299999,17.305,17.305,2807200
2012-04-19,17.2425,17.4175,17.0725,17.182501,17.182501,2382400
2012-04-20,17.282499,17.4025,17.184999,17.23,17.23,2612000
2012-04-23,17.137501,17.2775,16.969999,17.25,17.25,3299200
2012-04-24,17.3025,17.395,17.195,17.262501,17.262501,2395600
2012-04-25,17.377501,17.450001,17.264999,17.33,17.33,2074000
2012-04-26,17.26,17.565001,17.25,17.5175,17.5175,2561600
2012-04-27,17.5275,17.725,17.5275,17.6675,17.6675,2679200
2012-04-30,17.622499,17.672501,17.5425,17.5725,17.5725,1804400
2012-05-01,17.6625,17.934999,17.592501,17.6875,17.6875,3764400
2012-05-02,17.0,17.4925,17.0,17.4575,17.4575,4982800
2012-05-03,17.422501,17.459999,17.252501,17.2675,17.2675,2553600
2012-05-04,17.105,17.16,16.877501,16.877501,16.877501,3022400
2012-05-07,16.815001,16.905001,16.725,16.764999,16.764999,2808400
2012-05-08,16.73,16.735001,16.4725,16.635,16.635,4943600
2012-05-09,16.442499,16.65,16.360001,16.57,16.57,3513200
2012-05-10,16.647499,16.7425,16.5825,16.6175,16.6175,2800000
2012-05-11,16.57,16.8325,16.504999,16.639999,16.639999,3022800
2012-05-14,16.4925,16.612499,16.385,16.51,16.51,2380800
2012-05-15,16.504999,16.705,16.4475,16.545,16.545,3197200
2012-05-16,16.5825,16.6775,16.4575,16.49,16.49,3506800
2012-05-17,16.5275,16.540001,16.3325,16.3325,16.3325,2878400
2012-05-18,16.432501,16.434999,16.135,16.1525,16.1525,2585200
2012-05-21,16.25,16.504999,16.120001,16.495001,16.495001,3094800
2012-05-22,16.5075,16.66,16.455,16.557501,16.557501,2177600
2012-05-23,16.5075,16.719999,16.385,16.674999,16.674999,2612000
2012-05-24,16.67,16.785,16.59,16.74,16.74,2987600
2012-05-25,16.6175,16.834999,16.6175,16.7925,16.7925,2153600
2012-05-29,16.934999,17.0,16.74,16.905001,16.905001,2461600
2012-05-30,16.805,16.805,16.6425,16.674999,16.674999,2635600
2012-05-31,16.6525,16.965,16.577499,16.8575,16.8575,5144000
2012-06-01,16.559999,16.7075,16.387501,16.395,16.395,3349600
2012-06-04,16.4925,16.620001,16.41,16.602501,16.602501,3346800
2012-06-05,16.6075,16.8125,16.535,16.782499,16.782499,2954000
2012-06-06,16.8825,17.135,16.8825,17.1175,17.1175,3933600
2012-06-07,17.325001,17.352501,17.067499,17.1175,17.1175,3382400
2012-06-08,17.084999,17.2875,17.0375,17.275,17.275,2930000
2012-06-11,17.372499,17.422501,17.0825,17.112499,17.112499,2222400
2012-06-12,17.125,17.275,17.09,17.275,17.275,2371200
2012-06-13,17.215,17.362499,17.0625,17.115,17.115,2311600
2012-06-14,17.1775,17.575001,17.15,17.432501,17.432501,3118800
2012-06-15,17.504999,17.75,17.43,17.717501,17.717501,6056800
2012-06-18,17.934999,17.934999,17.4825,17.59,17.59,4122800
2012-06-19,17.695,17.842501,17.540001,17.702499,17.702499,3800400
2012-06-20,17.719999,17.8225,17.6075,17.73,17.73,2100000
2012-06-21,17.780001,17.785,17.217501,17.217501,17.217501,2838400
2012-06-22,17.317499,17.465,17.217501,17.42,17.42,3368800
2012-06-25,17.297501,17.385,17.155001,17.215,17.215,1819200
2012-06-26,17.227501,17.33,17.1175,17.297501,17.297501,3178800
2012-06-27,17.424999,17.6175,17.297501,17.6075,17.6075,1951600
2012-06-28,17.4375,17.51,17.2225,17.452499,17.452499,1987200
2012-06-29,17.795,18.075001,17.715,18.055,18.055,3521200
2012-07-02,18.1,18.182501,18.0375,18.15,18.15,2695200
2012-07-03,18.112499,18.219999,18.0,18.215,18.215,1222800
2012-07-05,18.120001,18.2325,18.057501,18.1975,18.1975,1997200
2012-07-06,18.094999,18.145,17.844999,18.02,18.02,1720400
2012-07-09,18.040001,18.0425,17.915001,18.02,18.02,1253200
2012-07-10,17.8325,17.997499,17.5625,17.629999,17.629999,4950000
2012-07-11,17.702499,17.815001,17.647499,17.74,17.74,3699600
2012-07-12,17.610001,17.690001,17.475,17.620001,17.620001,1956400
2012-07-13,17.6525,17.775,17.565001,17.737499,17.737499,2739200
2012-07-16,17.73,17.817499,17.625,17.7675,17.7675,1589600
2012-07-17,17.8125,17.887501,17.577499,17.797501,17.797501,2006800
2012-07-18,17.77,18.0,17.705,17.987499,17.987499,2122400
2012-07-19,17.950001,18.030001,17.8675,17.879999,17.879999,2629200
2012-07-20,17.7575,17.897499,17.725,17.775,17.775,3222800
2012-07-23,17.465,17.514999,17.2125,17.4175,17.4175,2325600
2012-07-24,17.4825,17.504999,17.155001,17.299999,17.299999,1922000
2012-07-25,17.290001,17.344999,17.1425,17.2425,17.2425,1549200
2012-07-26,17.58,17.725,17.3375,17.700001,17.700001,2179200
2012-07-27,17.887501,18.135,17.7875,18.094999,18.094999,2100400
2012-07-30,18.094999,18.1625,17.945,18.0625,18.0625,2734400
2012-07-31,17.5,17.58,17.184999,17.532499,17.532499,6341600
2012-08-01,17.727501,17.727501,17.35,17.4125,17.4125,3009600
2012-08-02,17.297501,17.375,16.987499,17.047501,17.047501,2950800
2012-08-03,17.397499,17.442499,17.26,17.405001,17.405001,2521200
2012-08-06,17.4925,17.605,17.379999,17.397499,17.397499,2257200
2012-08-07,17.522499,17.5625,17.325001,17.355,17.355,3144800
2012-08-08,17.280001,17.567499,17.2775,17.540001,17.540001,1700000
2012-08-09,17.4825,17.67,17.459999,17.5075,17.5075,3192400
2012-08-10,17.4825,17.532499,17.424999,17.469999,17.469999,2821600
2012-08-13,17.5375,17.737499,17.475,17.702499,17.702499,2535200
2012-08-14,17.799999,17.799999,17.594999,17.692499,17.692499,2353600
2012-08-15,17.629999,17.8225,17.5725,17.790001,17.790001,1606800
2012-08-16,17.8125,17.9125,17.700001,17.872499,17.872499,1874000
2012-08-17,17.9725,18.022499,17.8375,17.852501,17.852501,2770000
2012-08-20,17.862499,17.945,17.592501,17.6875,17.6875,3145200
2012-08-21,17.6975,17.782499,17.635,17.702499,17.702499,2227600
2012-08-22,17.719999,17.7575,17.5375,17.594999,17.594999,2270800
2012-08-23,17.594999,17.717501,17.5175,17.6175,17.6175,1878800
2012-08-24,17.625,17.75,17.592501,17.717501,17.717501,1969600
2012-08-27,17.74,17.75,17.612499,17.6525,17.6525,2037600
2012-08-28,17.610001,17.715,17.4825,17.512501,17.512501,3062400
2012-08-29,17.584999,17.815001,17.5425,17.7925,17.7925,3027200
2012-08-30,17.715,17.7875,17.6775,17.709999,17.709999,2780800
2012-08-31,17.7925,17.875,17.702499,17.827499,17.827499,3413600
2012-09-04,17.612499,17.93,17.592501,17.8675,17.8675,3769200
2012-09-05,17.834999,17.9375,17.77,17.860001,17.860001,2250400
2012-09-06,17.945,18.2425,17.940001,18.190001,18.190001,2625200
2012-09-07,18.25,18.317499,18.172501,18.202499,18.202499,2230000
2012-09-10,18.139999,18.2425,18.0975,18.1,18.1,1676400
2012-09-11,18.0625,18.2125,18.0625,18.094999,18.094999,1558400
2012-09-12,18.115,18.1525,17.940001,17.987499,17.987499,1661200
2012-09-13,17.950001,18.094999,17.895,18.0375,18.0375,2852400
2012-09-14,18.077499,18.112499,17.934999,17.9475,17.9475,2984000
2012-09-17,18.0075,18.0175,17.93,17.959999,17.959999,2237600
2012-09-18,18.022499,18.022499,17.922501,18.014999,18.014999,1162800
2012-09-19,18.0375,18.237499,18.014999,18.172501,18.172501,2299600
2012-09-20,18.147499,18.397499,18.092501,18.360001,18.360001,3672400
2012-09-21,18.545,18.59,18.49,18.547501,18.547501,5203200
2012-09-24,18.49,18.57,18.432501,18.495001,18.495001,1920800
2012-09-25,18.504999,18.525,18.200001,18.2325,18.2325,1507600
2012-09-26,18.23,18.305,18.172501,18.2675,18.2675,2267200
2012-09-27,18.325001,18.4625,18.237499,18.432501,18.432501,2428800
2012-09-28,18.405001,18.58,18.370001,18.5075,18.5075,3212400
2012-10-01,18.6,18.6,18.4,18.5275,18.5275,4544400
2012-10-02,18.605,18.605,18.372499,18.455,18.455,3131200
2012-10-03,18.540001,18.5875,18.4475,18.5425,18.5425,2868800
2012-10-04,18.5875,18.657499,18.514999,18.647499,18.647499,2478000
2012-10-05,18.7075,18.809999,18.525,18.5525,18.5525,3402000
2012-10-08,18.424999,18.692499,18.3825,18.657499,18.657499,2762800
2012-10-09,18.6,18.615,18.405001,18.4175,18.4175,3014800
2012-10-10,18.422501,18.467501,18.182501,18.209999,18.209999,2409200
2012-10-11,18.375,18.4575,18.3025,18.375,18.375,2886800
2012-10-12,18.352501,18.48,18.344999,18.440001,18.440001,2449200
2012-10-15,18.485001,18.8025,18.432501,18.8025,18.8025,3929600
2012-10-16,18.817499,19.0625,18.77,18.942499,18.942499,3009200
2012-10-17,18.9,18.9925,18.84,18.9375,18.9375,2112400
2012-10-18,18.965,19.030001,18.889999,18.965,18.965,1996000
2012-10-19,18.940001,18.940001,18.8125,18.827499,18.827499,4944400
2012-10-22,18.764999,18.924999,18.764999,18.889999,18.889999,3085200
2012-10-23,18.665001,18.795,18.645,18.76,18.76,3348800
2012-10-24,18.827499,18.827499,18.639999,18.702499,18.702499,3198800
2012-10-25,18.8475,18.8475,18.725,18.782499,18.782499,2552800
2012-10-26,18.752501,18.885,18.73,18.8125,18.8125,3190400
2012-10-31,18.657499,18.9375,18.5975,18.715,18.715,4544800
2012-11-01,18.790001,18.985001,18.66,18.8475,18.8475,3865200
2012-11-02,18.955,18.9625,18.719999,18.809999,18.809999,3554800
2012-11-05,18.7125,18.797501,18.605,18.705,18.705,2950000
2012-11-06,18.715,19.0275,18.709999,18.877501,18.877501,2254400
2012-11-07,18.715,18.73,18.549999,18.605,18.605,2308400
2012-11-08,18.512501,18.65,18.370001,18.424999,18.424999,2175600
2012-11-09,18.370001,18.639999,18.3225,18.477501,18.477501,1994800
2012-11-12,18.4125,18.567499,18.407499,18.49,18.49,1318400
2012-11-13,18.389999,18.592501,18.32,18.4575,18.4575,1756800
2012-11-14,18.4575,18.48,18.115,18.145,18.145,2768800
2012-11-15,18.1875,18.2075,18.047501,18.147499,18.147499,2230400
2012-11-16,18.125,18.432501,18.059999,18.387501,18.387501,3190400
2012-11-19,18.4925,18.540001,18.344999,18.405001,18.405001,2698800
2012-11-20,18.379999,18.639999,18.344999,18.5725,18.5725,1874000
2012-11-21,18.514999,18.67,18.502501,18.665001,18.665001,1294000
2012-11-23,18.790001,18.8575,18.692499,18.8575,18.8575,587600
2012-11-26,18.8825,18.91,18.76,18.844999,18.844999,1765600
2012-11-27,18.8125,18.9175,18.77,18.782499,18.782499,1096400
2012-11-28,18.76,18.9175,18.695,18.897499,18.897499,2519600
2012-11-29,18.93,19.045,18.9025,19.032499,19.032499,1220000
2012-11-30,19.045,19.254999,19.014999,19.247499,19.247499,3273600
2012-12-03,19.282499,19.355,19.200001,19.225,19.225,1925200
2012-12-04,19.165001,19.422501,19.165001,19.42,19.42,2520400
2012-12-05,19.424999,20.1,19.344999,19.9275,19.9275,6909600
2012-12-06,19.93,20.129999,19.782499,19.9725,19.9725,4052000
2012-12-07,20.065001,20.182501,19.7875,19.952499,19.952499,3984800
2012-12-10,19.872499,20.084999,19.862499,20.0275,20.0275,3457200
2012-12-11,20.049999,20.315001,20.047501,20.1675,20.1675,5080400
2012-12-12,20.1775,20.282499,20.049999,20.059999,20.059999,3524400
2012-12-13,20.129999,20.2225,19.870001,19.9825,19.9825,4075200
2012-12-14,19.955,20.045,19.895,19.9175,19.9175,4122000
2012-12-17,19.9275,20.2075,19.8925,20.125,20.125,4526000
2012-12-18,20.215,20.2925,20.065001,20.2775,20.2775,3587200
2012-12-19,20.252501,20.299999,19.922501,19.922501,19.922501,5718800
2012-12-20,19.85,20.092501,19.834999,20.055,20.055,3647600
2012-12-21,19.932501,20.002501,19.780001,19.924999,19.924999,7630000
2012-12-24,19.82,20.047501,19.772499,19.934999,19.934999,972000
2012-12-26,19.9625,19.9925,19.657499,19.735001,19.735001,1638000
2012-12-27,19.68,19.8475,19.547501,19.782499,19.782499,2591600
2012-12-28,19.602501,19.809999,19.5975,19.629999,19.629999,1905600
2012-12-31,19.657499,19.775,19.51,19.7575,19.7575,2276800
2013-01-02,20.07,20.32,20.002501,20.32,20.32,3571200
2013-01-03,20.245001,20.355,20.1,20.1675,20.1675,2021200
2013-01-04,20.2325,20.2325,20.0725,20.174999,20.174999,1852000
2013-01-07,20.125,20.344999,20.0275,20.3025,20.3025,2426000
2013-01-08,20.290001,20.459999,20.1425,20.4,20.4,2952800
2013-01-09,20.5,20.725,20.424999,20.709999,20.709999,2737200
2013-01-10,20.84,20.84,20.59,20.799999,20.799999,2186800
2013-01-11,20.5975,20.8575,20.5975,20.745001,20.745001,2590400
2013-01-14,20.7125,20.799999,20.672501,20.725,20.725,1656000
2013-01-15,19.7575,20.325001,19.7575,20.1175,20.1175,12348400
2013-01-16,20.08,20.184999,19.98,20.1175,20.1175,4788400
2013-01-17,20.252501,20.3475,20.1875,20.27,20.27,3061600
2013-01-18,20.27,20.3675,20.137501,20.309999,20.309999,4256400
2013-01-22,20.3375,20.4475,20.2675,20.432501,20.432501,4444000
2013-01-23,20.3825,20.4475,20.264999,20.307501,20.307501,4540000
2013-01-24,20.297501,20.49,20.059999,20.1,20.1,3958800
2013-01-25,20.227501,20.280001,20.0825,20.2125,20.2125,2705200
2013-01-28,20.305,20.305,20.129999,20.195,20.195,4032400
2013-01-29,20.195,20.282499,20.129999,20.235001,20.235001,2453600
2013-01-30,20.264999,20.27,20.139999,20.23,20.23,1790000
2013-01-31,20.272499,20.309999,20.057501,20.077499,20.077499,2052800
2013-02-01,20.27,20.397499,20.247499,20.3375,20.3375,3257200
2013-02-04,20.190001,20.282499,20.014999,20.022499,20.022499,2590800
2013-02-05,20.182501,20.254999,20.0425,20.202499,20.202499,3439600
2013-02-06,20.1625,20.252501,19.965,20.08,20.08,4160000
2013-02-07,20.049999,20.084999,19.9375,19.99,19.99,4710800
2013-02-08,20.025,20.17,19.9925,20.120001,20.120001,2558400
2013-02-11,20.165001,20.2675,20.145,20.209999,20.209999,2864000
2013-02-12,20.145,20.225,20.092501,20.135,20.135,2082400
2013-02-13,20.112499,20.1875,20.059999,20.137501,20.137501,1868000
2013-02-14,20.075001,20.157499,19.907499,20.040001,20.040001,2785600
2013-02-15,20.045,20.237499,19.977501,20.217501,20.217501,3198800
2013-02-19,20.190001,20.342501,20.190001,20.254999,20.254999,3678000
2013-02-20,20.305,20.452499,20.17,20.172501,20.172501,2941200
2013-02-21,20.102501,20.115,19.82,19.875,19.875,2451200
2013-02-22,19.9175,20.0625,19.875,20.059999,20.059999,2491200
2013-02-25,20.065001,20.295,19.877501,19.897499,19.897499,3116000
2013-02-26,19.9475,20.205,19.91,20.190001,20.190001,2652800
2013-02-27,20.0425,20.397499,20.0375,20.334999,20.334999,5376000
2013-02-28,20.307501,20.612499,20.307501,20.559999,20.559999,5284000
2013-03-01,20.52,20.535,20.295,20.375,20.375,2750800
2013-03-04,20.3325,20.7075,20.3325,20.705,20.705,2860400
2013-03-05,20.74,21.15,20.719999,21.147499,21.147499,3578400
2013-03-06,21.147499,21.245001,20.9275,20.99,20.99,2384000
2013-03-07,21.0175,21.145,20.905001,21.0175,21.0175,2624000
2013-03-08,21.1,21.192499,21.002501,21.1775,21.1775,2367200
2013-03-11,21.125,21.2125,21.1,21.172501,21.172501,1092400
2013-03-12,21.1525,21.202499,21.0175,21.174999,21.174999,1218800
2013-03-13,21.2425,21.245001,21.110001,21.217501,21.217501,1143200
2013-03-14,21.25,21.3225,21.184999,21.3225,21.3225,3386800
2013-03-15,21.24,21.42,21.219999,21.362499,21.362499,4178400
2013-03-18,21.157499,21.327499,21.1525,21.254999,21.254999,2271600
2013-03-19,21.317499,21.3575,21.127501,21.27,21.27,1564800
2013-03-20,21.432501,21.495001,21.2925,21.440001,21.440001,1336000
2013-03-21,21.25,21.365,21.2325,21.327499,21.327499,1867200
2013-03-22,21.4375,21.540001,21.334999,21.522499,21.522499,1437600
2013-03-25,21.655001,21.6625,21.315001,21.4275,21.4275,1287600
2013-03-26,21.594999,21.695,21.452499,21.629999,21.629999,1140000
2013-03-27,21.5425,21.6425,21.362499,21.58,21.58,973200
2013-03-28,21.532499,21.977501,21.525,21.965,21.965,2818000
2013-04-01,21.99,21.997499,21.715,21.752501,21.752501,1311600
2013-04-02,21.83,21.872499,21.684999,21.762501,21.762501,1519600
2013-04-03,21.772499,21.772499,21.385,21.4575,21.4575,2001600
2013-04-04,21.5075,21.627501,21.452499,21.559999,21.559999,1434400
2013-04-05,21.264999,21.360001,21.094999,21.209999,21.209999,1547600
2013-04-08,21.18,21.415001,21.1775,21.415001,21.415001,1147600
2013-04-09,21.5175,21.6,21.305,21.557501,21.557501,1646400
2013-04-10,21.5525,22.0975,21.525,22.0875,22.0875,2372400
2013-04-11,22.0625,22.192499,21.985001,22.0975,22.0975,1979200
2013-04-12,21.965,22.02,21.82,21.9575,21.9575,1780000
2013-04-15,21.877501,21.952499,21.424999,21.4275,21.4275,1882000
2013-04-16,21.502501,21.8825,21.385,21.870001,21.870001,2094800
2013-04-17,21.7675,21.7675,21.51,21.684999,21.684999,2127200
2013-04-18,21.715,21.790001,21.4,21.5,21.5,1463200
2013-04-19,21.395,21.860001,21.352501,21.83,21.83,2179200
2013-04-22,21.872499,21.969999,21.592501,21.9175,21.9175,1277600
2013-04-23,21.975,22.125,21.807501,22.067499,22.067499,1764800
2013-04-24,22.057501,22.35,21.987499,22.3325,22.3325,1560800
2013-04-25,22.450001,22.602501,22.3575,22.5425,22.5425,2336800
2013-04-26,22.5725,22.6525,22.4825,22.532499,22.532499,2018400
2013-04-29,22.525,22.7325,22.504999,22.709999,22.709999,2361200
2013-04-30,22.695,22.790001,22.6,22.7775,22.7775,3325600
2013-05-01,21.7075,22.375,21.68,21.7325,21.7325,6331200
2013-05-02,21.817499,21.9125,21.5625,21.575001,21.575001,4381200
2013-05-03,21.75,21.785,21.6525,21.700001,21.700001,4098400
2013-05-06,21.745001,21.834999,21.584999,21.629999,21.629999,3606400
2013-05-07,21.629999,22.032499,21.6,22.0,22.0,3880000
2013-05-08,21.987499,22.192499,21.9275,22.182501,22.182501,3101200
2013-05-09,22.195,22.389999,22.190001,22.247499,22.247499,2176000
2013-05-10,22.237499,22.3925,22.225,22.379999,22.379999,1851200
2013-05-13,22.407499,22.465,22.272499,22.3475,22.3475,1384800
2013-05-14,22.315001,22.469999,22.2875,22.450001,22.450001,2291200
2013-05-15,22.432501,22.575001,22.3375,22.565001,22.565001,1914800
2013-05-16,22.434999,22.637501,22.23,22.237499,22.237499,1721200
2013-05-17,22.407499,22.65,22.295,22.647499,22.647499,2398400
2013-05-20,22.5425,22.67,22.455,22.549999,22.549999,2060400
2013-05-21,22.5275,22.682501,22.4625,22.5,22.5,2092800
2013-05-22,22.5425,22.602501,22.2425,22.3375,22.3375,3915600
2013-05-23,22.272499,22.360001,22.17,22.200001,22.200001,1972400
2013-05-24,22.0525,22.059999,21.897499,22.022499,22.022499,2284000
2013-05-28,22.174999,22.405001,22.127501,22.3475,22.3475,1681600
2013-05-29,22.1975,22.2575,21.924999,21.9475,21.9475,2140400
2013-05-30,21.942499,22.195,21.93,22.125,22.125,2891600
2013-05-31,22.0525,22.24,21.762501,21.790001,21.790001,4721200
2013-06-03,21.9175,21.99,21.594999,21.8025,21.8025,3878000
2013-06-04,21.877501,21.897499,21.485001,21.577499,21.577499,3283600
2013-06-05,21.532499,21.610001,21.26,21.3025,21.3025,2626400
2013-06-06,21.342501,21.4175,21.15,21.370001,21.370001,2344000
2013-06-07,21.525,21.7225,21.487499,21.629999,21.629999,2140400
2013-06-10,21.637501,21.657499,21.49,21.605,21.605,1924400
2013-06-11,21.445,21.8575,21.372499,21.665001,21.665001,1970000
2013-06-12,21.7925,21.85,21.4825,21.4825,21.4825,1900000
2013-06-13,21.512501,22.0175,21.387501,21.9725,21.9725,1789200
2013-06-14,21.997499,21.997499,21.65,21.745001,21.745001,1750000
2013-06-17,21.8225,22.125,21.692499,21.9725,21.9725,2104800
2013-06-18,21.9175,22.182501,21.9175,22.16,22.16,1740000
2013-06-19,22.165001,22.334999,22.012501,22.040001,22.040001,2487600
2013-06-20,21.844999,21.844999,21.495001,21.5075,21.5075,2199600
2013-06-21,21.622499,21.7425,21.247499,21.625,21.625,4760800
2013-06-24,21.51,21.602501,21.362499,21.362499,21.362499,2670400
2013-06-25,21.5275,21.6625,21.264999,21.605,21.605,1412000
2013-06-26,21.752501,21.834999,21.627501,21.684999,21.684999,1782400
2013-06-27,21.752501,22.040001,21.684999,22.014999,22.014999,1944000
2013-06-28,21.83,22.047501,21.7125,21.852501,21.852501,4320400
2013-07-01,21.924999,22.1675,21.782499,21.8225,21.8225,2194400
2013-07-02,21.735001,21.995001,21.6525,21.7125,21.7125,1700400
2013-07-03,21.57,22.15,21.57,21.98,21.98,1254000
2013-07-05,22.115,22.377501,22.02,22.24,22.24,1587200
2013-07-08,22.5,22.627501,22.360001,22.362499,22.362499,3130000
2013-07-09,22.487499,22.5275,22.344999,22.3675,22.3675,2614000
2013-07-10,22.377501,22.610001,22.377501,22.5725,22.5725,2148400
2013-07-11,22.737499,22.842501,22.67,22.785,22.785,2160000
2013-07-12,22.772499,22.9575,22.6675,22.764999,22.764999,3335200
2013-07-15,22.7125,22.955,22.655001,22.809999,22.809999,1850800
2013-07-16,22.8475,22.93,22.690001,22.7575,22.7575,1821600
2013-07-17,22.8675,22.942499,22.700001,22.74,22.74,1530800
2013-07-18,22.795,22.997499,22.745001,22.9025,22.9025,1803200
2013-07-19,22.9025,22.985001,22.7775,22.945,22.945,2450000
2013-07-22,23.014999,23.094999,22.862499,23.0375,23.0375,1568000
2013-07-23,23.41,23.41,22.805,22.969999,22.969999,1557200
2013-07-24,23.07,23.16,22.945,23.002501,23.002501,1353200
2013-07-25,22.940001,23.2075,22.8925,23.1775,23.1775,1355600
2013-07-26,22.987499,23.2075,22.9275,23.1975,23.1975,1974400
2013-07-29,23.094999,23.2225,23.004999,23.1,23.1,2026000
2013-07-30,23.25,23.25,23.0175,23.127501,23.127501,3120800
2013-07-31,23.932501,24.969999,23.932501,24.059999,24.059999,9736400
2013-08-01,24.145,24.352501,24.075001,24.219999,24.219999,3778400
2013-08-02,24.25,24.547501,24.1075,24.545,24.545,3183600
2013-08-05,24.445,25.129999,24.424999,25.0875,25.0875,3501200
2013-08-06,25.112499,25.325001,25.045,25.1975,25.1975,3492000
2013-08-07,25.2325,25.3025,25.025,25.24,25.24,2394800
2013-08-08,25.397499,25.4625,25.112499,25.2875,25.2875,2238000
2013-08-09,25.2775,25.4,25.1075,25.280001,25.280001,1128800
2013-08-12,25.190001,25.43,25.065001,25.3675,25.3675,1569600
2013-08-13,25.352501,25.557501,25.145,25.385,25.385,1005600
2013-08-14,25.41,25.41,25.1625,25.25,25.25,1688000
2013-08-15,25.02,25.035,24.735001,24.807501,24.807501,3138000
2013-08-16,24.764999,25.0,24.764999,24.8375,24.8375,1981200
2013-08-19,24.8025,25.01,24.629999,24.705,24.705,2277600
2013-08-20,24.690001,24.8825,24.59,24.7925,24.7925,1371600
2013-08-21,24.620001,24.809999,24.512501,24.575001,24.575001,1513200
2013-08-22,24.612499,24.9925,24.58,24.7775,24.7775,1915600
2013-08-23,24.9,24.975,24.797501,24.8675,24.8675,2346800
2013-08-26,24.764999,24.9475,24.684999,24.702499,24.702499,1233200
2013-08-27,24.422501,24.555,24.092501,24.125,24.125,1731600
2013-08-28,24.202499,24.262501,24.045,24.055,24.055,1348000
2013-08-29,23.934999,24.2225,23.702499,24.09,24.09,1976400
2013-08-30,24.092501,24.147499,23.9575,24.067499,24.067499,2025200
2013-09-03,24.465,24.7875,24.0175,24.135,24.135,2588800
2013-09-04,24.094999,24.440001,23.967501,24.424999,24.424999,2645200
2013-09-05,23.272499,24.477501,23.172501,24.424999,24.424999,1361600
2013-09-06,24.5375,24.799999,24.182501,24.6425,24.6425,2492800
2013-09-09,24.6625,24.889999,24.59,24.879999,24.879999,1860800
2013-09-10,24.9725,25.0275,24.775,24.995001,24.995001,2121200
2013-09-11,24.940001,25.3375,24.897499,25.262501,25.262501,1440000
2013-09-12,25.147499,25.379999,25.0,25.0375,25.0375,1643200
2013-09-13,25.135,25.215,24.9575,25.092501,25.092501,1103600
2013-09-16,25.307501,25.375,25.155001,25.309999,25.309999,1430000
2013-09-17,25.334999,25.565001,25.2575,25.477501,25.477501,1458400
2013-09-18,25.5625,25.7925,25.3025,25.737499,25.737499,1929600
2013-09-19,25.775,25.8025,25.485001,25.485001,25.485001,1468400
2013-09-20,25.512501,25.65,25.282499,25.459999,25.459999,5300800
2013-09-23,25.695,25.695,25.2225,25.225,25.225,2594400
2013-09-24,25.2875,25.547501,25.1425,25.452499,25.452499,2550800
2013-09-25,25.455,25.5425,25.252501,25.355,25.355,1989200
2013-09-26,25.370001,25.4275,25.1525,25.235001,25.235001,1818400
2013-09-27,25.157499,25.285,25.077499,25.272499,25.272499,1446000
2013-09-30,25.115,25.305,25.014999,25.262501,25.262501,1942000
2013-10-01,25.342501,25.635,25.262501,25.635,25.635,1976800
2013-10-02,25.4475,25.5425,25.192499,25.4475,25.4475,2303600
2013-10-03,25.35,25.405001,25.02,25.08,25.08,2044800
2013-10-04,25.08,25.32,25.032499,25.25,25.25,1418000
2013-10-07,25.01,25.1,24.8475,24.855,24.855,1764000
2013-10-08,24.8025,24.967501,24.625,24.635,24.635,1896800
2013-10-09,24.76,24.83,24.475,24.59,24.59,2056000
2013-10-10,24.870001,25.1325,24.727501,25.105,25.105,1723600
2013-10-11,24.907499,25.432501,24.907499,25.432501,25.432501,1182800
2013-10-14,25.334999,25.620001,25.290001,25.592501,25.592501,1232000
2013-10-15,25.5175,25.615,25.4275,25.485001,25.485001,1425600
2013-10-16,25.645,25.93,25.592501,25.9275,25.9275,1771200
2013-10-17,25.817499,26.077499,25.782499,26.057501,26.057501,1663200
2013-10-18,26.0975,26.2225,26.030001,26.155001,26.155001,1576400
2013-10-21,26.1325,26.3475,26.075001,26.342501,26.342501,1376400
2013-10-22,26.450001,26.5975,26.299999,26.557501,26.557501,1224000
2013-10-23,26.442499,26.530001,26.2325,26.34,26.34,930800
2013-10-24,26.487499,26.487499,26.264999,26.4,26.4,926400
2013-10-25,26.2575,26.575001,26.2425,26.575001,26.575001,1477200
2013-10-28,26.6875,26.782499,26.51,26.665001,26.665001,1672400
2013-10-29,26.862499,27.0,26.532499,26.66,26.66,3224000
2013-10-30,26.375,26.645,26.1875,26.297501,26.297501,3163600
2013-10-31,26.27,26.3225,26.137501,26.182501,26.182501,4135200
2013-11-01,26.2075,26.2575,26.065001,26.2125,26.2125,1978400
2013-11-04,26.275,26.375,26.1775,26.275,26.275,1253200
2013-11-05,26.102501,26.202499,26.012501,26.172501,26.172501,2106400
2013-11-06,26.092501,26.3325,26.092501,26.327499,26.327499,1272400
2013-11-07,26.450001,26.452499,25.932501,25.965,25.965,1298000
2013-11-08,25.950001,26.4175,25.91,26.405001,26.405001,1682800
2013-11-11,26.35,26.4125,26.2575,26.344999,26.344999,923200
2013-11-12,26.225,26.424999,26.1075,26.407499,26.407499,1771600
2013-11-13,26.235001,26.805,26.215,26.797501,26.797501,2078400
2013-11-14,26.887501,27.014999,26.7325,26.799999,26.799999,1682400
2013-11-15,26.7325,27.17,26.700001,27.1525,27.1525,2509200
2013-11-18,27.125,27.405001,27.1175,27.372499,27.372499,2155600
2013-11-19,27.375,27.629999,27.2425,27.26,27.26,2215600
2013-11-20,27.2225,27.387501,27.0075,27.075001,27.075001,1477200
2013-11-21,27.3025,27.525,27.182501,27.495001,27.495001,1825200
2013-11-22,27.59,27.645,27.445,27.5275,27.5275,1814800
2013-11-25,27.674999,27.682501,27.3575,27.375,27.375,1808800
2013-11-26,27.584999,27.65,27.4175,27.565001,27.565001,2841200
2013-11-27,29.092501,29.092501,27.575001,27.6875,27.6875,1280400
2013-11-29,27.567499,27.780001,27.465,27.4725,27.4725,1581200
2013-12-02,27.6175,27.842501,27.487499,27.75,27.75,3694400
2013-12-03,27.559999,27.82,27.4925,27.525,27.525,1991200
2013-12-04,27.32,27.530001,27.047501,27.2775,27.2775,1326400
2013-12-05,27.245001,27.334999,27.0625,27.07,27.07,1501200
2013-12-06,27.3475,27.797501,27.120001,27.790001,27.790001,1869600
2013-12-09,28.102501,28.217501,27.565001,27.780001,27.780001,1463200
2013-12-10,27.645,27.9125,27.645,27.782499,27.782499,1540400
2013-12-11,27.725,27.862499,27.565001,27.5975,27.5975,1782000
2013-12-12,27.735001,28.110001,27.5825,27.995001,27.995001,2684400
2013-12-13,28.190001,28.190001,27.885,27.959999,27.959999,1712800
2013-12-16,28.014999,28.405001,28.014999,28.344999,28.344999,2362000
2013-12-17,28.42,28.5,27.98,28.305,28.305,2518600
2013-12-18,28.295,28.735001,27.950001,28.735001,28.735001,2321600
2013-12-19,28.764999,28.92,28.594999,28.635,28.635,2091600
2013-12-20,28.735001,29.030001,28.58,28.915001,28.915001,4661600
2013-12-23,29.02,29.219999,28.934999,29.195,29.195,1890400
2013-12-24,29.26,29.26,29.110001,29.184999,29.184999,554200
2013-12-26,29.26,29.5,29.139999,29.440001,29.440001,1508000
2013-12-27,29.535,29.559999,29.280001,29.305,29.305,1111200
2013-12-30,29.295,29.485001,29.25,29.360001,29.360001,1114400
2013-12-31,29.389999,29.639999,29.389999,29.525,29.525,1100600
2014-01-02,29.525,29.610001,28.995001,29.1,29.1,2057600
2014-01-03,29.084999,29.200001,28.965,29.02,29.02,2165000
2014-01-06,29.059999,29.209999,28.91,29.055,29.055,2646600
2014-01-07,29.15,29.254999,29.105,29.200001,29.200001,1254800
2014-01-08,29.17,29.41,29.035,29.355,29.355,2391000
2014-01-09,29.379999,29.485001,29.215,29.305,29.305,1148800
2014-01-10,29.4,29.4,28.950001,29.15,29.15,2267200
2014-01-13,28.98,29.23,28.594999,28.695,28.695,1762600
2014-01-14,28.799999,29.08,28.635,28.99,28.99,2148400
2014-01-15,28.99,29.049999,28.825001,28.9,28.9,1901400
2014-01-16,28.83,28.92,28.65,28.695,28.695,2417000
2014-01-17,28.58,28.764999,28.33,28.625,28.625,3592200
2014-01-21,28.735001,28.9,28.375,28.559999,28.559999,3356000
2014-01-22,28.735001,29.235001,28.610001,29.195,29.195,2345800
2014-01-23,28.860001,29.235001,28.73,28.875,28.875,3299600
2014-01-24,28.700001,28.715,28.17,28.200001,28.200001,3431400
2014-01-27,27.790001,28.309999,27.790001,27.950001,27.950001,3332200
2014-01-28,27.985001,28.440001,27.905001,28.389999,28.389999,2056600
2014-01-29,28.254999,28.469999,28.09,28.105,28.105,2392000
2014-01-30,28.290001,28.610001,28.18,28.389999,28.389999,2086200
2014-01-31,26.84,28.139999,26.84,28.025,28.025,4543600
2014-02-03,28.195,28.24,27.165001,27.200001,27.200001,3265800
2014-02-04,27.27,27.860001,27.18,27.76,27.76,2513000
2014-02-05,27.690001,27.924999,27.309999,27.865,27.865,2703800
2014-02-06,27.514999,27.995001,27.215,27.424999,27.424999,4327800
2014-02-07,27.639999,27.795,27.440001,27.615,27.615,3593000
2014-02-10,27.434999,27.5,27.02,27.389999,27.389999,7482800
2014-02-11,27.275,27.805,27.045,27.775,27.775,5245400
2014-02-12,27.844999,28.045,27.59,27.93,27.93,4557600
2014-02-13,27.790001,28.155001,27.68,28.045,28.045,4076000
2014-02-14,27.940001,28.165001,27.905001,28.059999,28.059999,2362200
2014-02-18,28.030001,28.559999,28.014999,28.504999,28.504999,2805000
2014-02-19,28.459999,28.665001,28.325001,28.485001,28.485001,2131800
2014-02-20,28.52,28.684999,28.375,28.59,28.59,1816000
2014-02-21,28.690001,28.93,28.514999,28.684999,28.684999,2378400
2014-02-24,28.475,29.040001,28.375,28.780001,28.780001,2584000
2014-02-25,28.709999,28.9,28.615,28.75,28.75,1703000
2014-02-26,28.865,29.01,28.735001,28.82,28.82,1534200
2014-02-27,28.83,29.17,28.745001,28.995001,28.995001,1772000
2014-02-28,29.035,29.165001,28.805,29.025,29.025,2245200
2014-03-03,28.844999,28.945,28.635,28.815001,28.815001,1637000
2014-03-04,29.125,29.645,29.125,29.59,29.59,2014000
2014-03-05,29.49,29.58,29.120001,29.139999,29.139999,2346600
2014-03-06,29.120001,29.415001,29.094999,29.33,29.33,1769200
2014-03-07,29.49,29.559999,29.275,29.389999,29.389999,1796600
2014-03-10,29.365,29.469999,29.225,29.325001,29.325001,1416200
2014-03-11,29.389999,29.465,29.23,29.315001,29.315001,1003800
2014-03-12,29.120001,29.355,29.01,29.309999,29.309999,1173800
2014-03-13,29.385,29.459999,28.605,28.73,28.73,2270200
2014-03-14,28.719999,28.99,28.610001,28.620001,28.620001,1933200
2014-03-17,28.75,29.215,28.75,29.084999,29.084999,2179000
2014-03-18,29.030001,29.370001,28.945,29.215,29.215,1774200
2014-03-19,29.139999,29.360001,28.865,29.055,29.055,1750200
2014-03-20,28.940001,29.225,28.885,29.219999,29.219999,1233200
2014-03-21,29.58,29.58,28.75,28.875,28.875,4153000
2014-03-24,29.004999,29.059999,28.174999,28.290001,28.290001,2388000
2014-03-25,27.879999,28.5,27.879999,28.16,28.16,2105000
2014-03-26,28.215,28.315001,27.84,27.844999,27.844999,1572600
2014-03-27,27.934999,28.084999,27.684999,27.705,27.705,3512800
2014-03-28,27.860001,28.18,27.75,27.945,27.945,2224000
2014-03-31,28.040001,28.690001,28.040001,28.344999,28.344999,3975200
2014-04-01,28.525,28.665001,28.309999,28.645,28.645,1931400
2014-04-02,28.665001,28.9,28.575001,28.84,28.84,2854600
2014-04-03,28.91,28.985001,28.855,28.879999,28.879999,2884000
2014-04-04,29.035,29.15,28.610001,28.65,28.65,4010400
2014-04-07,28.495001,28.665001,28.025,28.215,28.215,5197200
2014-04-08,28.245001,28.514999,28.174999,28.379999,28.379999,2345200
2014-04-09,28.375,28.559999,28.225,28.52,28.52,1918400
2014-04-10,28.469999,28.59,27.9,27.9,27.9,2151200
2014-04-11,27.655001,27.955,27.459999,27.525,27.525,2497600
2014-04-14,27.695,27.895,27.455,27.764999,27.764999,1904600
2014-04-15,27.85,28.165001,27.665001,28.105,28.105,1828400
2014-04-16,28.370001,28.620001,28.219999,28.559999,28.559999,2064600
2014-04-17,28.49,28.965,28.334999,28.790001,28.790001,2325800
2014-04-21,28.834999,28.870001,28.5,28.59,28.59,1617400
2014-04-22,28.5,28.705,28.4,28.540001,28.540001,1741600
2014-04-23,28.475,28.59,28.264999,28.305,28.305,2401800
2014-04-24,28.549999,28.645,28.254999,28.334999,28.334999,2462400
2014-04-25,28.309999,28.344999,27.934999,27.945,27.945,2644200
2014-04-28,28.025,28.545,27.905001,28.395,28.395,7059200
2014-04-29,28.584999,28.815001,28.48,28.75,28.75,3398600
2014-04-30,29.040001,30.405001,28.5,30.389999,30.389999,7954600
2014-05-01,30.395,30.525,30.08,30.455,30.455,4242000
2014-05-02,30.645,30.870001,30.42,30.790001,30.790001,3086000
2014-05-05,30.584999,30.875,30.35,30.870001,30.870001,2370600
2014-05-06,30.85,30.870001,30.605,30.764999,30.764999,1914200
2014-05-07,30.754999,30.885,30.485001,30.844999,30.844999,2586600
2014-05-08,30.754999,31.135,30.605,30.764999,30.764999,2176200
2014-05-09,30.754999,30.855,30.41,30.5,30.5,3420000
2014-05-12,30.540001,30.870001,30.5,30.799999,30.799999,3412600
2014-05-13,30.834999,30.834999,30.625,30.635,30.635,1830000
2014-05-14,30.6,30.665001,30.190001,30.245001,30.245001,1812200
2014-05-15,30.4,30.4,29.725,29.844999,29.844999,2002200
2014-05-16,29.92,29.92,29.465,29.74,29.74,7829600
2014-05-19,29.690001,30.025,29.67,29.940001,29.940001,1300600
2014-05-20,29.940001,30.0,29.594999,29.615,29.615,1651600
2014-05-21,29.68,29.790001,29.6,29.65,29.65,1503800
2014-05-22,29.6,29.74,29.379999,29.645,29.645,1845600
2014-05-23,29.775,29.950001,29.625,29.915001,29.915001,1382600
2014-05-27,29.860001,30.209999,29.860001,30.094999,30.094999,1289600
2014-05-28,30.075001,30.135,29.9,29.945,29.945,1584800
2014-05-29,29.985001,30.184999,29.93,30.145,30.145,1016400
2014-05-30,30.25,30.32,29.924999,30.055,30.055,1429800
2014-06-02,30.045,30.254999,29.924999,30.215,30.215,1077800
2014-06-03,30.145,30.504999,30.055,30.475,30.475,2212600
2014-06-04,30.355,30.465,30.290001,30.389999,30.389999,1393400
2014-06-05,30.41,30.594999,30.129999,30.535,30.535,1371200
2014-06-06,30.674999,30.745001,30.385,30.6,30.6,1657600
2014-06-09,30.535,30.75,30.495001,30.620001,30.620001,1250800
2014-06-10,30.459999,30.684999,30.264999,30.42,30.42,1407800
2014-06-11,30.389999,30.445,30.115,30.225,30.225,1468000
2014-06-12,30.184999,30.25,29.68,29.77,29.77,1903600
2014-06-13,29.855,30.07,29.75,29.955,29.955,1205400
2014-06-16,29.91,30.02,29.68,29.76,29.76,1390000
2014-06-17,29.73,29.915001,29.594999,29.834999,29.834999,1865800
2014-06-18,29.83,30.165001,29.66,30.09,30.09,1616000
2014-06-19,30.059999,30.110001,29.83,30.1,30.1,1858800
2014-06-20,30.219999,30.290001,30.049999,30.205,30.205,4919800
2014-06-23,30.145,30.205,29.92,30.155001,30.155001,968600
2014-06-24,30.030001,30.285,29.955,29.98,29.98,1093000
2014-06-25,29.975,30.365,29.905001,30.305,30.305,1425400
2014-06-26,30.434999,30.434999,30.205,30.309999,30.309999,1379400
2014-06-27,30.190001,30.24,30.049999,30.190001,30.190001,1722600
2014-06-30,30.105,30.174999,29.924999,30.16,30.16,1700400
2014-07-01,30.309999,30.76,30.285,30.605,30.605,1899800
2014-07-02,30.59,30.605,30.25,30.35,30.35,2151800
2014-07-03,30.385,30.545,30.25,30.540001,30.540001,983000
2014-07-07,30.370001,30.475,30.23,30.42,30.42,2272200
2014-07-08,30.455,30.5,30.34,30.43,30.43,1627600
2014-07-09,30.5,30.565001,30.360001,30.48,30.48,1408400
2014-07-10,30.315001,30.504999,30.174999,30.455,30.455,1524600
2014-07-11,30.495001,30.620001,29.84,30.610001,30.610001,1257800
2014-07-14,30.709999,30.764999,30.58,30.754999,30.754999,1512200
2014-07-15,30.629999,30.965,30.629999,30.950001,30.950001,1738000
2014-07-16,31.0,31.094999,30.93,31.02,31.02,1658000
2014-07-17,30.924999,31.184999,30.85,30.975,30.975,1741400
2014-07-18,31.139999,31.504999,30.915001,31.434999,31.434999,2203200
2014-07-21,31.34,31.549999,31.25,31.325001,31.325001,2043200
2014-07-22,31.424999,31.48,31.18,31.33,31.33,1694800
2014-07-23,31.235001,31.35,31.135,31.190001,31.190001,1195400
2014-07-24,31.275,31.475,31.275,31.389999,31.389999,1576400
2014-07-25,31.33,31.440001,31.23,31.334999,31.334999,1080800
2014-07-28,31.23,31.344999,31.01,31.174999,31.174999,1805400
2014-07-29,31.115,31.370001,31.014999,31.18,31.18,1939600
2014-07-30,30.73,31.34,30.655001,31.275,31.275,2861200
2014-07-31,31.370001,31.370001,30.799999,30.834999,30.834999,2427400
2014-08-01,30.780001,30.985001,30.655001,30.719999,30.719999,2975000
2014-08-04,30.719999,30.795,30.469999,30.705,30.705,2619000
2014-08-05,30.555,30.674999,30.35,30.424999,30.424999,2423200
2014-08-06,30.360001,30.76,30.27,30.635,30.635,3211400
2014-08-07,30.705,30.799999,30.35,30.41,30.41,1968000
2014-08-08,30.41,30.745001,30.4,30.695,30.695,2112600
2014-08-11,30.695,30.924999,30.684999,30.834999,30.834999,1359400
2014-08-12,30.745001,30.895,30.65,30.76,30.76,1305000
2014-08-13,30.895,31.065001,30.82,31.0,31.0,1710200
2014-08-14,31.045,31.235001,31.0,31.184999,31.184999,1396600
2014-08-15,31.415001,31.584999,31.07,31.360001,31.360001,5344400
2014-08-18,31.5,31.785,31.389999,31.76,31.76,1508800
2014-08-19,31.745001,31.965,31.65,31.959999,31.959999,1284200
2014-08-20,31.855,32.18,31.780001,32.150002,32.150002,1628600
2014-08-21,32.084999,32.235001,32.040001,32.110001,32.110001,1800600
2014-08-22,32.195,32.205002,32.009998,32.115002,32.115002,1426000
2014-08-25,32.294998,32.384998,32.18,32.264999,32.264999,1198000
2014-08-26,32.240002,32.404999,32.200001,32.220001,32.220001,1241000
2014-08-27,32.195,32.264999,31.975,32.084999,32.084999,1520000
2014-08-28,32.07,32.244999,31.969999,32.174999,32.174999,1432400
2014-08-29,32.34,32.34,31.99,32.235001,32.235001,1630600
2014-09-02,32.285,32.400002,32.105,32.325001,32.325001,2125000
2014-09-03,32.439999,32.580002,32.349998,32.525002,32.525002,1782000
2014-09-04,32.580002,32.900002,32.560001,32.619999,32.619999,1829800
2014-09-05,32.560001,32.830002,32.560001,32.810001,32.810001,1696600
2014-09-08,32.720001,33.009998,32.625,32.744999,32.744999,1381000
2014-09-09,32.669998,32.775002,32.485001,32.494999,32.494999,1427400
2014-09-10,32.485001,32.744999,32.48,32.645,32.645,1352000
2014-09-11,32.560001,32.715,32.514999,32.639999,32.639999,1353200
2014-09-12,32.560001,32.68,32.264999,32.470001,32.470001,1567400
2014-09-15,32.57,32.615002,32.349998,32.509998,32.509998,1334200
2014-09-16,32.415001,32.630001,32.305,32.59,32.59,1702800
2014-09-17,32.610001,32.744999,32.41,32.575001,32.575001,1307400
2014-09-18,32.639999,32.810001,32.575001,32.77,32.77,1087600
2014-09-19,32.935001,33.055,32.724998,32.849998,32.849998,2597200
2014-09-22,32.77,32.825001,32.365002,32.465,32.465,1417400
2014-09-23,32.509998,32.580002,32.224998,32.240002,32.240002,1676600
2014-09-24,32.299999,32.794998,32.244999,32.740002,32.740002,1905400
2014-09-25,32.715,32.75,32.0,32.005001,32.005001,2116000
2014-09-26,31.965,32.255001,31.895,32.174999,32.174999,1483800
2014-09-29,31.85,32.314999,31.73,32.264999,32.264999,1342400
2014-09-30,32.275002,32.560001,32.209999,32.32,32.32,1762000
2014-10-01,32.290001,32.349998,32.02,32.16,32.16,2018600
2014-10-02,32.134998,32.404999,32.014999,32.174999,32.174999,1565000
2014-10-03,32.290001,32.669998,32.275002,32.57,32.57,1650400
2014-10-06,32.645,32.759998,32.235001,32.25,32.25,2684000
2014-10-07,32.044998,32.130001,31.57,31.594999,31.594999,2362200
2014-10-08,31.66,32.424999,31.65,32.400002,32.400002,3228800
2014-10-09,32.259998,32.380001,31.780001,31.834999,31.834999,2067800
2014-10-10,31.805,32.154999,31.434999,31.459999,31.459999,3184800
2014-10-13,31.360001,31.655001,31.18,31.18,31.18,2540600
2014-10-14,31.459999,31.700001,31.26,31.485001,31.485001,1831200
2014-10-15,31.0,31.290001,30.434999,30.865,30.865,3550000
2014-10-16,30.299999,30.924999,30.275,30.855,30.855,2611800
2014-10-17,31.065001,31.535,30.969999,31.385,31.385,2736400
2014-10-20,31.33,31.485001,31.125,31.455,31.455,1945400
2014-10-21,31.584999,32.294998,31.555,32.275002,32.275002,3863800
2014-10-22,32.43,32.459999,32.07,32.09,32.09,2408600
2014-10-23,32.459999,32.740002,32.330002,32.544998,32.544998,2928600
2014-10-24,32.709999,33.139999,32.404999,33.02,33.02,1884200
2014-10-27,33.014999,33.34,32.875,33.060001,33.060001,1800800
2014-10-28,33.16,33.634998,33.049999,33.630001,33.630001,2540600
2014-10-29,34.380001,34.970001,33.77,33.845001,33.845001,4006400
2014-10-30,33.830002,34.445,33.799999,34.285,34.285,2408600
2014-10-31,35.035,35.035,34.505001,34.740002,34.740002,3035000
2014-11-03,34.810001,34.98,34.73,34.834999,34.834999,2071600
2014-11-04,34.849998,35.09,34.564999,34.575001,34.575001,2592600
2014-11-05,35.125,35.125,34.654999,34.939999,34.939999,2415200
2014-11-06,35.02,35.110001,34.935001,34.990002,34.990002,2019600
2014-11-07,35.084999,35.105,34.674999,34.73,34.73,2212600
2014-11-10,34.695,35.040001,34.639999,35.035,35.035,3216600
2014-11-11,35.014999,35.095001,34.849998,34.919998,34.919998,1824800
2014-11-12,34.75,35.009998,34.75,34.924999,34.924999,1893600
2014-11-13,35.044998,35.209999,34.860001,35.185001,35.185001,2520800
2014-11-14,35.310001,35.310001,34.994999,35.044998,35.044998,1794200
2014-11-17,34.935001,35.264999,34.919998,35.154999,35.154999,1914600
2014-11-18,35.110001,35.424999,35.014999,35.25,35.25,1580600
2014-11-19,35.235001,35.279999,35.095001,35.205002,35.205002,2173600
2014-11-20,35.105,35.255001,34.91,35.215,35.215,2068200
2014-11-21,35.605,35.605,34.970001,35.029999,35.029999,4395800
2014-11-24,35.174999,35.34,35.040001,35.314999,35.314999,2089000
2014-11-25,35.435001,35.575001,35.205002,35.244999,35.244999,2398000
2014-11-26,35.299999,35.5,35.240002,35.450001,35.450001,1964600
2014-11-28,35.735001,35.959999,35.685001,35.744999,35.744999,2109000
2014-12-01,35.610001,35.724998,35.505001,35.605,35.605,3128200
2014-12-02,35.610001,35.77,35.529999,35.630001,35.630001,2138800
2014-12-03,35.619999,35.75,35.435001,35.735001,35.735001,2555200
2014-12-04,35.77,35.924999,35.380001,35.450001,35.450001,2506200
2014-12-05,35.544998,35.685001,35.470001,35.685001,35.685001,3081000
2014-12-08,35.009998,35.75,35.009998,35.395,35.395,3761600
2014-12-09,35.025002,35.395,34.810001,35.235001,35.235001,2914400
2014-12-10,35.119999,35.275002,34.674999,34.720001,34.720001,3112600
2014-12-11,34.794998,35.299999,34.785,34.965,34.965,2265400
2014-12-12,34.549999,35.0,34.174999,34.174999,34.174999,3131600
2014-12-15,34.439999,34.610001,34.025002,34.485001,34.485001,2904000
2014-12-16,34.450001,34.970001,34.334999,34.380001,34.380001,2955400
2014-12-17,34.334999,35.07,34.169998,35.025002,35.025002,2445200
2014-12-18,35.455002,35.845001,35.005001,35.845001,35.845001,2823000
2014-12-19,35.82,36.064999,35.48,35.66,35.66,6787400
2014-12-22,35.830002,36.209999,35.82,36.185001,36.185001,1908400
2014-12-23,36.380001,36.634998,36.200001,36.514999,36.514999,2331200
2014-12-24,36.619999,36.625,36.310001,36.325001,36.325001,1578800
2014-12-26,36.360001,36.57,36.235001,36.275002,36.275002,1051200
2014-12-29,36.115002,36.264999,36.115002,36.169998,36.169998,1249000
2014-12-30,36.005001,36.154999,35.965,35.994999,35.994999,1327800
2014-12-31,36.075001,36.209999,35.470001,35.485001,35.485001,1626000
2015-01-02,35.744999,35.994999,35.18,35.310001,35.310001,2027800
2015-01-05,35.18,35.345001,34.779999,34.91,34.91,2081400
2015-01-06,35.055,35.255001,34.564999,34.945,34.945,5741000
2015-01-07,35.139999,35.43,34.869999,35.419998,35.419998,2237000
2015-01-08,35.77,36.259998,35.75,36.139999,36.139999,3133000
2015-01-09,36.165001,36.355,35.875,36.035,36.035,2751400
2015-01-12,36.139999,36.220001,35.84,35.985001,35.985001,2405000
2015-01-13,36.314999,36.865002,35.869999,36.110001,36.110001,1949000
2015-01-14,35.715,35.965,35.584999,35.895,35.895,1664200
2015-01-15,35.98,36.115002,35.689999,35.860001,35.860001,1755000
2015-01-16,35.915001,36.57,35.764999,36.52,36.52,2195400
2015-01-20,36.724998,36.799999,36.084999,36.575001,36.575001,2345800
2015-01-21,36.255001,36.535,35.994999,36.209999,36.209999,2300400
2015-01-22,36.41,36.860001,35.955002,36.814999,36.814999,1617800
2015-01-23,36.895,37.18,36.645,37.029999,37.029999,1357000
2015-01-26,36.860001,37.305,36.810001,37.154999,37.154999,1609600
2015-01-27,36.610001,36.945,36.349998,36.619999,36.619999,1541000
2015-01-28,36.715,37.040001,36.395,36.419998,36.419998,2170400
2015-01-29,36.404999,36.955002,36.305,36.935001,36.935001,2100400
2015-01-30,36.549999,36.825001,36.224998,36.264999,36.264999,3069600
2015-02-02,36.555,36.759998,35.889999,36.720001,36.720001,2221600
2015-02-03,36.93,37.279999,36.685001,37.244999,37.244999,2953400
2015-02-04,37.025002,38.145,36.855,37.900002,37.900002,4356400
2015-02-05,37.990002,38.564999,37.82,38.560001,38.560001,3330200
2015-02-06,38.560001,38.900002,38.355,38.490002,38.490002,2893400
2015-02-09,38.330002,38.494999,38.075001,38.235001,38.235001,1942600
2015-02-10,38.360001,38.830002,38.25,38.75,38.75,1970800
2015-02-11,38.799999,38.955002,38.630001,38.845001,38.845001,2541600
2015-02-12,39.005001,39.235001,38.91,39.224998,39.224998,1873200
2015-02-13,39.244999,39.365002,39.099998,39.349998,39.349998,2398800
2015-02-17,39.294998,39.52,39.139999,39.369999,39.369999,1906800
2015-02-18,39.205002,39.544998,39.154999,39.525002,39.525002,1851800
2015-02-19,39.57,39.695,39.424999,39.525002,39.525002,1938000
2015-02-20,39.189999,39.775002,39.154999,39.525002,39.525002,5107000
2015-02-23,39.09,39.474998,39.084999,39.404999,39.404999,2032800
2015-02-24,39.294998,39.580002,39.294998,39.52,39.52,2626800
2015-02-25,39.459999,39.744999,39.32,39.450001,39.450001,2198000
2015-02-26,39.535,39.625,39.209999,39.32,39.32,1764200
2015-02-27,39.349998,39.360001,38.994999,39.035,39.035,2342400
2015-03-02,39.16,39.525002,38.994999,39.435001,39.435001,2524400
2015-03-03,39.209999,39.345001,39.099998,39.25,39.25,2903600
2015-03-04,39.185001,39.275002,38.849998,38.990002,38.990002,1669200
2015-03-05,39.154999,39.154999,38.860001,38.98,38.98,1459400
2015-03-06,38.834999,39.115002,38.169998,38.764999,38.764999,1812800
2015-03-09,38.715,39.119999,38.599998,39.07,39.07,2057400
2015-03-10,38.634998,38.814999,38.349998,38.365002,38.365002,2278200
2015-03-11,38.41,38.634998,38.345001,38.474998,38.474998,1960800
2015-03-12,38.740002,39.165001,38.584999,39.119999,39.119999,1755800
2015-03-13,38.990002,39.115002,38.465,38.700001,38.700001,2322800
2015-03-16,39.084999,39.375,38.950001,39.334999,39.334999,2321800
2015-03-17,39.16,39.380001,39.16,39.285,39.285,1934600
2015-03-18,39.139999,40.084999,39.07,39.919998,39.919998,2042800
2015-03-19,39.985001,40.115002,39.825001,40.09,40.09,1890600
2015-03-20,40.360001,40.485001,40.130001,40.145,40.145,4970600
2015-03-23,40.32,40.34,40.099998,40.119999,40.119999,1415600
2015-03-24,39.965,40.035,39.790001,39.799999,39.799999,1510800
2015-03-25,39.82,39.82,38.915001,38.915001,38.915001,1678000
2015-03-26,38.705002,39.330002,38.650002,39.215,39.215,1624000
2015-03-27,39.130001,39.314999,38.994999,39.200001,39.200001,1465000
2015-03-30,39.43,39.93,39.400002,39.865002,39.865002,1205400
2015-03-31,39.66,39.950001,39.445,39.700001,39.700001,2010600
2015-04-01,39.685001,39.790001,39.235001,39.790001,39.790001,1960000
2015-04-02,39.66,40.040001,39.584999,39.814999,39.814999,1914800
2015-04-06,39.494999,40.105,39.415001,39.915001,39.915001,1550800
2015-04-07,39.860001,40.029999,39.66,39.66,39.66,1182200
2015-04-08,39.705002,40.220001,39.68,40.150002,40.150002,1693000
2015-04-09,40.080002,40.134998,39.555,40.005001,40.005001,1225200
2015-04-10,39.959999,39.959999,39.224998,39.529999,39.529999,2890400
2015-04-13,39.490002,39.915001,39.380001,39.474998,39.474998,1698200
2015-04-14,39.424999,39.59,39.169998,39.305,39.305,1373800
2015-04-15,39.314999,39.630001,39.299999,39.439999,39.439999,1217000
2015-04-16,39.325001,39.445,39.185001,39.325001,39.325001,1427000
2015-04-17,38.990002,39.105,38.459999,38.715,38.715,1962400
2015-04-20,38.865002,39.200001,38.82,39.080002,39.080002,1418200
2015-04-21,39.32,39.5,39.02,39.275002,39.275002,1668400
2015-04-22,39.360001,39.555,39.09,39.465,39.465,1122600
2015-04-23,39.299999,39.955002,39.299999,39.875,39.875,1446000
2015-04-24,40.014999,40.014999,39.389999,39.634998,39.634998,1474200
2015-04-27,39.755001,39.834999,39.450001,39.555,39.555,1871000
2015-04-28,39.355,39.785,39.285,39.759998,39.759998,1915600
2015-04-29,39.514999,39.75,39.310001,39.41,39.41,1724200
2015-04-30,39.18,39.41,38.68,38.799999,38.799999,2491400
2015-05-01,39.035,39.400002,38.915001,39.330002,39.330002,2584800
2015-05-04,39.345001,39.540001,39.25,39.310001,39.310001,2272800
2015-05-05,39.105,39.470001,38.549999,38.740002,38.740002,2512800
2015-05-06,39.244999,40.395,38.535,39.445,39.445,5382200
2015-05-07,39.305,39.744999,39.259998,39.599998,39.599998,2240000
2015-05-08,39.884998,40.299999,39.779999,40.07,40.07,1562200
2015-05-11,40.0,40.450001,39.919998,40.105,40.105,2441600
2015-05-12,39.994999,40.165001,39.560001,39.990002,39.990002,1868400
2015-05-13,40.110001,40.5,39.955002,40.095001,40.095001,1525200
2015-05-14,40.404999,40.5,40.18,40.439999,40.439999,2197800
2015-05-15,40.705002,40.775002,40.325001,40.490002,40.490002,1874400
2015-05-18,40.404999,40.830002,40.404999,40.73,40.73,1986000
2015-05-19,40.715,40.775002,40.435001,40.505001,40.505001,1734400
2015-05-20,40.435001,40.790001,40.360001,40.555,40.555,1587400
2015-05-21,40.43,40.599998,40.334999,40.450001,40.450001,1269800
2015-05-22,40.314999,40.52,40.285,40.285,40.285,1118000
2015-05-26,40.25,40.25,39.695,39.880001,39.880001,1401200
2015-05-27,39.990002,40.470001,39.775002,40.389999,40.389999,1394800
2015-05-28,40.294998,40.485001,40.125,40.395,40.395,1031600
2015-05-29,40.334999,40.334999,39.970001,40.075001,40.075001,2584600
2015-06-01,40.299999,40.455002,39.779999,40.279999,40.279999,1260600
2015-06-02,39.985001,40.314999,39.845001,40.235001,40.235001,1953200
2015-06-03,40.435001,40.744999,40.195,40.689999,40.689999,1760800
2015-06-04,40.57,40.66,40.040001,40.099998,40.099998,1866600
2015-06-05,40.014999,40.209999,39.779999,40.110001,40.110001,1359200
2015-06-08,40.130001,40.240002,39.794998,39.794998,39.794998,1157000
2015-06-09,39.805,39.990002,39.584999,39.619999,39.619999,1541800
2015-06-10,39.740002,40.369999,39.634998,40.209999,40.209999,2340200
2015-06-11,40.185001,40.650002,40.165001,40.490002,40.490002,1610400
2015-06-12,40.345001,40.439999,40.099998,40.16,40.16,993400
2015-06-15,39.77,40.0,39.509998,39.779999,39.779999,1617000
2015-06-16,39.695,40.389999,39.695,40.314999,40.314999,1881400
2015-06-17,40.395,40.650002,40.240002,40.465,40.465,2610000
2015-06-18,40.66,41.349998,40.634998,41.345001,41.345001,4436800
2015-06-19,42.549999,42.744999,42.044998,42.634998,42.634998,10107000
2015-06-22,42.790001,43.189999,42.645,43.02,43.02,3521600
2015-06-23,43.189999,43.195,42.68,42.849998,42.849998,2707800
2015-06-24,42.855,43.064999,42.494999,42.5,42.5,2787600
2015-06-25,42.57,42.709999,42.360001,42.439999,42.439999,1991800
2015-06-26,42.384998,42.595001,42.240002,42.505001,42.505001,3216600
2015-06-29,42.240002,42.240002,41.330002,41.415001,41.415001,2853400
2015-06-30,41.794998,41.860001,41.299999,41.415001,41.415001,2396600
2015-07-01,41.73,42.145,41.599998,42.055,42.055,2143600
2015-07-02,42.055,42.23,41.669998,41.924999,41.924999,1889600
2015-07-06,41.66,42.189999,41.619999,42.154999,42.154999,1795200
2015-07-07,42.174999,42.48,41.580002,42.48,42.48,3218800
2015-07-08,42.264999,42.465,41.650002,41.705002,41.705002,1771600
2015-07-09,42.209999,42.474998,41.994999,42.224998,42.224998,1949000
2015-07-10,42.705002,43.25,42.619999,43.174999,43.174999,2402400
2015-07-13,43.424999,43.650002,43.200001,43.544998,43.544998,2328000
2015-07-14,43.645,43.77,43.43,43.700001,43.700001,1804200
2015-07-15,43.490002,43.825001,43.41,43.595001,43.595001,2146400
2015-07-16,43.970001,44.200001,43.685001,44.115002,44.115002,1751200
2015-07-17,44.075001,44.139999,43.880001,44.02,44.02,1568000
2015-07-20,44.075001,44.325001,44.035,44.07,44.07,2059200
2015-07-21,44.044998,44.18,43.639999,43.674999,43.674999,1976600
2015-07-22,43.669998,44.125,43.669998,43.985001,43.985001,1433000
2015-07-23,43.919998,43.974998,43.18,43.334999,43.334999,2423400
2015-07-24,43.334999,43.465,42.889999,42.994999,42.994999,2210200
2015-07-27,42.924999,43.125,42.474998,42.529999,42.529999,2732400
2015-07-28,42.705002,42.93,42.345001,42.82,42.82,3281200
2015-07-29,42.82,44.09,42.68,43.904999,43.904999,2981400
2015-07-30,43.380001,44.384998,42.66,43.790001,43.790001,3983800
2015-07-31,44.025002,44.049999,43.424999,43.43,43.43,2387400
2015-08-03,43.424999,43.825001,43.145,43.66,43.66,2210800
2015-08-04,43.645,44.299999,43.564999,43.875,43.875,2115800
2015-08-05,44.134998,44.599998,44.014999,44.27,44.27,2219200
2015-08-06,44.205002,44.355,43.455002,43.525002,43.525002,1817400
2015-08-07,43.5,43.849998,43.384998,43.755001,43.755001,2222000
2015-08-10,44.014999,44.744999,43.900002,44.419998,44.419998,1955400
2015-08-11,44.16,44.34,43.84,44.025002,44.025002,1670200
2015-08-12,43.695,44.369999,43.275002,44.264999,44.264999,2805800
2015-08-13,44.25,44.91,44.125,44.580002,44.580002,1519400
2015-08-14,44.435001,44.900002,44.349998,44.790001,44.790001,1145600
2015-08-17,44.625,45.119999,44.264999,45.055,45.055,1434600
2015-08-18,45.02,45.189999,44.849998,45.139999,45.139999,967400
2015-08-19,44.994999,45.27,44.535,44.900002,44.900002,1425800
2015-08-20,44.48,44.810001,44.205002,44.209999,44.209999,2040000
2015-08-21,43.799999,43.970001,42.424999,42.435001,42.435001,3582200
2015-08-24,40.630001,40.884998,38.98,40.705002,40.705002,6281400
2015-08-25,41.705002,41.77,40.025002,40.035,40.035,4191000
2015-08-26,41.044998,42.365002,40.580002,42.314999,42.314999,4288200
2015-08-27,42.740002,43.389999,42.384998,43.279999,43.279999,3737000
2015-08-28,43.154999,43.494999,42.955002,43.389999,43.389999,1902400
2015-08-31,42.904999,43.259998,42.615002,42.634998,42.634998,2456200
2015-09-01,41.715,42.084999,41.200001,41.435001,41.435001,2948400
2015-09-02,41.91,42.595001,41.66,42.59,42.59,3074800
2015-09-03,43.014999,43.224998,42.5,42.865002,42.865002,2204200
2015-09-04,42.115002,42.505001,41.849998,42.055,42.055,2288200
2015-09-08,42.860001,43.32,42.07,43.285,43.285,2737000
2015-09-09,43.720001,43.860001,42.459999,42.555,42.555,2008000
2015-09-10,42.435001,43.375,42.294998,42.959999,42.959999,1868200
2015-09-11,42.605,43.119999,42.564999,43.035,43.035,2393800
2015-09-14,42.990002,43.035,42.560001,42.605,42.605,2172200
2015-09-15,42.830002,43.485001,42.540001,43.349998,43.349998,2620800
2015-09-16,43.305,43.744999,43.165001,43.650002,43.650002,1995400
2015-09-17,43.724998,44.439999,43.68,43.799999,43.799999,2018600
2015-09-18,43.209999,44.095001,43.044998,43.264999,43.264999,3863400
2015-09-21,43.584999,44.134998,43.514999,43.904999,43.904999,1814200
2015-09-22,43.154999,43.57,42.990002,43.139999,43.139999,3469000
2015-09-23,43.139999,43.810001,43.025002,43.689999,43.689999,2183400
2015-09-24,43.235001,43.935001,43.125,43.82,43.82,2510400
2015-09-25,44.235001,44.615002,43.650002,43.889999,43.889999,2373000
2015-09-28,43.724998,43.895,42.259998,42.264999,42.264999,3833800
2015-09-29,42.435001,42.599998,42.240002,42.380001,42.380001,3665600
2015-09-30,42.924999,43.345001,42.720001,43.305,43.305,2554400
2015-10-01,43.455002,43.755001,43.060001,43.755001,43.755001,2741600
2015-10-02,43.139999,44.119999,42.705002,44.110001,44.110001,3082400
2015-10-05,44.619999,44.779999,44.43,44.68,44.68,2226400
2015-10-06,44.5,44.73,44.119999,44.205002,44.205002,1907600
2015-10-07,44.459999,44.924999,44.279999,44.775002,44.775002,1808200
2015-10-08,44.560001,45.700001,44.445,45.669998,45.669998,2387400
2015-10-09,45.57,46.134998,45.514999,46.09,46.09,2515000
2015-10-12,46.09,46.334999,46.0,46.220001,46.220001,2329600
2015-10-13,46.084999,46.185001,45.715,45.785,45.785,1816600
2015-10-14,45.810001,46.009998,45.360001,45.465,45.465,1663600
2015-10-15,45.689999,45.744999,45.314999,45.514999,45.514999,2610600
2015-10-16,45.599998,45.990002,45.395,45.974998,45.974998,2373800
2015-10-19,45.895,46.380001,45.73,46.380001,46.380001,1803200
2015-10-20,46.290001,46.5,46.195,46.435001,46.435001,2172800
2015-10-21,46.599998,46.799999,46.165001,46.294998,46.294998,1875400
2015-10-22,46.455002,47.384998,46.455002,47.255001,47.255001,2214600
2015-10-23,47.785,48.064999,47.244999,47.875,47.875,2200000
2015-10-26,47.98,48.07,47.490002,47.77,47.77,2715200
2015-10-27,47.584999,47.875,47.439999,47.715,47.715,1987600
2015-10-28,48.095001,48.709999,47.75,48.294998,48.294998,3911800
2015-10-29,48.049999,48.514999,47.875,48.355,48.355,2673800
2015-10-30,48.490002,48.685001,48.255001,48.255001,48.255001,2407000
2015-11-02,48.424999,48.560001,48.130001,48.384998,48.384998,2862200
2015-11-03,48.445,48.470001,47.514999,47.82,47.82,3844800
2015-11-04,47.875,48.215,47.779999,47.869999,47.869999,3102800
2015-11-05,48.195,48.195,47.799999,47.970001,47.970001,2439000
2015-11-06,47.814999,48.134998,47.735001,47.950001,47.950001,2156800
2015-11-09,47.875,47.895,47.369999,47.654999,47.654999,2191000
2015-11-10,47.654999,48.215,47.615002,48.195,48.195,1766400
2015-11-11,48.200001,48.57,48.055,48.235001,48.235001,1314800
2015-11-12,47.990002,48.169998,47.700001,47.720001,47.720001,1711600
2015-11-13,47.549999,47.805,47.145,47.189999,47.189999,1677200
2015-11-16,47.279999,47.794998,47.110001,47.779999,47.779999,1701800
2015-11-17,47.939999,48.125,47.634998,47.785,47.785,1861400
2015-11-18,47.869999,48.110001,47.415001,48.009998,48.009998,2434400
2015-11-19,48.215,48.505001,48.044998,48.330002,48.330002,2295400
2015-11-20,48.595001,48.759998,48.325001,48.395,48.395,2088000
2015-11-23,48.505001,48.634998,48.099998,48.130001,48.130001,2659600
2015-11-24,47.880001,48.09,47.290001,47.615002,47.615002,2966200
2015-11-25,47.740002,47.875,47.540001,47.709999,47.709999,1696600
2015-11-27,47.700001,48.064999,47.529999,47.869999,47.869999,925000
2015-11-30,48.16,48.240002,47.814999,48.119999,48.119999,4084800
2015-12-01,48.27,48.880001,48.224998,48.599998,48.599998,2310200
2015-12-02,48.485001,48.599998,47.845001,47.935001,47.935001,3508400
2015-12-03,47.974998,48.125,46.564999,46.884998,46.884998,3599600
2015-12-04,46.900002,47.735001,46.895,47.724998,47.724998,3769800
2015-12-07,47.615002,47.724998,46.91,47.299999,47.299999,2252800
2015-12-08,47.014999,47.43,46.724998,47.334999,47.334999,2233800
2015-12-09,47.0,47.455002,46.474998,46.59,46.59,1815400
2015-12-10,46.735001,47.105,46.355,46.814999,46.814999,2114200
2015-12-11,46.115002,46.610001,45.84,45.869999,45.869999,2683200
2015-12-14,45.895,46.75,45.889999,46.715,46.715,2728200
2015-12-15,46.825001,47.224998,46.685001,46.965,46.965,2570200
2015-12-16,47.305,47.5,46.32,46.82,46.82,3214000
2015-12-17,47.014999,47.174999,46.330002,46.455002,46.455002,2900600
2015-12-18,46.16,46.485001,45.584999,45.73,45.73,7899600
2015-12-21,46.055,46.195,45.805,46.189999,46.189999,1792600
2015-12-22,46.349998,46.57,45.895,46.470001,46.470001,1600000
2015-12-23,46.759998,46.865002,46.325001,46.724998,46.724998,1575600
2015-12-24,46.735001,46.75,46.485001,46.529999,46.529999,930600
2015-12-28,46.32,46.580002,46.0,46.57,46.57,1523600
2015-12-29,46.955002,47.334999,46.814999,47.09,47.09,1858800
2015-12-30,47.09,47.255001,46.465,46.48,46.48,1533600
2015-12-31,46.389999,46.744999,45.700001,45.73,45.73,1977800
2016-01-04,45.044998,45.485001,44.084999,44.75,44.75,3219600
2016-01-05,44.705002,45.119999,44.639999,44.955002,44.955002,2214200
2016-01-06,44.279999,44.799999,44.09,44.615002,44.615002,2052400
2016-01-07,43.209999,44.365002,42.814999,44.105,44.105,3548800
2016-01-08,44.119999,44.509998,43.549999,43.764999,43.764999,3017400
2016-01-11,43.924999,44.18,43.639999,43.970001,43.970001,2772000
2016-01-12,44.035,44.740002,43.845001,44.654999,44.654999,2340600
2016-01-13,44.75,44.779999,43.34,43.415001,43.415001,2133000
2016-01-14,43.584999,44.915001,43.400002,44.514999,44.514999,2940800
2016-01-15,43.105,43.98,43.009998,43.669998,43.669998,2957400
2016-01-19,44.25,44.73,43.919998,44.52,44.52,3605400
2016-01-20,43.825001,44.82,43.165001,44.474998,44.474998,4131600
2016-01-21,44.695,45.255001,44.285,44.82,44.82,2748800
2016-01-22,45.490002,45.93,45.084999,45.744999,45.744999,1932000
2016-01-25,45.200001,45.744999,44.985001,45.080002,45.080002,2550800
2016-01-26,45.259998,45.935001,45.044998,45.700001,45.700001,1711400
2016-01-27,45.625,46.130001,45.105,45.224998,45.224998,2217800
2016-01-28,45.599998,45.935001,45.134998,45.509998,45.509998,1929400
2016-01-29,45.799999,47.32,45.654999,47.279999,47.279999,3011000
2016-02-01,46.775002,47.465,46.695,47.185001,47.185001,3234600
2016-02-02,46.955002,46.955002,46.235001,46.52,46.52,2623600
2016-02-03,47.5,47.605,46.365002,47.400002,47.400002,5317400
2016-02-04,47.509998,48.279999,47.349998,48.264999,48.264999,3198400
2016-02-05,47.904999,48.259998,47.0,47.294998,47.294998,2970800
2016-02-08,46.884998,47.349998,45.244999,45.904999,45.904999,4240000
2016-02-09,45.669998,46.459999,45.48,46.044998,46.044998,3283400
2016-02-10,46.560001,47.18,46.27,46.355,46.355,1722000
2016-02-11,45.465,46.139999,45.299999,45.84,45.84,3225000
2016-02-12,46.674999,47.165001,46.205002,46.535,46.535,2245000
2016-02-16,47.16,47.384998,46.645,47.174999,47.174999,3413400
2016-02-17,47.5,48.119999,47.02,47.93,47.93,4069800
2016-02-18,48.02,48.325001,47.775002,48.16,48.16,2330000
2016-02-19,48.035,48.395,47.685001,48.325001,48.325001,2851200
2016-02-22,48.459999,49.154999,48.445,48.959999,48.959999,2094600
2016-02-23,48.900002,49.035,48.549999,48.595001,48.595001,3149400
2016-02-24,48.255001,49.23,47.919998,49.145,49.145,1968200
2016-02-25,49.360001,49.740002,48.860001,49.735001,49.735001,1824200
2016-02-26,49.794998,49.855,48.82,48.990002,48.990002,1750600
2016-02-29,48.834999,49.134998,47.75,47.814999,47.814999,6834800
2016-03-01,48.360001,49.169998,48.130001,49.169998,49.169998,3495400
2016-03-02,49.119999,49.485001,48.310001,48.639999,48.639999,1897800
2016-03-03,48.415001,48.665001,48.235001,48.645,48.645,2116600
2016-03-04,48.814999,48.865002,48.224998,48.580002,48.580002,2059000
2016-03-07,48.439999,48.575001,48.064999,48.285,48.285,2039600
2016-03-08,48.165001,48.404999,47.869999,47.915001,47.915001,2351800
2016-03-09,48.174999,48.349998,47.994999,48.23,48.23,1874400
2016-03-10,48.490002,49.009998,47.830002,48.215,48.215,1582600
2016-03-11,48.709999,49.095001,48.154999,49.07,49.07,1487800
2016-03-14,48.919998,49.32,48.810001,49.205002,49.205002,1749200
2016-03-15,48.935001,49.419998,48.869999,49.404999,49.404999,1478400
2016-03-16,49.060001,50.009998,49.049999,49.959999,49.959999,1829200
2016-03-17,49.740002,50.494999,49.740002,50.314999,50.314999,2177400
2016-03-18,50.540001,50.845001,49.82,50.790001,50.790001,5746400
2016-03-21,50.314999,50.599998,49.880001,50.209999,50.209999,2641200
2016-03-22,49.974998,50.5,49.849998,49.959999,49.959999,2560000
2016-03-23,49.935001,50.505001,49.790001,50.154999,50.154999,1824600
2016-03-24,50.0,50.264999,49.52,49.884998,49.884998,1936200
2016-03-28,49.945,50.154999,49.634998,49.755001,49.755001,1422600
2016-03-29,50.619999,50.880001,49.610001,50.845001,50.845001,2274200
2016-03-30,51.055,51.279999,50.654999,51.040001,51.040001,1881400
2016-03-31,50.875,51.439999,50.805,51.290001,51.290001,3157200
2016-04-01,51.18,51.764999,50.955002,51.685001,51.685001,1751000
2016-04-04,51.650002,51.744999,51.09,51.209999,51.209999,1925600
2016-04-05,50.580002,51.055,50.419998,50.485001,50.485001,2469200
2016-04-06,50.485001,50.895,50.455002,50.880001,50.880001,3910200
2016-04-07,50.549999,50.674999,49.919998,50.150002,50.150002,1895400
2016-04-08,50.41,50.564999,50.025002,50.23,50.23,1553800
2016-04-11,50.455002,50.709999,49.849998,49.875,49.875,1351000
2016-04-12,49.924999,50.115002,49.535,50.105,50.105,2188600
2016-04-13,50.345001,50.435001,49.91,50.145,50.145,2213600
2016-04-14,50.264999,50.310001,49.790001,49.834999,49.834999,1954000
2016-04-15,49.764999,49.990002,49.555,49.889999,49.889999,1562200
2016-04-18,49.805,50.415001,49.764999,50.415001,50.415001,1134600
2016-04-19,50.540001,50.625,50.105,50.369999,50.369999,1227000
2016-04-20,50.445,50.5,49.625,49.779999,49.779999,2148800
2016-04-21,49.674999,49.764999,49.049999,49.205002,49.205002,2422400
2016-04-22,49.0,49.32,48.650002,49.02,49.02,2283000
2016-04-25,48.959999,49.544998,48.869999,49.439999,49.439999,1629800
2016-04-26,49.540001,49.924999,49.34,49.450001,49.450001,1731000
2016-04-27,49.404999,49.849998,49.139999,49.599998,49.599998,1613000
2016-04-28,49.369999,49.98,49.07,49.169998,49.169998,1897800
2016-04-29,48.779999,48.98,48.169998,48.860001,48.860001,2027400
2016-05-02,48.799999,49.634998,48.799999,49.549999,49.549999,1590400
2016-05-03,49.195,49.98,49.0,49.345001,49.345001,1614600
2016-05-04,49.07,49.605,48.924999,49.48,49.48,2002200
2016-05-05,49.529999,49.924999,49.389999,49.625,49.625,2740600
2016-05-06,49.400002,51.395,48.755001,51.32,51.32,4046200
2016-05-09,51.424999,52.105,51.275002,51.810001,51.810001,2833400
2016-05-10,52.110001,52.790001,51.825001,52.775002,52.775002,2489200
2016-05-11,52.77,53.064999,52.415001,52.68,52.68,2821400
2016-05-12,52.849998,52.924999,52.185001,52.619999,52.619999,1607800
2016-05-13,52.544998,52.744999,51.869999,51.924999,51.924999,2092800
2016-05-16,51.849998,52.334999,51.775002,52.125,52.125,1504800
2016-05-17,51.884998,52.334999,51.395,51.575001,51.575001,2165600
2016-05-18,51.455002,51.605,50.805,51.23,51.23,2558600
2016-05-19,51.02,51.16,50.490002,50.889999,50.889999,1293600
2016-05-20,51.084999,51.549999,50.93,51.220001,51.220001,2168800
2016-05-23,51.25,51.48,50.889999,50.93,50.93,1409800
2016-05-24,51.130001,52.224998,50.945,52.185001,52.185001,1867000
2016-05-25,52.25,52.375,51.919998,51.994999,51.994999,1564600
2016-05-26,51.27,52.18,51.264999,52.130001,52.130001,1069200
2016-05-27,52.224998,52.564999,52.169998,52.564999,52.564999,1308800
2016-05-31,52.735001,52.82,52.34,52.665001,52.665001,2783800
2016-06-01,52.630001,53.005001,52.555,52.955002,52.955002,1803200
2016-06-02,52.945,53.325001,52.82,53.325001,53.325001,1479800
2016-06-03,53.255001,53.255001,52.634998,53.029999,53.029999,1183000
2016-06-06,53.029999,53.509998,52.830002,53.314999,53.314999,1326800
2016-06-07,53.290001,53.689999,53.215,53.255001,53.255001,1241400
2016-06-08,53.215,53.794998,53.060001,53.700001,53.700001,2004200
2016-06-09,53.529999,53.790001,53.049999,53.669998,53.669998,1393400
2016-06-10,53.130001,53.68,53.060001,53.189999,53.189999,1436400
2016-06-13,53.139999,53.400002,52.724998,52.805,52.805,1769400
2016-06-14,52.634998,52.974998,52.514999,52.875,52.875,2680000
2016-06-15,52.869999,53.235001,52.605,52.880001,52.880001,2037800
2016-06-16,52.724998,53.200001,52.560001,53.139999,53.139999,1316200
2016-06-17,53.080002,53.080002,52.040001,52.215,52.215,2857000
2016-06-20,52.610001,53.200001,52.610001,52.68,52.68,1443200
2016-06-21,52.674999,52.950001,52.514999,52.720001,52.720001,1739800
2016-06-22,52.689999,52.904999,52.185001,52.220001,52.220001,1592400
2016-06-23,52.650002,52.814999,52.349998,52.814999,52.814999,1819600
2016-06-24,51.0,52.02,50.799999,51.625,51.625,4270000
2016-06-27,51.150002,51.544998,50.915001,51.224998,51.224998,3677200
2016-06-28,51.459999,52.445,51.330002,52.389999,52.389999,2246200
2016-06-29,52.695,53.275002,52.5,53.220001,53.220001,2055400
2016-06-30,53.439999,54.424999,53.169998,54.365002,54.365002,3084200
2016-07-01,54.255001,54.59,54.165001,54.455002,54.455002,1579200
2016-07-05,54.32,54.830002,54.075001,54.715,54.715,3022800
2016-07-06,54.669998,54.889999,54.220001,54.355,54.355,2832400
2016-07-07,54.314999,54.404999,53.985001,54.215,54.215,1726200
2016-07-08,54.615002,54.965,54.529999,54.845001,54.845001,2594000
2016-07-11,55.0,55.349998,54.845001,55.150002,55.150002,1898400
2016-07-12,55.52,55.705002,54.955002,55.095001,55.095001,1616400
2016-07-13,55.400002,55.5,55.215,55.285,55.285,1867600
2016-07-14,55.755001,55.755001,55.095001,55.275002,55.275002,1699600
2016-07-15,55.564999,55.564999,55.09,55.169998,55.169998,1423200
2016-07-18,55.305,55.5,55.055,55.130001,55.130001,1224000
2016-07-19,54.884998,55.34,54.884998,55.195,55.195,1138800
2016-07-20,55.240002,55.485001,55.240002,55.455002,55.455002,1068000
2016-07-21,55.435001,55.490002,54.790001,54.965,54.965,1230200
2016-07-22,55.105,55.299999,54.939999,55.240002,55.240002,1044600
2016-07-25,55.119999,55.330002,55.0,55.174999,55.174999,1035800
2016-07-26,55.25,55.73,55.165001,55.459999,55.459999,1611200
2016-07-27,55.404999,55.48,54.84,55.0,55.0,1597200
2016-07-28,54.919998,55.450001,54.735001,55.355,55.355,1718200
2016-07-29,55.400002,55.400002,54.965,55.18,55.18,1543400
2016-08-01,55.075001,55.5,55.040001,55.174999,55.174999,1890400
2016-08-02,54.959999,55.299999,54.625,54.705002,54.705002,2249600
2016-08-03,53.349998,53.775002,51.150002,52.224998,52.224998,6614800
2016-08-04,52.415001,53.029999,52.299999,52.790001,52.790001,3337800
2016-08-05,52.965,53.150002,52.555,52.595001,52.595001,2587400
2016-08-08,52.540001,52.625,51.875,51.994999,51.994999,1952000
2016-08-09,51.900002,52.25,51.764999,52.095001,52.095001,1607200
2016-08-10,52.105,52.474998,51.889999,52.095001,52.095001,1516600
2016-08-11,52.145,52.395,51.535,51.695,51.695,2586200
2016-08-12,51.540001,51.955002,51.474998,51.68,51.68,1500800
2016-08-15,51.845001,51.845001,51.470001,51.485001,51.485001,1517200
2016-08-16,51.299999,51.365002,50.77,50.77,50.77,1783400
2016-08-17,50.895,51.41,50.5,51.389999,51.389999,2645200
2016-08-18,51.255001,51.544998,51.014999,51.255001,51.255001,1368400
2016-08-19,51.095001,51.345001,50.93,51.27,51.27,1622200
2016-08-22,51.18,51.459999,51.07,51.419998,51.419998,1110400
2016-08-23,51.5,52.23,51.470001,52.060001,52.060001,2644600
2016-08-24,51.904999,52.119999,51.330002,51.360001,51.360001,2060800
2016-08-25,51.400002,51.875,51.299999,51.509998,51.509998,1084200
2016-08-26,51.66,52.34,51.485001,51.735001,51.735001,1607200
2016-08-29,51.724998,52.0,51.595001,51.639999,51.639999,1178600
2016-08-30,51.584999,51.810001,51.285,51.470001,51.470001,1041000
2016-08-31,51.48,51.650002,51.345001,51.525002,51.525002,1459600
2016-09-01,51.544998,52.0,51.365002,51.900002,51.900002,1434800
2016-09-02,52.240002,52.334999,51.93,52.169998,52.169998,1436200
2016-09-06,52.145,52.145,51.630001,51.849998,51.849998,1374400
2016-09-07,51.880001,51.880001,51.439999,51.564999,51.564999,1270400
2016-09-08,51.389999,51.535,51.07,51.134998,51.134998,1577000
2016-09-09,50.84,50.970001,50.125,50.139999,50.139999,2106400
2016-09-12,50.009998,50.665001,49.91,50.580002,50.580002,2128000
2016-09-13,50.290001,50.299999,49.575001,49.665001,49.665001,2465400
2016-09-14,49.639999,50.189999,49.099998,49.189999,49.189999,2686800
2016-09-15,49.080002,50.290001,48.865002,49.965,49.965,3570600
2016-09-16,50.075001,50.075001,49.330002,49.605,49.605,3993200
2016-09-19,49.66,50.075001,49.505001,49.650002,49.650002,1413200
2016-09-20,49.990002,50.014999,49.66,49.669998,49.669998,1578400
2016-09-21,49.939999,50.834999,49.82,50.75,50.75,2634600
2016-09-22,50.950001,51.375,50.919998,51.165001,51.165001,2094400
2016-09-23,51.139999,51.34,50.57,50.595001,50.595001,1411600
2016-09-26,50.294998,50.474998,50.02,50.125,50.125,1632400
2016-09-27,49.904999,50.380001,49.650002,50.305,50.305,1787600
2016-09-28,50.365002,50.365002,49.639999,50.115002,50.115002,2075800
2016-09-29,49.974998,50.279999,49.724998,49.860001,49.860001,1866600
2016-09-30,49.880001,49.990002,49.474998,49.735001,49.735001,2913000
2016-10-03,49.549999,49.990002,49.549999,49.875,49.875,1600400
2016-10-04,50.095001,50.134998,49.264999,49.445,49.445,1937200
2016-10-05,49.685001,49.939999,49.360001,49.845001,49.845001,2287800
2016-10-06,49.740002,50.415001,49.709999,50.404999,50.404999,2037600
2016-10-07,50.439999,50.439999,49.68,49.990002,49.990002,3070400
2016-10-10,50.115002,50.435001,50.0,50.27,50.27,1269000
2016-10-11,50.275002,50.275002,49.285,49.564999,49.564999,2040400
2016-10-12,49.540001,50.169998,49.310001,50.044998,50.044998,2073600
2016-10-13,49.740002,50.029999,49.43,49.865002,49.865002,1706800
2016-10-14,49.25,50.415001,49.25,50.029999,50.029999,1878600
2016-10-17,50.080002,50.16,49.764999,49.924999,49.924999,1547000
2016-10-18,50.349998,50.5,50.014999,50.029999,50.029999,901800
2016-10-19,50.095001,50.224998,49.84,49.904999,49.904999,2396800
2016-10-20,49.994999,50.060001,49.544998,49.825001,49.825001,1623600
2016-10-21,49.665001,49.665001,49.035,49.580002,49.580002,2237200
2016-10-24,49.990002,50.389999,49.869999,50.255001,50.255001,2110600
2016-10-25,50.25,50.325001,49.785,49.860001,49.860001,1869400
2016-10-26,49.764999,50.235001,49.724998,49.994999,49.994999,2165000
2016-10-27,46.615002,48.595001,46.404999,48.375,48.375,9091400
2016-10-28,48.810001,49.52,48.810001,49.165001,49.165001,4841600
2016-10-31,49.240002,49.435001,48.740002,49.240002,49.240002,2924000
2016-11-01,49.369999,49.564999,48.945,49.279999,49.279999,2957600
2016-11-02,49.310001,49.759998,49.294998,49.330002,49.330002,2615400
2016-11-03,49.334999,49.345001,49.025002,49.055,49.055,2009800
2016-11-04,48.705002,49.27,48.705002,48.965,48.965,2106000
2016-11-07,49.84,49.965,49.474998,49.779999,49.779999,1974000
2016-11-08,49.509998,50.255001,49.474998,50.084999,50.084999,1565800
2016-11-09,48.57,50.415001,48.529999,50.255001,50.255001,2457800
2016-11-10,50.395,50.494999,49.330002,49.900002,49.900002,2694800
2016-11-11,49.744999,50.355,49.595001,50.27,50.27,2651000
2016-11-14,50.415001,50.540001,50.025002,50.060001,50.060001,3401600
2016-11-15,50.174999,50.865002,50.014999,50.77,50.77,3699600
2016-11-16,50.599998,51.855,50.599998,51.605,51.605,5067800
2016-11-17,51.535,52.654999,51.535,52.529999,52.529999,4016400
2016-11-18,52.470001,52.740002,52.084999,52.145,52.145,2743800
2016-11-21,51.255001,52.75,51.255001,52.720001,52.720001,2525800
2016-11-22,52.799999,53.189999,52.535,53.154999,53.154999,2341600
2016-11-23,53.099998,53.799999,52.744999,53.799999,53.799999,3411400
2016-11-25,53.904999,53.950001,53.43,53.615002,53.615002,966800
2016-11-28,53.605,53.884998,53.174999,53.305,53.305,2852600
2016-11-29,53.380001,53.599998,53.185001,53.27,53.27,1888800
2016-11-30,53.27,53.474998,52.299999,52.310001,52.310001,3336400
2016-12-01,52.275002,52.424999,51.415001,51.66,51.66,2415600
2016-12-02,51.700001,52.084999,51.529999,51.685001,51.685001,2652800
2016-12-05,51.84,52.275002,51.665001,51.814999,51.814999,3468800
2016-12-06,51.950001,51.974998,51.52,51.625,51.625,1537200
2016-12-07,51.625,52.450001,51.299999,52.41,52.41,1936400
2016-12-08,52.279999,52.535,52.115002,52.355,52.355,1694400
2016-12-09,52.494999,52.494999,52.195,52.395,52.395,1597200
2016-12-12,52.334999,52.435001,52.18,52.41,52.41,1216800
2016-12-13,52.705002,53.275002,52.244999,53.049999,53.049999,1979000
2016-12-14,53.165001,53.465,52.900002,53.014999,53.014999,2323400
2016-12-15,53.02,53.845001,52.855,53.634998,53.634998,1845600
2016-12-16,53.665001,53.935001,53.34,53.514999,53.514999,3494400
2016-12-19,53.485001,54.09,53.369999,53.674999,53.674999,1102600
2016-12-20,53.945,54.555,53.665001,54.535,54.535,1661000
2016-12-21,54.355,54.494999,54.09,54.285,54.285,1158000
2016-12-22,54.290001,54.395,53.709999,53.805,53.805,1285800
2016-12-23,53.830002,54.099998,53.810001,54.0,54.0,624600
2016-12-27,54.130001,54.514999,53.740002,54.07,54.07,1262400
2016-12-28,54.134998,54.134998,53.555,53.599998,53.599998,1376600
2016-12-29,53.724998,54.224998,53.455002,53.639999,53.639999,1399000
2016-12-30,53.82,53.959999,52.98,53.139999,53.139999,1670200
2017-01-03,53.41,53.845001,53.244999,53.669998,53.669998,2142600
2017-01-04,53.66,54.365002,53.654999,54.325001,54.325001,1359000
2017-01-05,54.23,54.59,54.005001,54.305,54.305,1662400
2017-01-06,54.205002,55.005001,54.084999,54.915001,54.915001,1556800
2017-01-09,54.880001,54.945,53.904999,54.049999,54.049999,1879800
2017-01-10,53.98,54.299999,53.775002,54.115002,54.115002,1459200
2017-01-11,53.990002,54.275002,53.895,54.27,54.27,1071200
2017-01-12,54.27,54.805,53.919998,54.709999,54.709999,1700600
2017-01-13,54.695,55.255001,54.584999,55.150002,55.150002,1397800
2017-01-17,55.154999,55.75,54.880001,55.220001,55.220001,1992600
2017-01-18,55.41,55.41,54.924999,55.040001,55.040001,1463400
2017-01-19,54.935001,55.389999,54.529999,54.674999,54.674999,1257800
2017-01-20,55.029999,55.16,54.419998,54.785,54.785,2327400
2017-01-23,54.744999,54.955002,54.259998,54.330002,54.330002,1746000
2017-01-24,54.455002,54.5,54.029999,54.259998,54.259998,2211600
2017-01-25,54.400002,54.674999,54.220001,54.27,54.27,1749200
2017-01-26,54.25,54.404999,53.904999,53.924999,53.924999,1701200
2017-01-27,54.044998,54.145,53.724998,54.049999,54.049999,2079200
2017-01-30,54.025002,54.299999,53.669998,54.075001,54.075001,1908200
2017-01-31,53.970001,54.125,53.52,53.715,53.715,1977600
2017-02-01,53.564999,53.615002,52.360001,52.689999,52.689999,3407800
2017-02-02,52.32,52.974998,52.264999,52.73,52.73,2628000
2017-02-03,53.205002,53.584999,52.255001,53.360001,53.360001,2376600
2017-02-06,53.255001,53.445,53.0,53.424999,53.424999,1758600
2017-02-07,53.419998,53.450001,53.060001,53.209999,53.209999,1999200
2017-02-08,53.305,54.18,53.099998,53.889999,53.889999,2448200
2017-02-09,53.889999,55.220001,53.705002,54.735001,54.735001,3791400
2017-02-10,54.779999,55.055,54.424999,54.535,54.535,2453200
2017-02-13,54.779999,55.150002,54.68,55.049999,55.049999,2159400
2017-02-14,54.779999,55.18,54.740002,55.07,55.07,1719600
2017-02-15,55.07,55.639999,55.014999,55.540001,55.540001,2675800
2017-02-16,55.619999,55.75,55.220001,55.625,55.625,1670600
2017-02-17,55.625,55.994999,55.330002,55.990002,55.990002,1978200
2017-02-21,55.240002,56.27,55.240002,56.195,56.195,2022200
2017-02-22,56.049999,57.369999,55.509998,56.91,56.91,3976800
2017-02-23,57.080002,57.544998,56.785,57.450001,57.450001,2475000
2017-02-24,57.355,58.16,57.185001,58.150002,58.150002,2062200
2017-02-27,58.02,58.349998,57.724998,57.790001,57.790001,2380600
2017-02-28,57.764999,58.075001,57.544998,57.700001,57.700001,2417800
2017-03-01,58.09,58.709999,57.985001,58.555,58.555,2092200
2017-03-02,58.375,58.615002,58.040001,58.32,58.32,1273600
2017-03-03,58.23,58.77,58.055,58.75,58.75,1279400
2017-03-06,58.41,58.705002,58.255001,58.509998,58.509998,1267600
2017-03-07,58.595001,58.724998,58.349998,58.474998,58.474998,1228800
2017-03-08,58.619999,58.990002,58.34,58.724998,58.724998,2061400
2017-03-09,58.834999,59.014999,58.439999,58.724998,58.724998,2119200
2017-03-10,59.105,59.150002,58.43,58.639999,58.639999,1953000
2017-03-13,58.599998,58.970001,58.535,58.945,58.945,1260200
2017-03-14,58.93,59.055,58.465,58.685001,58.685001,1170600
2017-03-15,59.029999,59.029999,58.400002,58.825001,58.825001,1738400
2017-03-16,58.880001,58.965,58.355,58.630001,58.630001,1426400
2017-03-17,58.889999,59.105,58.584999,58.895,58.895,3381400
2017-03-20,58.955002,58.974998,58.16,58.349998,58.349998,1611600
2017-03-21,58.560001,58.654999,57.759998,58.080002,58.080002,2769000
2017-03-22,56.645,58.224998,56.645,57.939999,57.939999,2725000
2017-03-23,57.869999,58.259998,57.529999,57.924999,57.924999,1857400
2017-03-24,58.049999,58.27,57.744999,57.970001,57.970001,1421200
2017-03-27,57.615002,57.93,57.41,57.744999,57.744999,1600800
2017-03-28,57.689999,58.125,57.41,57.895,57.895,2090000
2017-03-29,57.794998,58.044998,57.564999,57.955002,57.955002,1223600
2017-03-30,57.755001,58.235001,57.755001,57.965,57.965,930600
2017-03-31,57.759998,58.009998,57.645,57.654999,57.654999,1655400
2017-04-03,57.75,58.005001,57.474998,57.82,57.82,2268800
2017-04-04,57.68,58.049999,57.505001,57.689999,57.689999,1559000
2017-04-05,57.84,58.485001,57.68,57.785,57.785,1430000
2017-04-06,57.650002,57.994999,57.575001,57.830002,57.830002,1006600
2017-04-07,57.945,58.07,57.68,57.91,57.91,1464800
2017-04-10,57.724998,58.27,57.645,57.965,57.965,1560200
2017-04-11,57.849998,58.130001,57.560001,58.130001,58.130001,1128400
2017-04-12,57.764999,58.064999,57.735001,57.895,57.895,1294000
2017-04-13,57.994999,58.290001,57.584999,57.595001,57.595001,1333600
2017-04-17,57.855,58.244999,57.855,58.224998,58.224998,1264200
2017-04-18,58.080002,58.305,58.014999,58.174999,58.174999,957200
2017-04-19,58.220001,58.525002,58.0,58.275002,58.275002,1229200
2017-04-20,58.544998,58.994999,58.285,58.895,58.895,1197800
2017-04-21,58.849998,59.285,58.700001,59.200001,59.200001,2042800
2017-04-24,59.794998,60.0,59.455002,59.720001,59.720001,1931600
2017-04-25,59.985001,60.044998,59.619999,59.810001,59.810001,1734000
2017-04-26,59.724998,60.220001,59.584999,59.994999,59.994999,2162200
2017-04-27,60.424999,61.455002,59.775002,59.945,59.945,2649400
2017-04-28,60.060001,60.060001,59.185001,59.57,59.57,1655400
2017-05-01,59.75,59.814999,59.415001,59.544998,59.544998,1273400
2017-05-02,59.720001,59.720001,59.145,59.32,59.32,1868400
2017-05-03,59.314999,59.32,58.665001,59.23,59.23,2265200
2017-05-04,59.314999,60.59,58.875,60.125,60.125,2170400
2017-05-05,60.169998,60.205002,59.630001,60.0,60.0,1268600
2017-05-08,59.990002,60.09,59.705002,59.919998,59.919998,1238400
2017-05-09,60.0,60.099998,59.695,59.865002,59.865002,1919200
2017-05-10,59.709999,59.945,59.544998,59.625,59.625,1207200
2017-05-11,59.485001,59.950001,59.049999,59.93,59.93,1217000
2017-05-12,59.82,59.955002,59.595001,59.889999,59.889999,1055800
2017-05-15,59.814999,60.470001,59.814999,60.450001,60.450001,1457000
2017-05-16,60.125,60.57,59.744999,59.875,59.875,1540200
2017-05-17,59.505001,60.005001,59.365002,59.564999,59.564999,1761000
2017-05-18,59.650002,60.185001,59.474998,60.02,60.02,1433800
2017-05-19,60.060001,60.555,59.735001,60.34,60.34,1767000
2017-05-22,60.375,61.244999,60.34,61.16,61.16,1606200
2017-05-23,61.455002,61.584999,61.029999,61.169998,61.169998,1511600
2017-05-24,61.134998,61.395,61.0,61.380001,61.380001,1186000
2017-05-25,61.435001,62.400002,61.41,62.259998,62.259998,1628200
2017-05-26,62.294998,62.404999,61.935001,62.044998,62.044998,1102800
2017-05-30,61.965,62.349998,61.845001,62.264999,62.264999,1018200
2017-05-31,62.445,62.665001,62.165001,62.639999,62.639999,3064200
2017-06-01,62.695,62.82,62.189999,62.615002,62.615002,1792000
2017-06-02,62.799999,62.955002,62.285,62.855,62.855,1534800
2017-06-05,63.0,63.139999,62.525002,62.73,62.73,1268800
2017-06-06,62.705002,62.900002,62.154999,62.215,62.215,2307600
2017-06-07,62.25,62.580002,61.990002,62.549999,62.549999,1400400
2017-06-08,62.485001,62.59,61.419998,61.875,61.875,1643200
2017-06-09,61.959999,62.209999,60.974998,61.43,61.43,1646200
2017-06-12,61.224998,61.794998,61.130001,61.59,61.59,1749400
2017-06-13,61.564999,62.345001,61.404999,62.255001,62.255001,1328800
2017-06-14,62.52,62.775002,61.845001,62.310001,62.310001,1471400
2017-06-15,61.950001,62.775002,61.685001,62.735001,62.735001,1282800
2017-06-16,60.869999,62.794998,60.869999,62.325001,62.325001,3464800
2017-06-19,62.529999,62.66,62.325001,62.595001,62.595001,1556200
2017-06-20,62.384998,62.974998,62.195,62.310001,62.310001,1924800
2017-06-21,62.369999,62.880001,62.154999,62.689999,62.689999,2306400
2017-06-22,62.610001,62.810001,61.974998,62.455002,62.455002,1367200
2017-06-23,62.485001,62.73,62.32,62.400002,62.400002,2779400
2017-06-26,62.529999,63.549999,62.07,62.165001,62.165001,1292400
2017-06-27,61.93,62.040001,61.404999,61.424999,61.424999,1336200
2017-06-28,61.580002,62.125,61.150002,62.029999,62.029999,1563800
2017-06-29,61.810001,61.82,60.185001,60.805,60.805,2319000
2017-06-30,61.07,61.384998,60.685001,61.169998,61.169998,2035600
2017-07-03,61.380001,61.740002,60.619999,60.654999,60.654999,923000
2017-07-05,60.744999,61.360001,60.639999,61.174999,61.174999,1739000
2017-07-06,60.805,61.049999,60.365002,60.895,60.895,1668800
2017-07-07,61.0,61.735001,61.0,61.384998,61.384998,1408800
2017-07-10,61.445,61.549999,61.235001,61.400002,61.400002,1013200
2017-07-11,61.369999,61.445,60.884998,61.014999,61.014999,2213800
2017-07-12,61.389999,61.77,61.345001,61.720001,61.720001,1288800
2017-07-13,61.73,61.965,61.439999,61.634998,61.634998,1419200
2017-07-14,61.834999,61.93,61.654999,61.805,61.805,1028600
2017-07-17,62.035,62.75,61.994999,62.625,62.625,1673600
2017-07-18,62.560001,62.720001,62.240002,62.529999,62.529999,1289200
2017-07-19,62.705002,63.014999,62.5,62.880001,62.880001,1117000
2017-07-20,62.915001,63.240002,62.73,63.115002,63.115002,1021400
2017-07-21,62.889999,63.630001,62.889999,63.355,63.355,1172000
2017-07-24,63.255001,63.465,62.974998,63.240002,63.240002,1535200
2017-07-25,63.25,63.595001,63.035,63.195,63.195,797600
2017-07-26,63.314999,63.605,63.174999,63.505001,63.505001,747400
2017-07-27,63.445,63.73,63.18,63.485001,63.485001,1246000
2017-07-28,63.32,63.650002,62.904999,63.115002,63.115002,923200
2017-07-31,63.41,64.285004,63.314999,64.25,64.25,2789200
2017-08-01,64.285004,64.675003,64.029999,64.635002,64.635002,2220800
2017-08-02,62.27,64.425003,61.959999,61.985001,61.985001,4454800
2017-08-03,62.084999,62.235001,61.389999,61.985001,61.985001,2251800
2017-08-04,62.200001,62.200001,61.43,61.540001,61.540001,1943400
2017-08-07,61.544998,62.134998,61.445,62.040001,62.040001,1626000
2017-08-08,61.724998,62.060001,61.654999,61.790001,61.790001,1020600
2017-08-09,61.634998,61.825001,61.32,61.650002,61.650002,1097000
2017-08-10,61.305,61.790001,61.134998,61.244999,61.244999,1286600
2017-08-11,61.439999,61.715,61.369999,61.419998,61.419998,898800
2017-08-14,61.485001,62.134998,61.485001,62.025002,62.025002,1137400
2017-08-15,62.014999,62.459999,61.875,62.349998,62.349998,1114400
2017-08-16,62.490002,62.735001,61.990002,62.415001,62.415001,1218200
2017-08-17,62.049999,62.169998,60.5,60.544998,60.544998,2350600
2017-08-18,60.470001,60.860001,59.849998,60.18,60.18,1857800
2017-08-21,60.32,60.575001,60.044998,60.384998,60.384998,1649800
2017-08-22,60.575001,61.380001,60.509998,61.310001,61.310001,1274400
2017-08-23,61.110001,61.244999,60.764999,61.075001,61.075001,973600
2017-08-24,61.025002,61.150002,60.669998,60.755001,60.755001,897400
2017-08-25,60.994999,61.470001,60.834999,61.16,61.16,1739600
2017-08-28,61.330002,61.549999,61.25,61.415001,61.415001,891600
2017-08-29,61.095001,61.595001,61.084999,61.509998,61.509998,1152400
2017-08-30,61.52,61.855,61.32,61.605,61.605,1145800
2017-08-31,61.869999,62.025002,61.615002,61.855,61.855,1689000
2017-09-01,62.095001,62.310001,61.330002,61.5,61.5,955800
2017-09-05,61.290001,61.355,60.66,60.93,60.93,1737200
2017-09-06,61.185001,61.330002,60.584999,61.205002,61.205002,2338400
2017-09-07,61.465,61.785,61.084999,61.415001,61.415001,1207200
2017-09-08,61.334999,61.73,61.014999,61.330002,61.330002,1417400
2017-09-11,61.700001,62.235001,61.400002,62.16,62.16,1179400
2017-09-12,62.154999,62.490002,61.959999,62.290001,62.290001,1050000
2017-09-13,62.029999,62.169998,61.794998,61.994999,61.994999,977800
2017-09-14,61.799999,62.049999,61.580002,61.775002,61.775002,1304800
2017-09-15,61.810001,62.154999,61.509998,62.025002,62.025002,2969000
2017-09-18,61.955002,62.785,61.884998,62.764999,62.764999,1524400
2017-09-19,62.825001,63.130001,62.514999,62.584999,62.584999,1133000
2017-09-20,62.705002,62.919998,62.195,62.549999,62.549999,1041000
2017-09-21,62.544998,62.634998,62.145,62.380001,62.380001,1167400
2017-09-22,62.279999,63.145,62.235001,63.115002,63.115002,1639000
2017-09-25,62.895,63.575001,62.75,63.555,63.555,2289800
2017-09-26,63.805,63.955002,63.5,63.740002,63.740002,1895600
2017-09-27,63.994999,64.315002,63.93,64.18,64.18,1809400
2017-09-28,63.875,64.32,63.834999,64.105003,64.105003,1888200
2017-09-29,64.059998,64.805,63.935001,64.480003,64.480003,2444000
2017-10-02,64.610001,64.904999,64.165001,64.434998,64.434998,1349400
2017-10-03,64.574997,64.760002,64.379997,64.415001,64.415001,1093400
2017-10-04,64.294998,64.385002,63.84,64.290001,64.290001,967000
2017-10-05,64.480003,64.620003,64.074997,64.455002,64.455002,1383000
2017-10-06,64.449997,64.449997,63.584999,63.740002,63.740002,2666400
2017-10-09,63.779999,63.93,63.605,63.755001,63.755001,1903200
2017-10-10,63.970001,64.324997,63.865002,63.935001,63.935001,1401600
2017-10-11,63.855,63.965,63.224998,63.369999,63.369999,1669200
2017-10-12,63.365002,63.794998,63.349998,63.584999,63.584999,2821400
2017-10-13,63.384998,64.0,63.384998,63.540001,63.540001,1405400
2017-10-16,63.52,63.75,63.375,63.599998,63.599998,1252000
2017-10-17,63.540001,63.705002,63.154999,63.314999,63.314999,931200
2017-10-18,63.25,63.755001,63.25,63.535,63.535,1193600
2017-10-19,63.474998,63.884998,63.32,63.775002,63.775002,957200
2017-10-20,64.065002,64.290001,63.904999,64.220001,64.220001,1181400
2017-10-23,64.345001,64.599998,63.915001,63.994999,63.994999,1348400
2017-10-24,64.0,64.235001,63.57,63.695,63.695,1933600
2017-10-25,63.445,64.300003,63.32,64.105003,64.105003,2131000
2017-10-26,64.540001,64.754997,64.279999,64.470001,64.470001,930400
2017-10-27,64.355003,65.099998,64.245003,65.089996,65.089996,1617200
2017-10-30,65.025002,65.089996,64.360001,64.724998,64.724998,1909600
2017-10-31,64.595001,64.849998,64.254997,64.714996,64.714996,2634600
2017-11-01,62.0,62.895,60.189999,62.759998,62.759998,10332000
2017-11-02,62.810001,63.59,62.674999,63.290001,63.290001,3104600
2017-11-03,63.23,63.549999,63.07,63.514999,63.514999,2077200
2017-11-06,63.48,63.904999,63.294998,63.884998,63.884998,2456800
2017-11-07,63.869999,63.965,63.169998,63.485001,63.485001,1943200
2017-11-08,63.380001,64.555,63.264999,64.410004,64.410004,1401000
2017-11-09,64.059998,64.580002,63.709999,64.440002,64.440002,1847200
2017-11-10,64.269997,64.269997,63.790001,64.0,64.0,965400
2017-11-13,63.985001,64.285004,63.689999,64.080002,64.080002,1387000
2017-11-14,63.900002,64.925003,63.759998,64.864998,64.864998,1428600
2017-11-15,64.764999,64.915001,64.0,64.260002,64.260002,1989200
2017-11-16,64.455002,65.050003,64.360001,64.769997,64.769997,1337000
2017-11-17,64.720001,64.739998,63.959999,64.195,64.195,1611000
2017-11-20,64.120003,64.410004,63.889999,64.160004,64.160004,1371400
2017-11-21,64.355003,64.375,63.895,64.135002,64.135002,1581000
2017-11-22,64.144997,64.32,63.764999,63.855,63.855,1376000
2017-11-24,63.794998,64.125,63.650002,64.065002,64.065002,681000
2017-11-27,64.190002,64.315002,63.834999,64.080002,64.080002,1191200
2017-11-28,64.055,64.285004,63.880001,64.205002,64.205002,2188800
2017-11-29,64.184998,64.495003,63.794998,64.360001,64.360001,1915800
2017-11-30,64.555,65.925003,64.555,65.724998,65.724998,3568000
2017-12-01,65.25,65.904999,64.095001,65.205002,65.205002,2301000
2017-12-04,65.695,66.555,65.464996,66.120003,66.120003,2270000
2017-12-05,66.120003,66.285004,65.309998,65.440002,65.440002,1550200
2017-12-06,65.57,65.754997,65.004997,65.279999,65.279999,1658200
2017-12-07,65.154999,65.699997,65.010002,65.599998,65.599998,1431200
2017-12-08,65.945,66.059998,65.635002,65.860001,65.860001,1142400
2017-12-11,65.699997,65.915001,65.565002,65.915001,65.915001,1514400
2017-12-12,66.0,66.160004,65.544998,65.599998,65.599998,1252000
2017-12-13,65.730003,66.035004,65.139999,65.404999,65.404999,1732000
2017-12-14,65.370003,65.5,64.919998,64.949997,64.949997,1519400
2017-12-15,65.480003,66.139999,64.705002,65.980003,65.980003,3525600
2017-12-18,66.160004,66.68,66.055,66.169998,66.169998,1495000
2017-12-19,66.264999,66.449997,65.709999,66.080002,66.080002,1207400
2017-12-20,66.385002,66.385002,65.779999,65.794998,65.794998,1263200
2017-12-21,65.934998,66.135002,65.239998,65.315002,65.315002,1123000
2017-12-22,65.184998,65.489998,65.095001,65.160004,65.160004,819400
2017-12-26,65.199997,65.775002,65.019997,65.699997,65.699997,876000
2017-12-27,65.614998,65.824997,65.514999,65.745003,65.745003,1353600
2017-12-28,65.949997,66.050003,65.580002,65.995003,65.995003,1158000
2017-12-29,65.934998,66.239998,65.535004,65.565002,65.565002,1182800
2018-01-02,65.980003,65.985001,64.910004,65.175003,65.175003,1546400
2018-01-03,65.285004,65.995003,65.245003,65.705002,65.705002,1273400
2018-01-04,65.894997,66.699997,65.894997,66.629997,66.629997,1496000
2018-01-05,66.82,67.495003,66.434998,67.290001,67.290001,1625200
2018-01-08,67.205002,67.639999,66.985001,67.425003,67.425003,1457400
2018-01-09,67.425003,68.370003,67.214996,68.144997,68.144997,1663400
2018-01-10,68.025002,68.690002,67.625,68.504997,68.504997,2211800
2018-01-11,68.440002,68.955002,68.190002,68.915001,68.915001,1579600
2018-01-12,68.900002,69.035004,68.535004,68.610001,68.610001,1528200
2018-01-16,68.860001,69.279999,68.669998,68.754997,68.754997,1848400
2018-01-17,69.360001,69.625,69.050003,69.125,69.125,3045800
2018-01-18,69.154999,69.285004,68.769997,68.970001,68.970001,1528800
2018-01-19,68.794998,69.345001,68.550003,69.055,69.055,1638200
2018-01-22,69.114998,70.099998,69.050003,70.095001,70.095001,1503000
2018-01-23,69.584999,70.540001,69.474998,70.195,70.195,1574200
2018-01-24,70.495003,70.639999,69.955002,70.07,70.07,1750200
2018-01-25,70.290001,70.574997,69.815002,70.400002,70.400002,1331000
2018-01-26,70.764999,71.404999,70.239998,71.290001,71.290001,1485600
2018-01-29,71.150002,71.995003,71.004997,71.514999,71.514999,2438800
2018-01-30,71.584999,72.099998,71.245003,71.269997,71.269997,2970400
2018-01-31,71.220001,71.220001,70.065002,70.419998,70.419998,2968600
2018-02-01,70.339996,70.934998,69.724998,70.050003,70.050003,2108400
2018-02-02,69.709999,69.989998,68.709999,68.775002,68.775002,2321200
2018-02-05,68.849998,69.290001,65.004997,65.055,65.055,4263200
2018-02-06,64.144997,65.595001,62.759998,65.375,65.375,5878400
2018-02-07,64.889999,65.495003,64.285004,64.584999,64.584999,4752200
2018-02-08,71.074997,71.080002,66.379997,66.525002,66.525002,7270600
2018-02-09,67.400002,69.220001,66.885002,68.730003,68.730003,5312600
2018-02-12,69.065002,70.315002,68.900002,69.32,69.32,3665600
2018-02-13,68.904999,69.769997,68.245003,69.514999,69.514999,1628800
2018-02-14,69.254997,69.555,68.580002,69.199997,69.199997,2616600
2018-02-15,69.550003,70.245003,68.940002,70.224998,70.224998,2041400
2018-02-16,70.25,71.709999,70.230003,71.360001,71.360001,2467400
2018-02-20,70.925003,71.709999,70.644997,70.855003,70.855003,2348400
2018-02-21,71.285004,71.489998,69.855003,69.894997,69.894997,2115400
2018-02-22,70.084999,71.400002,70.084999,71.055,71.055,1809400
2018-02-23,71.5,73.129997,71.309998,73.095001,73.095001,2910800
2018-02-26,73.434998,73.68,72.489998,72.68,72.68,2279600
2018-02-27,72.870003,73.714996,72.055,72.105003,72.105003,3182800
2018-02-28,72.550003,73.004997,71.690002,71.695,71.695,3066800
2018-03-01,71.925003,72.294998,70.485001,70.934998,70.934998,3111800
2018-03-02,70.654999,72.169998,70.330002,71.989998,71.989998,2693200
2018-03-05,71.404999,72.629997,71.195,72.464996,72.464996,1933000
2018-03-06,72.495003,72.559998,71.794998,72.110001,72.110001,2003200
2018-03-07,71.834999,72.695,71.830002,72.529999,72.529999,1562200
2018-03-08,72.730003,73.400002,72.730003,73.050003,73.050003,1277000
2018-03-09,73.43,74.209999,73.214996,74.114998,74.114998,2001000
2018-03-12,74.264999,74.324997,73.675003,73.82,73.82,2093800
2018-03-13,73.915001,74.245003,73.290001,73.75,73.75,3951200
2018-03-14,73.970001,74.169998,73.410004,73.794998,73.794998,3121800
2018-03-15,73.730003,74.355003,73.565002,73.834999,73.834999,1692800
2018-03-16,74.010002,74.455002,73.635002,74.220001,74.220001,3003000
2018-03-19,73.900002,74.195,72.855003,73.620003,73.620003,1482000
2018-03-20,73.709999,73.989998,72.860001,73.459999,73.459999,1756900
2018-03-21,73.629997,74.300003,73.019997,73.169998,73.169998,2060800
2018-03-22,72.860001,72.989998,71.25,71.339996,71.339996,1579100
2018-03-23,71.290001,71.540001,70.0,70.010002,70.010002,2029700
2018-03-26,70.980003,71.540001,70.07,71.279999,71.279999,1941300
2018-03-27,71.699997,71.919998,69.769997,70.279999,70.279999,1779600
2018-03-28,70.43,71.410004,70.059998,70.739998,70.739998,2524100
2018-03-29,71.25,71.900002,70.160004,71.309998,71.309998,1586000
2018-04-02,71.040001,71.550003,69.68,70.540001,70.540001,2350100
2018-04-03,70.639999,71.410004,70.139999,70.970001,70.970001,1920900
2018-04-04,70.300003,71.440002,69.800003,71.129997,71.129997,2663300
2018-04-05,71.68,71.919998,70.93,71.239998,71.239998,1462000
2018-04-06,70.559998,71.269997,69.669998,69.839996,69.839996,1434100
2018-04-09,70.099998,71.190002,70.019997,70.129997,70.129997,1424500
2018-04-10,70.860001,71.559998,70.699997,71.129997,71.129997,1691000
2018-04-11,70.550003,71.349998,70.440002,70.849998,70.849998,1167600
2018-04-12,71.110001,71.339996,70.730003,70.980003,70.980003,1259000
2018-04-13,71.160004,71.370003,70.599998,70.900002,70.900002,1304500
2018-04-16,71.489998,71.900002,71.150002,71.589996,71.589996,1091500
2018-04-17,72.160004,72.620003,71.800003,72.290001,72.290001,1724700
2018-04-18,72.470001,72.489998,71.839996,72.120003,72.120003,1150700
2018-04-19,71.949997,72.370003,71.529999,71.75,71.75,958200
2018-04-20,71.68,72.110001,71.0,71.339996,71.339996,1212100
2018-04-23,71.419998,71.739998,70.879997,71.089996,71.089996,805700
2018-04-24,71.519997,71.699997,70.449997,70.900002,70.900002,1625900
2018-04-25,70.809998,70.93,69.660004,70.160004,70.160004,1393800
2018-04-26,70.400002,71.720001,70.32,71.32,71.32,1345100
2018-04-27,71.120003,71.910004,70.970001,71.470001,71.470001,1547100
2018-04-30,71.510002,72.150002,70.82,70.860001,70.860001,2548400
2018-05-01,70.849998,71.830002,70.830002,71.629997,71.629997,2547600
2018-05-02,71.0,71.559998,68.860001,69.029999,69.029999,3623300
2018-05-03,68.660004,69.419998,68.43,68.989998,68.989998,2346800
2018-05-04,68.620003,69.970001,68.449997,69.720001,69.720001,2127300
2018-05-07,69.830002,70.519997,69.779999,70.410004,70.410004,1786800
2018-05-08,69.949997,71.199997,69.309998,70.410004,70.410004,2007600
2018-05-09,70.540001,71.800003,70.209999,71.489998,71.489998,1457300
2018-05-10,71.790001,72.550003,71.5,72.410004,72.410004,956100
2018-05-11,72.440002,72.889999,72.25,72.790001,72.790001,1518600
2018-05-14,72.720001,73.190002,72.309998,72.419998,72.419998,1205500
2018-05-15,72.050003,72.199997,71.580002,72.089996,72.089996,1473600
2018-05-16,72.260002,72.599998,72.010002,72.279999,72.279999,1278800
2018-05-17,72.260002,72.610001,71.900002,72.5,72.5,1511500
2018-05-18,72.739998,73.239998,72.5,72.980003,72.980003,1462000
2018-05-21,73.07,73.559998,73.0,73.25,73.25,1559500
2018-05-22,73.43,73.43,71.540001,71.660004,71.660004,2409300
2018-05-23,71.110001,71.870003,70.730003,71.870003,71.870003,1600900
2018-05-24,71.860001,72.07,71.25,71.68,71.68,1836500
2018-05-25,71.68,71.959999,71.610001,71.769997,71.769997,1003700
2018-05-29,71.339996,71.709999,70.779999,71.629997,71.629997,1920400
2018-05-30,71.949997,73.010002,71.589996,72.75,72.75,1675700
2018-05-31,72.709999,73.239998,72.480003,72.599998,72.599998,2077200
2018-06-01,73.010002,73.57,72.120003,73.330002,73.330002,1230500
2018-06-04,73.43,74.610001,73.339996,74.260002,74.260002,1194200
2018-06-05,74.279999,74.849998,74.160004,74.68,74.68,1943300
2018-06-06,74.900002,76.07,74.900002,76.059998,76.059998,2636500
2018-06-07,76.0,76.139999,74.540001,75.07,75.07,2462000
2018-06-08,75.110001,75.529999,74.75,75.470001,75.470001,1141500
2018-06-11,75.349998,75.5,75.010002,75.129997,75.129997,1188100
2018-06-12,75.050003,75.949997,74.720001,75.849998,75.849998,1487100
2018-06-13,75.809998,76.760002,75.599998,75.849998,75.849998,1920800
2018-06-14,76.169998,76.980003,75.93,76.43,76.43,2083400
2018-06-15,76.620003,76.690002,75.849998,76.489998,76.489998,3351100
2018-06-18,76.0,76.419998,75.480003,76.220001,76.220001,1462500
2018-06-19,75.809998,76.220001,75.550003,76.160004,76.160004,1496300
2018-06-20,76.360001,76.75,76.139999,76.209999,76.209999,1723900
2018-06-21,74.860001,76.379997,74.860001,75.779999,75.779999,1346800
2018-06-22,76.010002,76.300003,75.360001,75.57,75.57,2988000
2018-06-25,75.540001,75.550003,74.110001,74.379997,74.379997,1578100
2018-06-26,74.660004,74.779999,73.989998,74.18,74.18,1528200
2018-06-27,74.239998,74.589996,73.190002,73.260002,73.260002,1877600
2018-06-28,73.309998,74.050003,73.220001,73.93,73.93,1276300
2018-06-29,74.019997,74.629997,73.889999,74.089996,74.089996,1410400
2018-07-02,73.699997,74.760002,73.540001,74.739998,74.739998,1408800
2018-07-03,74.959999,75.099998,74.330002,74.419998,74.419998,597400
2018-07-05,74.720001,75.190002,74.010002,75.029999,75.029999,1238300
2018-07-06,75.220001,75.669998,74.949997,75.489998,75.489998,1282900
2018-07-09,75.5,76.279999,75.5,75.82,75.82,1228300
2018-07-10,76.099998,76.230003,75.580002,75.959999,75.959999,1617300
2018-07-11,75.779999,76.910004,75.68,76.459999,76.459999,1392700
2018-07-12,76.809998,77.57,76.809998,77.550003,77.550003,1365700
2018-07-13,77.459999,77.730003,77.18,77.449997,77.449997,1104000
2018-07-16,77.489998,77.769997,76.650002,76.870003,76.870003,979300
2018-07-17,76.43,77.349998,76.43,77.150002,77.150002,1582500
2018-07-18,77.239998,77.43,76.849998,77.239998,77.239998,1192700
2018-07-19,77.230003,77.559998,76.879997,77.43,77.43,983500
2018-07-20,77.279999,77.779999,76.629997,77.349998,77.349998,1500200
2018-07-23,77.050003,77.5,76.800003,77.389999,77.389999,1035100
2018-07-24,77.5,77.739998,76.660004,77.18,77.18,1682800
2018-07-25,77.349998,77.690002,77.089996,77.610001,77.610001,2042800
2018-07-26,77.790001,78.209999,77.089996,77.220001,77.220001,1597700
2018-07-27,77.339996,77.599998,75.830002,76.120003,76.120003,1088900
2018-07-30,75.910004,76.059998,74.339996,74.459999,74.459999,1586500
2018-07-31,75.059998,76.82,74.510002,75.480003,75.480003,2506900
2018-08-01,75.480003,76.540001,73.870003,74.739998,74.739998,2311100
2018-08-02,74.260002,75.260002,73.839996,75.190002,75.190002,2061100
2018-08-03,75.339996,76.300003,74.970001,76.25,76.25,1623600
2018-08-06,76.260002,76.959999,76.110001,76.900002,76.900002,1484900
2018-08-07,76.68,77.410004,76.529999,77.050003,77.050003,1569000
2018-08-08,77.18,77.82,77.0,77.580002,77.580002,1348400
2018-08-09,77.860001,78.93,77.629997,78.639999,78.639999,1896500
2018-08-10,78.300003,80.0,78.300003,79.239998,79.239998,2245100
2018-08-13,79.529999,79.959999,79.019997,79.269997,79.269997,2102300
2018-08-14,78.330002,79.57,78.25,79.029999,79.029999,2173900
2018-08-15,78.720001,79.089996,78.260002,78.690002,78.690002,1981100
2018-08-16,79.18,79.18,77.650002,78.919998,78.919998,1952200
2018-08-17,78.830002,79.629997,78.720001,79.440002,79.440002,1635200
2018-08-20,79.629997,79.910004,79.220001,79.589996,79.589996,936700
2018-08-21,79.690002,79.93,79.360001,79.440002,79.440002,1197100
2018-08-22,79.160004,79.919998,79.0,79.660004,79.660004,1776900
2018-08-23,79.599998,79.989998,79.43,79.650002,79.650002,1501300
2018-08-24,79.889999,80.330002,79.480003,80.029999,80.029999,1445200
2018-08-27,80.360001,80.449997,79.639999,79.709999,79.709999,1571000
2018-08-28,79.800003,79.949997,77.790001,78.440002,78.440002,3231400
2018-08-29,78.610001,79.739998,78.589996,79.639999,79.639999,1668100
2018-08-30,79.559998,79.800003,79.400002,79.559998,79.559998,1365400
2018-08-31,79.519997,80.160004,79.510002,80.07,80.07,1689200
2018-09-04,79.830002,80.120003,79.290001,79.980003,79.980003,1201500
2018-09-05,80.139999,80.379997,79.239998,79.709999,79.709999,1584800
2018-09-06,79.620003,80.699997,79.529999,80.370003,80.370003,1457400
2018-09-07,80.339996,80.550003,79.739998,79.919998,79.919998,1371100
2018-09-10,80.190002,80.57,79.989998,80.389999,80.389999,1456300
2018-09-11,80.400002,81.209999,80.230003,80.790001,80.790001,1348700
2018-09-12,80.720001,80.989998,80.389999,80.779999,80.779999,1111500
2018-09-13,81.120003,81.309998,80.860001,81.089996,81.089996,1558100
2018-09-14,81.190002,81.470001,80.870003,81.339996,81.339996,2015600
2018-09-17,81.739998,81.870003,80.029999,80.080002,80.080002,1461600
2018-09-18,80.050003,80.559998,79.779999,80.279999,80.279999,1221000
2018-09-19,80.470001,80.870003,79.279999,79.419998,79.419998,1662400
2018-09-20,79.559998,80.230003,79.339996,80.120003,80.120003,1784300
2018-09-21,80.730003,81.5,80.0,81.440002,81.440002,4347600
2018-09-24,80.699997,81.129997,80.540001,80.919998,80.919998,2001000
2018-09-25,81.199997,81.879997,81.160004,81.68,81.68,1646500
2018-09-26,81.949997,82.389999,81.419998,81.650002,81.650002,1699500
2018-09-27,81.75,82.050003,81.519997,81.629997,81.629997,1992500
2018-09-28,81.699997,82.410004,81.669998,82.379997,82.379997,1699900
2018-10-01,82.660004,82.790001,81.379997,81.529999,81.529999,1583300
2018-10-02,81.610001,82.239998,81.029999,81.849998,81.849998,1783100
2018-10-03,82.209999,82.379997,81.650002,81.68,81.68,1684000
2018-10-04,81.309998,81.449997,79.82,80.470001,80.470001,1751900
2018-10-05,80.650002,81.290001,80.489998,81.059998,81.059998,1521700
2018-10-08,81.0,81.360001,79.629997,80.610001,80.610001,1409000
2018-10-09,80.669998,81.5,80.290001,80.760002,80.760002,1229800
2018-10-10,80.419998,80.449997,76.910004,77.010002,77.010002,2456400
2018-10-11,77.339996,77.699997,75.739998,75.900002,75.900002,2732000
2018-10-12,76.589996,77.389999,76.129997,77.139999,77.139999,2117500
2018-10-15,76.849998,77.669998,76.279999,76.75,76.75,1455900
2018-10-16,77.550003,79.18,77.419998,78.860001,78.860001,1709500
2018-10-17,78.940002,79.220001,78.220001,79.059998,79.059998,1135100
2018-10-18,79.0,79.589996,78.110001,78.5,78.5,1586100
2018-10-19,78.489998,79.830002,78.400002,78.529999,78.529999,1923900
2018-10-22,78.889999,80.0,78.730003,79.400002,79.400002,1876500
2018-10-23,78.349998,79.989998,77.730003,79.360001,79.360001,2239700
2018-10-24,79.199997,79.550003,77.010002,77.169998,77.169998,2446100
2018-10-25,77.889999,79.290001,77.160004,78.889999,78.889999,2159100
2018-10-26,76.800003,78.68,76.540001,77.900002,77.900002,2170400
2018-10-29,78.769997,79.349998,76.220001,77.18,77.18,2923600
2018-10-30,77.419998,78.0,76.720001,77.940002,77.940002,3257700
2018-10-31,78.769997,79.730003,78.290001,79.300003,79.300003,3374400
2018-11-01,74.089996,77.720001,73.510002,74.910004,74.910004,5988600
2018-11-02,75.470001,75.779999,73.959999,74.989998,74.989998,3272200
2018-11-05,75.400002,76.940002,75.339996,76.709999,76.709999,2196700
2018-11-06,76.75,77.709999,76.75,77.510002,77.510002,2237000
2018-11-07,78.199997,79.279999,77.970001,79.209999,79.209999,2630600
2018-11-08,78.989998,79.82,78.660004,79.800003,79.800003,1424000
2018-11-09,79.269997,80.480003,79.129997,80.239998,80.239998,2076500
2018-11-12,79.980003,80.5,78.470001,78.589996,78.589996,1970800
2018-11-13,78.93,79.220001,77.5,77.660004,77.660004,1680500
2018-11-14,78.279999,78.690002,77.339996,77.75,77.75,2704700
2018-11-15,77.559998,79.709999,77.139999,79.709999,79.709999,1640900
2018-11-16,79.019997,80.620003,78.669998,80.279999,80.279999,1757300
2018-11-19,80.419998,80.589996,78.209999,78.559998,78.559998,1683800
2018-11-20,77.879997,78.099998,75.839996,76.080002,76.080002,2670000
2018-11-21,76.629997,77.379997,75.980003,76.839996,76.839996,1590600
2018-11-23,76.160004,77.650002,76.160004,76.870003,76.870003,810100
2018-11-26,77.620003,77.800003,76.709999,77.410004,77.410004,2080100
2018-11-27,77.269997,77.480003,76.440002,77.169998,77.169998,1561400
2018-11-28,77.300003,79.449997,77.220001,79.400002,79.400002,1642700
2018-11-29,79.050003,79.43,78.400002,78.440002,78.440002,1716400
2018-11-30,78.639999,79.32,78.379997,79.129997,79.129997,2597100
2018-12-03,79.580002,80.040001,79.190002,79.669998,79.669998,2151400
2018-12-04,79.5,80.07,76.550003,76.910004,76.910004,2887900
2018-12-06,75.550003,76.160004,74.040001,76.07,76.07,3567300
2018-12-07,75.559998,76.57,74.32,74.739998,74.739998,2403100
2018-12-10,74.879997,76.360001,74.190002,76.139999,76.139999,2216700
2018-12-11,77.980003,78.0,76.519997,76.760002,76.760002,1881700
2018-12-12,77.849998,78.760002,77.389999,77.639999,77.639999,1670100
2018-12-13,77.699997,78.209999,76.959999,77.739998,77.739998,1660200
2018-12-14,77.07,77.43,76.239998,76.279999,76.279999,1840500
2018-12-17,76.290001,76.529999,73.940002,74.43,74.43,2198200
2018-12-18,75.18,75.709999,72.339996,73.010002,73.010002,2832400
2018-12-19,73.0,75.150002,71.980003,72.839996,72.839996,3030900
2018-12-20,72.650002,73.370003,71.559998,72.5,72.5,3315500
2018-12-21,72.160004,73.730003,70.190002,70.919998,70.919998,5012700
2018-12-24,70.75,71.010002,68.919998,69.0,69.0,1591900
2018-12-26,69.379997,71.980003,68.550003,71.910004,71.910004,2146600
2018-12-27,70.339996,73.080002,70.0,73.07,73.07,2110700
2018-12-28,73.190002,73.959999,72.489998,72.959999,72.959999,1744200
2018-12-31,73.379997,73.620003,72.620003,73.489998,73.489998,1538300
2019-01-02,72.209999,73.489998,71.82,72.209999,72.209999,2278600
2019-01-03,71.379997,71.989998,69.970001,70.110001,70.110001,2542300
2019-01-04,71.07,73.459999,70.889999,73.220001,73.220001,1782700
2019-01-07,73.150002,74.360001,72.620003,73.07,73.07,1837600
2019-01-08,73.449997,74.290001,72.489998,73.550003,73.550003,1930600
2019-01-09,73.739998,73.830002,73.010002,73.32,73.32,1749300
2019-01-10,73.18,74.449997,72.989998,74.379997,74.379997,1367400
2019-01-11,73.949997,74.139999,73.519997,74.099998,74.099998,1360100
2019-01-14,73.220001,74.279999,73.120003,73.879997,73.879997,1178400
2019-01-15,74.0,75.349998,73.879997,75.040001,75.040001,1093900
2019-01-16,70.550003,72.779999,68.449997,72.57,72.57,49523600
2019-01-17,72.07,75.57,72.07,74.5,74.5,19092000
2019-01-18,75.110001,77.910004,75.059998,77.82,77.82,13493600
2019-01-22,77.309998,78.309998,77.010002,78.190002,78.190002,11480700
2019-01-23,78.550003,80.669998,78.209999,80.589996,80.589996,10606500
2019-01-24,80.68,82.879997,80.580002,82.790001,82.790001,10378200
2019-01-25,82.93,85.120003,82.220001,85.07,85.07,10138500
2019-01-28,84.669998,85.650002,83.82,85.209999,85.209999,8740300
2019-01-29,85.019997,85.059998,83.099998,83.629997,83.629997,5510700
2019-01-30,84.199997,84.879997,83.800003,84.660004,84.660004,6490300
2019-01-31,84.790001,84.790001,82.650002,82.93,82.93,8094700
2019-02-01,82.629997,83.660004,82.290001,82.919998,82.919998,6008600
2019-02-04,82.879997,84.099998,82.43,84.089996,84.089996,4238500
2019-02-05,83.800003,85.209999,83.550003,85.110001,85.110001,5839900
2019-02-06,84.82,85.120003,83.900002,84.610001,84.610001,3858400
2019-02-07,84.120003,84.339996,83.0,84.010002,84.010002,5825300
2019-02-08,83.889999,85.730003,82.900002,85.699997,85.699997,5768100
2019-02-11,86.260002,86.290001,84.279999,84.559998,84.559998,5971800
2019-02-12,85.300003,85.300003,83.870003,84.379997,84.379997,4156300
2019-02-13,84.57,84.860001,83.93,84.389999,84.389999,5343500
2019-02-14,84.279999,84.769997,83.809998,84.349998,84.349998,3541200
2019-02-15,85.029999,86.120003,84.550003,85.779999,85.779999,6187800
2019-02-19,85.589996,85.879997,85.419998,85.620003,85.620003,3371300
2019-02-20,85.470001,85.470001,84.459999,84.730003,84.730003,2884500
2019-02-21,84.489998,85.43,84.080002,84.75,84.75,4173200
2019-02-22,84.940002,85.449997,84.75,85.029999,85.029999,2206700
2019-02-25,85.459999,85.5,84.18,84.239998,84.239998,3975500
2019-02-26,84.32,84.949997,84.089996,84.720001,84.720001,3071500
2019-02-27,84.269997,85.139999,84.199997,85.050003,85.050003,2595200
2019-02-28,84.889999,85.379997,84.660004,84.690002,84.690002,2595400
2019-03-01,85.110001,86.669998,84.940002,86.389999,86.389999,3614600
2019-03-04,87.029999,87.220001,85.099998,85.550003,85.550003,3128300
2019-03-05,85.629997,85.940002,85.25,85.610001,85.610001,1958800
2019-03-06,85.699997,86.089996,84.949997,85.370003,85.370003,2133600
2019-03-07,85.209999,85.650002,84.529999,85.010002,85.010002,3320900
2019-03-08,84.25,85.160004,84.019997,84.879997,84.879997,2230300
2019-03-11,84.989998,86.260002,84.919998,86.029999,86.029999,2948500
2019-03-12,86.360001,86.419998,85.5,86.080002,86.080002,3561800
2019-03-13,86.480003,87.0,85.730003,86.080002,86.080002,3577700
2019-03-14,86.239998,86.32,85.190002,85.5,85.5,4654200
2019-03-15,85.57,87.260002,85.57,86.239998,86.239998,5868400
2019-03-18,86.809998,87.029999,84.580002,85.089996,85.089996,5706300
2019-03-19,85.269997,85.489998,84.129997,84.599998,84.599998,5084200
2019-03-20,84.449997,84.629997,83.309998,83.730003,83.730003,6127000
2019-03-21,83.650002,86.110001,83.529999,86.07,86.07,5076700
2019-03-22,85.779999,86.290001,85.150002,85.580002,85.580002,4052400
2019-03-25,85.370003,85.620003,84.860001,85.260002,85.260002,2078800
2019-03-26,85.639999,86.940002,85.419998,86.93,86.93,3296800
2019-03-27,87.010002,88.029999,86.629997,87.650002,87.650002,4381100
2019-03-28,87.809998,88.089996,87.010002,87.779999,87.779999,2413500
2019-03-29,88.449997,88.650002,87.550003,88.279999,88.279999,4295200
2019-04-01,88.980003,89.480003,88.120003,89.309998,89.309998,2821600
2019-04-02,89.540001,90.18,89.269997,89.779999,89.779999,3517900
2019-04-03,90.360001,91.190002,89.699997,90.639999,90.639999,3156100
2019-04-04,90.669998,90.839996,89.410004,90.080002,90.080002,2671600
2019-04-05,90.389999,90.599998,89.620003,89.860001,89.860001,1924900
2019-04-08,89.629997,89.629997,87.980003,88.330002,88.330002,7082300
2019-04-09,87.849998,88.559998,87.68,88.230003,88.230003,4726300
2019-04-10,88.120003,88.379997,86.300003,86.75,86.75,6478400
2019-04-11,87.089996,87.169998,85.32,85.540001,85.540001,9136600
2019-04-12,86.040001,86.82,85.25,86.300003,86.300003,5758600
2019-04-15,86.449997,87.059998,85.650002,86.550003,86.550003,3938500
2019-04-16,86.660004,86.709999,84.949997,85.010002,85.010002,5085400
2019-04-17,85.260002,85.580002,84.959999,85.290001,85.290001,2984300
2019-04-18,85.919998,85.919998,85.010002,85.059998,85.059998,3588600
2019-04-22,84.610001,85.790001,84.519997,85.730003,85.730003,3857000
2019-04-23,85.760002,87.349998,85.260002,87.080002,87.080002,3410300
2019-04-24,86.919998,87.080002,85.870003,86.529999,86.529999,2621600
2019-04-25,86.540001,86.760002,85.669998,86.300003,86.300003,3051200
2019-04-26,86.410004,86.739998,84.959999,85.370003,85.370003,2587600
2019-04-29,85.370003,85.599998,84.32,85.050003,85.050003,7410300
2019-04-30,86.25,89.209999,86.18,87.239998,87.239998,6439900
2019-05-01,85.75,87.809998,84.779999,85.93,85.93,7909900
2019-05-02,85.690002,86.290001,84.629997,85.459999,85.459999,3011500
2019-05-03,85.889999,86.970001,85.440002,86.739998,86.739998,3254900
2019-05-06,85.82,88.029999,85.110001,87.800003,87.800003,3896600
2019-05-07,87.129997,87.360001,84.989998,85.540001,85.540001,4073500
2019-05-08,85.300003,85.82,84.910004,85.419998,85.419998,2378200
2019-05-09,81.910004,84.93,81.620003,84.690002,84.690002,11169300
2019-05-10,84.449997,85.25,83.129997,85.230003,85.230003,2647100
2019-05-13,83.599998,84.25,83.050003,83.360001,83.360001,3511000
2019-05-14,83.690002,85.360001,83.43,84.459999,84.459999,3314900
2019-05-15,84.120003,86.0,83.800003,85.870003,85.870003,4041200
2019-05-16,86.720001,87.839996,85.989998,87.779999,87.779999,3647400
2019-05-17,87.330002,87.589996,86.910004,87.300003,87.300003,2876600
2019-05-20,86.550003,87.849998,86.339996,87.18,87.18,4299000
2019-05-21,88.139999,89.0,87.779999,88.410004,88.410004,3323700
2019-05-22,88.410004,89.660004,88.120003,89.599998,89.599998,3459700
2019-05-23,88.82,88.970001,86.370003,87.199997,87.199997,3393200
2019-05-24,87.720001,88.160004,86.5,86.900002,86.900002,2573200
2019-05-28,87.330002,87.879997,86.739998,86.970001,86.970001,4511100
2019-05-29,86.650002,86.910004,85.949997,86.809998,86.809998,2442900
2019-05-30,86.959999,87.709999,86.610001,87.129997,87.129997,2112000
2019-05-31,86.300003,86.769997,85.190002,85.860001,85.860001,3794600
2019-06-03,86.089996,86.459999,82.239998,82.68,82.68,5528800
2019-06-04,84.230003,86.230003,83.529999,86.160004,86.160004,4355000
2019-06-05,87.449997,88.449997,87.040001,88.360001,88.360001,2841800
2019-06-06,88.269997,89.440002,88.010002,89.410004,89.410004,4204100
2019-06-07,90.0,90.720001,89.599998,89.739998,89.739998,3776800
2019-06-10,90.099998,91.089996,89.43,90.580002,90.580002,2392300
2019-06-11,91.269997,91.379997,88.139999,89.639999,89.639999,2773700
2019-06-12,89.709999,90.099998,88.900002,89.769997,89.769997,2789100
2019-06-13,90.080002,90.489998,88.330002,88.660004,88.660004,2044000
2019-06-14,88.699997,89.339996,88.349998,89.199997,89.199997,1806900
2019-06-17,89.169998,89.589996,88.18,88.970001,88.970001,1936400
2019-06-18,89.360001,90.089996,88.279999,89.099998,89.099998,2680800
2019-06-19,89.779999,90.099998,88.480003,90.0,90.0,2726000
2019-06-20,90.790001,91.790001,90.290001,91.690002,91.690002,3103400
2019-06-21,92.160004,92.290001,91.040001,91.480003,91.480003,4128100
2019-06-24,91.860001,92.089996,90.629997,90.809998,90.809998,2318100
2019-06-25,90.870003,91.019997,89.730003,90.279999,90.279999,2415600
2019-06-26,91.220001,92.199997,90.139999,90.190002,90.190002,2594000
2019-06-27,90.339996,91.279999,90.120003,90.830002,90.830002,3188800
2019-06-28,91.029999,91.379997,90.470001,91.160004,91.160004,4179200
2019-07-01,92.300003,92.690002,91.330002,92.510002,92.510002,3006700
2019-07-02,92.540001,93.610001,92.150002,93.589996,93.589996,2902500
2019-07-03,94.370003,94.440002,93.660004,94.230003,94.230003,1460400
2019-07-05,93.339996,94.480003,92.510002,94.459999,94.459999,1593100
2019-07-08,94.099998,94.599998,93.519997,93.580002,93.580002,2547900
2019-07-09,92.82,93.900002,92.279999,93.839996,93.839996,3104200
2019-07-10,94.360001,94.889999,93.300003,93.860001,93.860001,2582100
2019-07-11,93.800003,94.300003,93.169998,93.690002,93.690002,3118200
2019-07-12,93.870003,94.639999,93.330002,94.510002,94.510002,2322300
2019-07-15,94.940002,95.419998,94.400002,94.75,94.75,2398400
2019-07-16,94.720001,95.220001,93.660004,93.910004,93.910004,2051100
2019-07-17,94.110001,94.699997,93.599998,94.110001,94.110001,2769300
2019-07-18,94.169998,96.980003,94.0,96.870003,96.870003,10758200
2019-07-19,96.720001,97.25,94.900002,95.389999,95.389999,6020700
2019-07-22,95.830002,96.160004,95.199997,95.300003,95.300003,3724500
2019-07-23,95.769997,95.769997,94.330002,95.300003,95.300003,3284200
2019-07-24,95.07,95.290001,92.860001,94.169998,94.169998,3579300
2019-07-25,95.470001,97.18,94.5,96.360001,96.360001,7095300
2019-07-26,98.970001,104.309998,98.510002,102.300003,102.300003,22063400
2019-07-29,102.709999,105.019997,102.489998,104.639999,104.639999,41146400
2019-07-30,102.779999,104.220001,102.779999,103.910004,103.910004,11513700
2019-07-31,104.839996,106.879997,103.970001,105.43,105.43,8796200
2019-08-01,107.059998,107.059998,104.18,104.660004,104.660004,6432800
2019-08-02,103.900002,104.830002,103.25,104.32,104.32,4358200
2019-08-05,102.730003,103.360001,99.550003,100.449997,100.449997,7151800
2019-08-06,101.18,103.300003,101.139999,103.019997,103.019997,5443200
2019-08-07,101.790001,105.5,101.169998,104.970001,104.970001,5600900
2019-08-08,105.919998,106.199997,105.010002,105.43,105.43,4645000
2019-08-09,105.080002,105.550003,104.050003,105.300003,105.300003,4169300
2019-08-12,104.93,105.730003,103.5,104.209999,104.209999,5054600
2019-08-13,104.25,105.82,103.849998,105.779999,105.779999,8441800
2019-08-14,104.639999,105.25,101.669998,102.400002,102.400002,3841500
2019-08-15,102.519997,105.93,101.989998,105.489998,105.489998,5205900
2019-08-16,106.419998,107.480003,105.540001,107.260002,107.260002,5758400
2019-08-19,108.099998,108.57,106.669998,107.75,107.75,5335700
2019-08-20,107.540001,108.0,106.849998,106.989998,106.989998,4713500
2019-08-21,107.769997,108.0,106.93,107.559998,107.559998,2552600
2019-08-22,107.989998,108.540001,106.949997,108.160004,108.160004,2818800
2019-08-23,107.809998,108.190002,104.339996,104.68,104.68,4545600
2019-08-26,105.510002,106.410004,105.040001,106.379997,106.379997,3320100
2019-08-27,107.190002,107.339996,106.089996,106.980003,106.980003,3451900
2019-08-28,106.379997,106.959999,105.760002,106.75,106.75,1491300
2019-08-29,107.849998,108.279999,107.32,107.639999,107.639999,1990900
2019-08-30,108.050003,108.32,106.32,106.940002,106.940002,4353300
2019-09-03,107.089996,107.209999,105.620003,105.839996,105.839996,2529100
2019-09-04,106.360001,106.660004,105.760002,106.290001,106.290001,3608400
2019-09-05,107.629997,108.82,106.879997,108.699997,108.699997,4913800
2019-09-06,108.669998,109.919998,108.559998,108.620003,108.620003,4046900
2019-09-09,108.809998,109.199997,105.919998,106.68,106.68,4541700
2019-09-10,105.720001,106.190002,101.900002,103.690002,103.690002,4909200
2019-09-11,103.300003,103.720001,101.339996,102.0,102.0,4683300
2019-09-12,103.290001,104.809998,102.93,103.889999,103.889999,4468600
2019-09-13,103.760002,103.959999,102.059998,102.599998,102.599998,2856000
2019-09-16,101.779999,104.32,101.5,103.620003,103.620003,2489700
2019-09-17,104.550003,105.25,104.059998,104.82,104.82,2501100
2019-09-18,105.0,105.0,102.669998,104.339996,104.339996,4558600
2019-09-19,104.019997,105.839996,104.010002,104.910004,104.910004,4901700
2019-09-20,105.059998,106.089996,103.879997,104.080002,104.080002,6540000
2019-09-23,103.379997,105.239998,103.379997,105.040001,105.040001,4122700
2019-09-24,105.339996,106.760002,103.540001,103.760002,103.760002,6810300
2019-09-25,104.18,104.580002,102.330002,103.940002,103.940002,3422600
2019-09-26,104.190002,105.330002,103.809998,105.07,105.07,3610100
2019-09-27,105.709999,105.790001,102.120003,102.610001,102.610001,3023500
2019-09-30,102.699997,103.809998,102.669998,103.589996,103.589996,2206300
2019-10-01,103.93,104.580002,102.720001,103.150002,103.150002,1978700
2019-10-02,102.269997,102.339996,99.75,100.959999,100.959999,3657500
2019-10-03,101.029999,103.230003,100.18,103.050003,103.050003,2618300
2019-10-04,103.660004,105.860001,103.639999,105.699997,105.699997,3355400
2019-10-07,105.0,105.309998,104.019997,104.589996,104.589996,2504100
2019-10-08,103.739998,104.5,102.169998,103.110001,103.110001,2397600
2019-10-09,103.519997,105.089996,103.220001,104.699997,104.699997,1964800
2019-10-10,104.040001,105.559998,103.639999,105.139999,105.139999,2065100
2019-10-11,106.089996,106.760002,105.43,105.68,105.68,1929900
2019-10-14,105.809998,106.660004,105.599998,106.019997,106.019997,3337700
2019-10-15,106.849998,107.099998,105.919998,106.889999,106.889999,2694700
2019-10-16,106.019997,106.709999,105.019997,106.550003,106.550003,2345600
2019-10-17,106.529999,107.110001,105.910004,106.190002,106.190002,1999900
2019-10-18,107.160004,107.230003,104.589996,105.669998,105.669998,4536700
2019-10-21,106.730003,106.830002,103.209999,104.440002,104.440002,2655700
2019-10-22,104.25,104.660004,100.029999,100.790001,100.790001,4292900
2019-10-23,100.489998,101.559998,100.290001,101.099998,101.099998,3532100
2019-10-24,101.709999,103.580002,101.279999,103.449997,103.449997,2627300
2019-10-25,102.739998,103.43,101.769997,102.510002,102.510002,2602200
2019-10-28,103.029999,103.379997,102.010002,102.459999,102.459999,1612600
2019-10-29,102.389999,106.860001,102.120003,105.349998,105.349998,3882000
2019-10-30,105.269997,106.529999,104.370003,106.300003,106.300003,2204200
2019-10-31,106.410004,107.440002,105.669998,106.139999,106.139999,3296800
2019-11-01,106.800003,107.029999,105.709999,106.849998,106.849998,2006300
2019-11-04,107.57,107.589996,105.129997,105.290001,105.290001,2165500
2019-11-05,105.300003,105.82,102.839996,104.0,104.0,3028000
2019-11-06,103.900002,105.040001,103.440002,104.910004,104.910004,2911900
2019-11-07,108.0,111.459999,106.610001,109.650002,109.650002,8463600
2019-11-08,109.010002,110.660004,108.800003,110.610001,110.610001,4201100
2019-11-11,110.470001,111.260002,108.68,110.25,110.25,3503300
2019-11-12,110.580002,111.32,109.919998,110.650002,110.650002,2448900
2019-11-13,110.389999,111.75,110.339996,111.330002,111.330002,3382300
2019-11-14,112.32,114.290001,110.809998,114.099998,114.099998,3653600
2019-11-15,114.879997,115.0,112.199997,113.910004,113.910004,3246500
2019-11-18,114.32,115.0,113.720001,114.5,114.5,2221700
2019-11-19,114.900002,116.239998,114.230003,116.040001,116.040001,2181200
2019-11-20,115.610001,116.760002,114.82,115.349998,115.349998,2354100
2019-11-21,115.779999,116.199997,113.839996,114.080002,114.080002,2608100
2019-11-22,114.040001,114.389999,112.629997,113.919998,113.919998,2486700
2019-11-25,114.029999,115.099998,114.029999,114.739998,114.739998,2463600
2019-11-26,114.739998,116.949997,114.510002,116.220001,116.220001,8239200
2019-11-27,116.169998,116.349998,114.540001,116.32,116.32,2030400
2019-11-29,116.120003,117.040001,115.860001,116.239998,116.239998,1193300
2019-12-02,116.139999,116.370003,112.970001,114.279999,114.279999,2681500
2019-12-03,114.589996,114.970001,113.349998,114.419998,114.419998,2962600
2019-12-04,114.580002,115.25,114.230003,114.790001,114.790001,2114100
2019-12-05,115.110001,115.540001,114.099998,114.790001,114.790001,2037100
2019-12-06,115.550003,115.889999,114.290001,114.489998,114.489998,2264900
2019-12-09,114.389999,115.489998,114.150002,114.75,114.75,3281300
2019-12-10,114.099998,114.980003,113.519997,113.839996,113.839996,1743700
2019-12-11,113.900002,114.730003,112.599998,114.610001,114.610001,2808700
2019-12-12,114.32,115.459999,113.910004,115.18,115.18,1934800
2019-12-13,114.830002,116.889999,113.599998,116.75,116.75,2346200
2019-12-16,117.099998,118.0,115.580002,116.510002,116.510002,2271700
2019-12-17,116.949997,117.150002,115.660004,116.779999,116.779999,2434700
2019-12-18,116.620003,117.150002,115.760002,115.889999,115.889999,2120200
2019-12-19,116.139999,116.699997,115.75,116.5,116.5,2574100
2019-12-20,117.080002,117.199997,115.889999,116.669998,116.669998,5097300
2019-12-23,116.589996,117.010002,115.830002,116.330002,116.330002,1451400
2019-12-24,116.040001,116.629997,115.629997,116.629997,116.629997,532100
2019-12-26,116.5,116.779999,115.540001,116.029999,116.029999,1888900
2019-12-27,116.309998,117.220001,115.290001,117.080002,117.080002,1563700
2019-12-30,116.610001,116.709999,115.129997,115.470001,115.470001,1656000
2019-12-31,115.370003,115.760002,114.650002,115.629997,115.629997,2370900
2020-01-02,116.0,116.339996,115.019997,115.519997,115.519997,5197700
2020-01-03,115.029999,116.730003,114.5,116.370003,116.370003,2834000
2020-01-06,115.18,116.970001,114.860001,116.93,116.93,2114800
2020-01-07,115.949997,117.330002,115.190002,116.480003,116.480003,2397800
2020-01-08,116.559998,117.690002,116.559998,116.800003,116.800003,3323100
2020-01-09,117.540001,118.010002,117.120003,117.800003,117.800003,3434200
2020-01-10,118.480003,118.699997,116.949997,117.129997,117.129997,2077200
2020-01-13,117.0,118.610001,116.860001,118.529999,118.529999,3094300
2020-01-14,118.309998,118.529999,117.279999,117.550003,117.550003,2662600
2020-01-15,117.93,119.309998,117.709999,118.510002,118.510002,2015100
2020-01-16,119.5,120.269997,118.93,120.209999,120.209999,2011100
2020-01-17,120.790001,120.860001,119.769997,120.68,120.68,4086600
2020-01-21,120.599998,121.610001,120.339996,120.610001,120.610001,2426700
2020-01-22,121.300003,122.519997,121.279999,122.040001,122.040001,2922900
2020-01-23,122.050003,122.510002,121.040001,122.230003,122.230003,2105300
2020-01-24,122.580002,122.93,120.529999,120.839996,120.839996,1736200
2020-01-27,118.699997,120.370003,118.220001,119.300003,119.300003,1651200
2020-01-28,119.300003,121.139999,119.059998,120.43,120.43,3917500
2020-01-29,120.849998,121.050003,119.690002,120.040001,120.040001,2088000
2020-01-30,119.0,121.339996,118.269997,121.230003,121.230003,2094300
2020-01-31,120.589996,120.82,118.110001,118.610001,118.610001,3428500
2020-02-03,119.959999,122.080002,119.510002,121.940002,121.940002,2986000
2020-02-04,123.620003,125.050003,123.0,123.889999,123.889999,4570700
2020-02-05,122.639999,124.239998,119.669998,121.669998,121.669998,5650300
2020-02-06,120.75,122.0,120.419998,121.669998,121.669998,3494300
2020-02-07,120.699997,122.129997,120.290001,121.860001,121.860001,2374000
2020-02-10,121.419998,123.550003,121.169998,123.209999,123.209999,2742900
2020-02-11,123.809998,124.610001,120.540001,120.709999,120.709999,3231200
2020-02-12,120.480003,121.07,119.010002,119.139999,119.139999,4050300
2020-02-13,118.849998,122.339996,118.709999,121.059998,121.059998,3207600
2020-02-14,121.120003,122.360001,120.699997,122.32,122.32,2796500
2020-02-18,122.949997,123.720001,121.669998,122.25,122.25,2899500
2020-02-19,122.650002,123.779999,122.400002,123.550003,123.550003,3636700
2020-02-20,123.300003,123.480003,120.25,121.839996,121.839996,3285100
2020-02-21,121.519997,121.790001,118.639999,119.489998,119.489998,3563700
2020-02-24,116.580002,118.879997,116.040001,116.589996,116.589996,3706400
2020-02-25,116.790001,117.279999,113.050003,113.25,113.25,4117500
2020-02-26,113.800003,115.260002,112.07,112.870003,112.870003,3917900
2020-02-27,110.790001,112.739998,108.160004,108.540001,108.540001,6824500
2020-02-28,105.120003,109.510002,104.580002,109.360001,109.360001,7131800
2020-03-02,108.639999,114.290001,107.18,114.230003,114.230003,5516400
2020-03-03,113.0,114.949997,108.389999,109.370003,109.370003,5171100
2020-03-04,111.0,112.910004,109.379997,112.18,112.18,5787500
2020-03-05,109.150002,111.529999,107.639999,109.25,109.25,4642100
2020-03-06,103.980003,107.379997,103.07,106.809998,106.809998,4426400
2020-03-09,99.870003,103.0,98.110001,100.029999,100.029999,5444700
2020-03-10,102.75,107.089996,99.099998,107.029999,107.029999,8579600
2020-03-11,103.800003,108.040001,101.879997,102.419998,102.419998,8777800
2020-03-12,95.199997,101.110001,93.580002,94.919998,94.919998,13496000
2020-03-13,100.160004,103.650002,95.360001,103.419998,103.419998,8218100
2020-03-16,93.690002,94.809998,84.760002,86.18,86.18,11294700
2020-03-17,88.449997,91.169998,83.910004,90.889999,90.889999,8093500
2020-03-18,84.669998,86.919998,75.910004,80.949997,80.949997,9787900
2020-03-19,80.5,85.989998,73.5,84.459999,84.459999,9574600
2020-03-20,87.110001,89.589996,81.139999,81.769997,81.769997,9676600
2020-03-23,81.419998,81.730003,74.849998,77.0,77.0,9240500
2020-03-24,81.620003,87.379997,80.739998,86.650002,86.650002,6874900
2020-03-25,86.599998,94.589996,85.089996,91.199997,91.199997,5645400
2020-03-26,92.230003,98.349998,90.5,97.690002,97.690002,5698400
2020-03-27,94.540001,96.790001,92.019997,93.949997,93.949997,7067600
2020-03-30,93.949997,98.739998,93.739998,98.330002,98.330002,4787700
2020-03-31,95.879997,97.989998,94.080002,94.989998,94.989998,8472200
2020-04-01,91.0,92.0,87.440002,88.010002,88.010002,4128000
2020-04-02,85.919998,89.410004,85.0,88.75,88.75,3913700
2020-04-03,88.269997,89.720001,84.370003,86.190002,86.190002,3740000
2020-04-06,91.580002,96.529999,90.129997,95.860001,95.860001,7687700
2020-04-07,99.900002,100.43,94.470001,94.620003,94.620003,3622400
2020-04-08,95.68,98.830002,94.529999,98.370003,98.370003,3847300
2020-04-09,100.099998,101.82,97.910004,99.220001,99.220001,3830500
2020-04-13,97.989998,98.400002,94.610001,96.970001,96.970001,3721400
2020-04-14,98.800003,98.800003,95.360001,96.849998,96.849998,6404900
2020-04-15,94.760002,95.389999,92.830002,93.660004,93.660004,6378200
2020-04-16,95.110001,96.050003,93.019997,95.730003,95.730003,4143500
2020-04-17,98.889999,100.769997,98.0,100.629997,100.629997,4171900
2020-04-20,98.830002,99.779999,96.830002,97.239998,97.239998,3060800
2020-04-21,94.870003,95.599998,91.400002,91.760002,91.760002,3795300
2020-04-22,94.290001,96.459999,93.330002,95.400002,95.400002,3742600
2020-04-23,94.949997,96.650002,93.790001,94.610001,94.610001,2496300
2020-04-24,95.290001,96.690002,93.620003,96.290001,96.290001,3279300
2020-04-27,97.489998,99.379997,96.480003,99.18,99.18,3202500
2020-04-28,100.839996,101.199997,99.010002,99.779999,99.779999,4735100
2020-04-29,102.0,105.580002,101.68,104.730003,104.730003,4935200
2020-04-30,103.93,104.260002,102.089996,103.059998,103.059998,3281900
2020-05-01,101.190002,102.150002,99.669998,100.25,100.25,2984500
2020-05-04,99.43,101.699997,99.0,101.540001,101.540001,3496300
2020-05-05,102.129997,105.120003,102.059998,103.830002,103.830002,3330700
2020-05-06,105.0,107.059998,104.419998,105.489998,105.489998,3864600
2020-05-07,105.489998,108.370003,105.050003,107.32,107.32,4234700
2020-05-08,106.690002,108.830002,103.419998,104.779999,104.779999,8497200
2020-05-11,104.120003,104.339996,101.5,101.730003,101.730003,6577300
2020-05-12,101.959999,102.540001,100.07,100.269997,100.269997,7032200
2020-05-13,99.480003,101.190002,97.5,98.860001,98.860001,6212300
2020-05-14,99.690002,99.870003,96.940002,99.32,99.32,5780000
2020-05-15,99.290001,100.639999,98.190002,100.019997,100.019997,3755600
2020-05-18,102.150002,106.510002,101.800003,105.050003,105.050003,5025600
2020-05-19,104.589996,106.160004,101.889999,102.480003,102.480003,6305600
2020-05-20,104.040001,106.040001,103.440002,105.800003,105.800003,4425100
2020-05-21,105.489998,105.550003,103.07,103.580002,103.580002,2951900
2020-05-22,103.559998,104.489998,102.93,103.93,103.93,3035500
2020-05-26,106.610001,106.879997,104.330002,105.239998,105.239998,4137400
2020-05-27,105.760002,106.32,102.940002,105.349998,105.349998,3381600
2020-05-28,105.800003,107.690002,104.970001,106.190002,106.190002,3772900
2020-05-29,106.559998,107.07,104.709999,106.769997,106.769997,5371500
2020-06-01,106.330002,109.089996,106.330002,108.870003,108.870003,3407400
2020-06-02,108.940002,109.5,106.790001,107.82,107.82,3752600
2020-06-03,108.790001,109.25,106.910004,108.839996,108.839996,3924600
2020-06-04,108.470001,108.839996,105.040001,105.75,105.75,4265100
2020-06-05,107.480003,109.839996,106.220001,109.550003,109.550003,6215500
2020-06-08,109.139999,109.709999,106.32,106.879997,106.879997,5069000
2020-06-09,106.980003,108.760002,106.75,107.389999,107.389999,4525100
2020-06-10,107.550003,108.410004,105.129997,106.669998,106.669998,4297700
2020-06-11,105.25,105.400002,98.830002,99.849998,99.849998,6983100
2020-06-12,102.400002,102.620003,98.449997,100.339996,100.339996,4836900
2020-06-15,99.150002,100.93,97.599998,99.940002,99.940002,4434700
2020-06-16,102.739998,104.25,101.419998,103.32,103.32,3928000
2020-06-17,103.639999,104.309998,102.169998,103.150002,103.150002,3143800
2020-06-18,103.449997,104.360001,102.379997,104.029999,104.029999,3445100
2020-06-19,105.339996,105.339996,99.209999,100.050003,100.050003,7948500
2020-06-22,99.790001,102.5,99.489998,101.290001,101.290001,4970500
2020-06-23,102.330002,103.199997,101.099998,101.959999,101.959999,3608200
2020-06-24,101.019997,101.599998,96.349998,96.610001,96.610001,5705000
2020-06-25,96.629997,97.739998,96.050003,97.43,97.43,3708600
2020-06-26,97.239998,97.900002,94.5,94.919998,94.919998,20213300
2020-06-29,95.160004,97.040001,93.75,97.010002,97.010002,5012400
2020-06-30,96.279999,98.019997,96.010002,97.620003,97.620003,4393400
2020-07-01,97.879997,98.980003,96.959999,98.5,98.5,4013100
2020-07-02,100.0,100.720001,98.059998,98.25,98.25,2663400
2020-07-06,99.43,99.870003,97.839996,98.110001,98.110001,2960400
2020-07-07,97.959999,99.849998,96.459999,96.809998,96.809998,4228700
2020-07-08,96.989998,97.690002,95.889999,97.099998,97.099998,3535700
2020-07-09,97.099998,97.629997,93.900002,94.82,94.82,4720300
2020-07-10,94.809998,96.209999,94.360001,95.980003,95.980003,4769700
2020-07-13,96.760002,97.18,94.190002,94.360001,94.360001,4305700
2020-07-14,93.849998,97.690002,93.620003,97.540001,97.540001,5134700
2020-07-15,98.959999,102.019997,98.599998,100.739998,100.739998,5643700
2020-07-16,100.25,100.690002,98.82,99.379997,99.379997,3571000
2020-07-17,100.910004,102.989998,99.419998,102.599998,102.599998,5067400
2020-07-20,102.550003,103.629997,101.790001,102.07,102.07,4117800
2020-07-21,102.690002,102.980003,101.349998,101.610001,101.610001,3179900
2020-07-22,101.610001,102.660004,101.459999,102.440002,102.440002,2517800
2020-07-23,102.730003,104.290001,101.510002,102.190002,102.190002,4905100
2020-07-24,101.790001,102.169998,99.870003,100.629997,100.629997,2095100
2020-07-27,100.169998,101.529999,99.5,101.150002,101.150002,2737500
2020-07-28,100.860001,101.309998,99.18,99.900002,99.900002,3800000
2020-07-29,100.300003,101.709999,99.690002,101.370003,101.370003,2144500
2020-07-30,99.699997,100.68,98.839996,100.449997,100.449997,3604400
2020-07-31,100.470001,100.470001,98.860001,99.790001,99.790001,3472200
2020-08-03,100.519997,101.349998,99.279999,100.540001,100.540001,5105300
2020-08-04,100.199997,101.830002,99.330002,99.650002,99.650002,5031800
2020-08-05,100.720001,100.970001,97.620003,98.0,98.0,5283200
2020-08-06,100.900002,103.690002,99.389999,102.379997,102.379997,9840800
2020-08-07,101.510002,103.989998,100.220001,103.910004,103.910004,4631300
2020-08-10,103.68,103.93,99.0,99.339996,99.339996,7090400
2020-08-11,98.900002,99.889999,96.989998,98.220001,98.220001,6512100
2020-08-12,98.889999,100.18,97.889999,97.970001,97.970001,4012300
2020-08-13,98.220001,100.25,97.989998,99.480003,99.480003,2541400
2020-08-14,98.940002,100.099998,98.510002,99.769997,99.769997,2182200
2020-08-17,100.290001,102.720001,99.970001,102.18,102.18,3473800
2020-08-18,102.160004,103.550003,101.550003,102.669998,102.669998,4321000
2020-08-19,103.43,104.400002,100.199997,100.440002,100.440002,5469800
2020-08-20,99.529999,99.720001,96.82,97.0,97.0,6029000
2020-08-21,96.57,97.589996,95.050003,95.629997,95.629997,6789900
2020-08-24,96.43,97.459999,94.989998,96.220001,96.220001,6829300
2020-08-25,96.650002,98.449997,96.260002,98.239998,98.239998,3663900
2020-08-26,98.720001,99.199997,97.629997,97.940002,97.940002,2943200
2020-08-27,99.720001,99.720001,97.660004,99.0,99.0,4962900
2020-08-28,99.260002,100.169998,98.260002,100.160004,100.160004,3014400
2020-08-31,100.019997,101.040001,98.830002,99.580002,99.580002,4930400
2020-09-01,99.440002,99.989998,98.639999,99.370003,99.370003,4219200
2020-09-02,100.0,103.629997,99.410004,103.129997,103.129997,4505600
2020-09-03,103.169998,103.370003,99.370003,100.660004,100.660004,7170800
2020-09-04,101.050003,101.790001,98.029999,99.029999,99.029999,5882800
2020-09-08,97.580002,97.959999,94.739998,94.980003,94.980003,7057100
2020-09-09,96.830002,96.830002,94.639999,96.43,96.43,4582600
2020-09-10,96.82,98.769997,94.480003,95.0,95.0,4106900
2020-09-11,95.410004,96.07,92.150002,93.059998,93.059998,6057700
2020-09-14,94.75,97.690002,94.190002,97.169998,97.169998,5031100
2020-09-15,98.239998,101.410004,98.0,100.589996,100.589996,5667000
2020-09-16,101.059998,103.349998,100.839996,102.260002,102.260002,7866700
2020-09-17,100.139999,103.860001,99.730003,103.800003,103.800003,6920900
2020-09-18,104.160004,104.699997,101.900002,103.5,103.5,15881900
2020-09-21,101.239998,102.0,98.160004,99.610001,99.610001,6951800
2020-09-22,100.07,101.199997,98.459999,101.089996,101.089996,3664000
2020-09-23,100.559998,101.370003,98.5,99.349998,99.349998,4648400
2020-09-24,98.169998,99.669998,96.769997,98.279999,98.279999,4944800
2020-09-25,98.0,102.5,97.540001,102.129997,102.129997,4459400
2020-09-28,104.0,104.669998,103.190002,104.07,104.07,3650000
2020-09-29,103.580002,104.739998,103.410004,103.589996,103.589996,3660200
2020-09-30,103.959999,104.25,102.07,103.050003,103.050003,5067300
2020-10-01,104.290001,105.800003,103.379997,104.25,104.25,2943600
2020-10-02,101.900002,102.949997,100.900002,101.650002,101.650002,3257200
2020-10-05,102.800003,102.989998,100.059998,100.82,100.82,4268000
2020-10-06,102.660004,104.739998,101.860001,102.360001,102.360001,4581500
2020-10-07,102.959999,103.629997,101.779999,102.419998,102.419998,3744200
2020-10-08,103.330002,104.199997,102.639999,103.389999,103.389999,2680500
2020-10-09,103.879997,105.269997,103.150002,105.110001,105.110001,2484700
2020-10-12,105.589996,107.199997,104.559998,106.68,106.68,4772500
2020-10-13,106.75,107.080002,104.709999,104.760002,104.760002,4155000
2020-10-14,104.760002,105.330002,101.800003,102.709999,102.709999,4643400
2020-10-15,101.230003,102.059998,100.32,101.809998,101.809998,3689000
2020-10-16,102.309998,103.529999,101.0,101.220001,101.220001,2885400
2020-10-19,101.360001,101.519997,98.459999,98.739998,98.739998,3800200
2020-10-20,99.110001,100.230003,98.360001,99.529999,99.529999,2889400
2020-10-21,98.889999,100.599998,98.639999,99.360001,99.360001,3907700
2020-10-22,99.5,101.059998,98.400002,100.879997,100.879997,3174300
2020-10-23,101.410004,101.900002,100.190002,101.18,101.18,2232900
2020-10-26,99.889999,100.050003,96.720001,98.379997,98.379997,4897700
2020-10-27,98.510002,99.529999,96.25,96.610001,96.610001,6889300
2020-10-28,97.0,98.25,93.209999,93.519997,93.519997,9223300
2020-10-29,93.620003,96.730003,92.809998,95.769997,95.769997,5087400
2020-10-30,94.75,95.559998,93.349998,95.470001,95.470001,6677200
2020-11-02,96.919998,97.879997,95.949997,97.290001,97.290001,3533100
2020-11-03,98.029999,99.889999,97.620003,98.949997,98.949997,3593200
2020-11-04,101.470001,102.5,100.760002,101.190002,101.190002,5508700
2020-11-05,102.199997,103.580002,101.779999,102.160004,102.160004,3678700
2020-11-06,102.209999,103.400002,101.739998,103.07,103.07,2825900
2020-11-09,109.75,117.529999,109.040001,109.099998,109.099998,8323900
2020-11-10,108.099998,108.529999,106.360001,106.800003,106.800003,5180100
2020-11-11,108.010002,108.389999,105.419998,107.360001,107.360001,3031900
2020-11-12,106.550003,107.190002,105.220001,105.699997,105.699997,2760600
2020-11-13,106.800003,109.25,106.269997,108.849998,108.849998,2620200
2020-11-16,110.769997,111.440002,108.610001,109.709999,109.709999,3215000
2020-11-17,108.790001,110.419998,108.169998,109.949997,109.949997,2524700
2020-11-18,109.75,110.360001,107.910004,107.970001,107.970001,2861800
2020-11-19,111.370003,113.199997,109.260002,113.019997,113.019997,6914600
2020-11-20,112.690002,114.139999,112.339996,113.07,113.07,4370600
2020-11-23,114.129997,114.199997,111.559998,112.099998,112.099998,2896600
2020-11-24,113.830002,115.0,113.120003,114.879997,114.879997,4376300
2020-11-25,114.809998,115.309998,112.300003,114.980003,114.980003,3663300
2020-11-27,115.080002,115.809998,114.68,115.529999,115.529999,1707000
2020-11-30,114.629997,115.330002,112.889999,115.18,115.18,3734800
2020-12-01,116.470001,117.349998,115.550003,115.790001,115.790001,3635600
2020-12-02,115.440002,116.489998,114.330002,115.519997,115.519997,2478900
2020-12-03,115.129997,117.330002,114.949997,116.050003,116.050003,3347900
2020-12-04,116.519997,117.699997,115.290001,117.129997,117.129997,3444800
2020-12-07,117.940002,118.190002,116.639999,116.93,116.93,3686000
2020-12-08,120.0,121.830002,117.489998,117.989998,117.989998,4837600
2020-12-09,116.0,116.43,113.970001,114.580002,114.580002,6430300
2020-12-10,112.339996,115.599998,112.25,114.830002,114.830002,10790200
2020-12-11,114.25,115.389999,113.57,114.82,114.82,3786200
2020-12-14,115.540001,115.800003,113.529999,113.629997,113.629997,3691800
2020-12-15,114.480003,114.839996,113.25,114.68,114.68,3164100
2020-12-16,114.650002,115.449997,113.699997,114.169998,114.169998,3659800
2020-12-17,114.730003,115.040001,113.660004,114.699997,114.699997,3944300
2020-12-18,115.389999,115.489998,113.129997,114.809998,114.809998,6349100
2020-12-21,112.470001,113.139999,110.349998,112.489998,112.489998,4212400
2020-12-22,110.82,111.669998,110.190002,110.519997,110.519997,3802500
2020-12-23,111.040001,111.199997,109.610001,110.639999,110.639999,2906300
2020-12-24,111.080002,112.739998,110.889999,112.629997,112.629997,1683100
2020-12-28,113.339996,113.440002,111.779999,112.669998,112.669998,2534800
2020-12-29,113.480003,113.949997,111.690002,111.870003,111.870003,4950000
2020-12-30,112.709999,113.599998,112.489998,112.879997,112.879997,2421900
2020-12-31,112.559998,113.959999,112.32,113.860001,113.860001,2052200
2021-01-04,113.75,114.0,109.57,111.919998,111.919998,4326400
2021-01-05,113.309998,114.110001,112.040001,112.360001,112.360001,4035800
2021-01-06,111.900002,115.989998,111.529999,114.18,114.18,3166500
2021-01-07,114.980003,115.599998,114.0,114.43,114.43,4053400
2021-01-08,114.480003,117.269997,114.480003,116.790001,116.790001,3859900
2021-01-11,116.25,117.099998,114.300003,115.050003,115.050003,2729200
2021-01-12,114.040001,115.440002,109.519997,111.199997,111.199997,6062700
2021-01-13,112.019997,112.330002,109.18,110.239998,110.239998,6099100
2021-01-14,110.830002,111.010002,107.870003,107.980003,107.980003,6471900
2021-01-15,106.559998,109.010002,106.169998,108.199997,108.199997,7128700
2021-01-19,109.379997,109.440002,107.260002,107.669998,107.669998,3855400
2021-01-20,107.68,109.970001,107.599998,109.139999,109.139999,5003300
2021-01-21,109.360001,109.919998,108.459999,108.949997,108.949997,3715800
2021-01-22,107.760002,108.650002,106.849998,107.279999,107.279999,3858000
2021-01-25,106.75,106.760002,103.779999,106.709999,106.709999,7769100
2021-01-26,107.050003,107.989998,105.940002,106.209999,106.209999,5365200
2021-01-27,104.059998,104.790001,100.360001,103.220001,103.220001,9201200
2021-01-28,104.360001,106.290001,103.919998,105.25,105.25,6837500
2021-01-29,104.82,104.949997,102.309998,102.690002,102.690002,5523300
2021-02-01,103.860001,107.550003,103.089996,106.5,106.5,5445900
2021-02-02,107.93,111.099998,107.239998,110.019997,110.019997,4617500
2021-02-03,110.120003,111.110001,109.550003,110.199997,110.199997,4551500
2021-02-04,111.720001,113.080002,110.199997,112.239998,112.239998,3515300
2021-02-05,112.75,113.739998,111.980003,112.220001,112.220001,2656100
2021-02-08,113.419998,114.370003,112.559998,113.400002,113.400002,3876100
2021-02-09,112.650002,114.059998,111.220001,113.449997,113.449997,3774700
2021-02-10,113.949997,114.349998,108.589996,109.419998,109.419998,7297100
2021-02-11,110.690002,110.690002,107.660004,108.480003,108.480003,6702300
2021-02-12,108.790001,110.709999,108.190002,109.989998,109.989998,3605700
2021-02-16,110.989998,110.989998,108.599998,110.199997,110.199997,3768700
2021-02-17,109.769997,111.879997,109.580002,111.07,111.07,3772100
2021-02-18,111.599998,113.559998,111.260002,113.050003,113.050003,6335000
2021-02-19,113.459999,113.849998,110.25,111.360001,111.360001,5864600
2021-02-22,110.949997,114.5,109.870003,113.360001,113.360001,4778900
2021-02-23,113.220001,116.199997,112.230003,115.599998,115.599998,5073600
2021-02-24,114.5,120.5,114.43,119.07,119.07,6884300
2021-02-25,118.089996,119.160004,116.169998,116.290001,116.290001,6158800
2021-02-26,117.110001,117.68,114.279999,115.370003,115.370003,4169700
2021-03-01,117.0,117.669998,116.110001,116.68,116.68,3492100
2021-03-02,116.050003,116.870003,115.089996,115.68,115.68,3232400
2021-03-03,115.199997,116.339996,114.550003,115.800003,115.800003,3602100
2021-03-04,116.239998,118.089996,113.93,115.550003,115.550003,5181400
2021-03-05,116.980003,120.449997,115.519997,119.690002,119.690002,6138500
2021-03-08,120.199997,123.360001,119.75,121.5,121.5,5790900
2021-03-09,122.400002,124.220001,122.199997,122.5,122.5,5017900
2021-03-10,123.120003,124.349998,121.839996,123.860001,123.860001,3938200
2021-03-11,122.669998,126.25,122.669998,124.110001,124.110001,4352200
2021-03-12,123.970001,125.010002,123.120003,124.129997,124.129997,3340600
2021-03-15,124.199997,124.889999,123.440002,124.0,124.0,2758100
2021-03-16,124.32,124.940002,123.629997,124.120003,124.120003,2523600
2021-03-17,124.309998,124.309998,122.900002,123.529999,123.529999,2631100
2021-03-18,121.790001,123.709999,121.339996,122.410004,122.410004,3224000
2021-03-19,122.699997,123.0,121.029999,121.870003,121.870003,5051100
2021-03-22,121.970001,122.580002,121.18,121.709999,121.709999,2876400
2021-03-23,121.889999,122.57,120.790001,121.290001,121.290001,2907500
2021-03-24,121.800003,124.029999,121.720001,123.25,123.25,3551900
2021-03-25,122.529999,123.389999,120.699997,122.949997,122.949997,3485100
2021-03-26,123.160004,124.209999,122.260002,123.610001,123.610001,4135000
2021-03-29,122.440002,122.760002,119.050003,121.489998,121.489998,5340000
2021-03-30,120.580002,121.449997,119.300003,120.760002,120.760002,3511900
2021-03-31,120.300003,120.739998,118.540001,119.040001,119.040001,5063800
2021-04-01,120.0,122.690002,119.629997,122.169998,122.169998,4114400
2021-04-05,122.290001,123.790001,121.639999,122.870003,122.870003,3575400
2021-04-06,122.660004,123.870003,121.279999,123.690002,123.690002,2990000
2021-04-07,123.529999,124.040001,122.699997,123.120003,123.120003,3133600
2021-04-08,123.540001,124.400002,123.190002,124.150002,124.150002,2952300
2021-04-09,123.510002,124.68,123.150002,124.290001,124.290001,3649200
2021-04-12,124.290001,124.639999,123.660004,124.129997,124.129997,2670400
2021-04-13,124.040001,124.699997,123.07,124.5,124.5,3370100
2021-04-14,124.790001,125.050003,123.510002,123.849998,123.849998,2412500
2021-04-15,124.660004,126.300003,124.389999,125.529999,125.529999,3054500
2021-04-16,125.349998,126.029999,124.879997,125.089996,125.089996,5110900
2021-04-19,125.089996,125.660004,124.339996,125.129997,125.129997,3175600
2021-04-20,124.5,125.480003,124.029999,124.559998,124.559998,3715400
2021-04-21,125.870003,125.870003,124.139999,124.82,124.82,3909800
2021-04-22,124.419998,125.230003,123.790001,124.629997,124.629997,3504000
2021-04-23,124.300003,126.519997,123.580002,126.019997,126.019997,3887700
2021-04-26,126.040001,127.339996,125.870003,126.550003,126.550003,4584100
2021-04-27,124.849998,125.459999,121.230003,121.660004,121.660004,9036900
2021-04-28,122.139999,124.07,121.940002,123.419998,123.419998,5084400
2021-04-29,123.629997,123.720001,121.099998,122.260002,122.260002,3581900
2021-04-30,118.440002,120.400002,118.080002,120.120003,120.120003,14411700
2021-05-03,121.290001,121.790001,119.730003,120.07,120.07,10723800
2021-05-04,119.5,119.849998,117.129997,118.040001,118.040001,7520900
2021-05-05,118.610001,118.989998,116.440002,116.589996,116.589996,3896100
2021-05-06,116.93,118.169998,115.629997,118.129997,118.129997,4155300
2021-05-07,118.830002,119.07,117.129997,117.650002,117.650002,3840100
2021-05-10,118.220001,118.709999,116.089996,116.150002,116.150002,3146300
2021-05-11,115.139999,115.730003,113.669998,114.830002,114.830002,6195700
2021-05-12,113.989998,114.360001,112.739998,113.040001,113.040001,4974600
2021-05-13,113.459999,114.029999,112.410004,113.510002,113.510002,4464800
2021-05-14,114.019997,115.57,114.0,114.410004,114.410004,2734700
2021-05-17,113.449997,114.199997,112.099998,112.82,112.82,6114000
2021-05-18,113.410004,114.529999,112.540001,113.699997,113.699997,5246300
2021-05-19,112.040001,113.120003,111.410004,113.07,113.07,4623800
2021-05-20,113.089996,115.510002,113.07,114.620003,114.620003,4976800
2021-05-21,115.209999,115.559998,113.93,114.220001,114.220001,2727800
2021-05-24,115.559998,116.0,114.360001,115.860001,115.860001,3656700
2021-05-25,115.940002,116.599998,115.580002,115.709999,115.709999,4594200
2021-05-26,115.760002,116.190002,114.699997,115.349998,115.349998,4137700
2021-05-27,115.639999,116.260002,115.18,115.650002,115.650002,7142800
2021-05-28,116.599998,116.720001,114.970001,115.199997,115.199997,2779000
2021-06-01,115.949997,116.440002,114.330002,114.43,114.43,4237800
2021-06-02,114.870003,116.209999,114.620003,114.889999,114.889999,3296000
2021-06-03,114.150002,114.190002,112.760002,113.059998,113.059998,4141300
2021-06-04,113.370003,113.949997,113.089996,113.400002,113.400002,3412400
2021-06-07,112.519997,113.349998,109.32,109.660004,109.660004,6852900
2021-06-08,110.470001,110.800003,109.669998,109.809998,109.809998,4823100
2021-06-09,110.720001,111.650002,110.0,111.110001,111.110001,4789300
2021-06-10,111.0,111.400002,109.050003,109.489998,109.489998,7492200
2021-06-11,110.389999,110.5,109.830002,110.199997,110.199997,3552900
2021-06-14,110.129997,110.199997,108.089996,109.110001,109.110001,4863500
2021-06-15,109.379997,109.980003,108.43,109.730003,109.730003,3655000
2021-06-16,109.849998,109.910004,107.470001,108.199997,108.199997,4554900
2021-06-17,108.059998,110.260002,107.989998,109.050003,109.050003,4220900
2021-06-18,108.230003,108.599998,107.419998,107.559998,107.559998,4886400
2021-06-21,108.199997,109.360001,107.68,108.489998,108.489998,3756500
2021-06-22,108.489998,108.599998,107.400002,108.300003,108.300003,3567300
2021-06-23,108.300003,108.510002,107.279999,107.370003,107.370003,3172600
2021-06-24,108.059998,109.050003,107.870003,108.5,108.5,3052300
2021-06-25,108.440002,109.370003,108.18,108.989998,108.989998,5546500
2021-06-28,109.25,109.480003,107.360001,108.129997,108.129997,3592600
2021-06-29,108.080002,108.910004,106.480003,106.589996,106.589996,4325600
2021-06-30,106.599998,107.160004,106.360001,106.889999,106.889999,4234200
2021-07-01,107.260002,108.809998,107.110001,108.339996,108.339996,3196800
2021-07-02,108.720001,109.540001,108.470001,109.269997,109.269997,3261900
2021-07-06,109.18,109.489998,108.07,108.699997,108.699997,3827600
2021-07-07,109.080002,109.68,108.809998,109.139999,109.139999,3254900
2021-07-08,108.349998,108.449997,107.269997,107.739998,107.739998,3196900
2021-07-09,108.57,109.480003,108.389999,108.940002,108.940002,2865500
2021-07-12,108.239998,109.029999,107.790001,108.830002,108.830002,3119000
2021-07-13,109.290001,110.589996,108.900002,110.089996,110.089996,4127000
2021-07-14,110.07,110.510002,109.419998,109.739998,109.739998,3672600
2021-07-15,109.629997,111.010002,109.5,110.800003,110.800003,3616500
2021-07-16,111.389999,112.470001,111.160004,111.199997,111.199997,3616400
2021-07-19,110.18,110.18,106.050003,106.660004,106.660004,4818600
2021-07-20,106.870003,109.730003,106.730003,108.839996,108.839996,4586800
2021-07-21,109.0,110.18,108.57,110.040001,110.040001,2747700
2021-07-22,110.32,110.480003,108.959999,110.050003,110.050003,3066000
2021-07-23,110.730003,112.160004,110.260002,111.790001,111.790001,3542100
2021-07-26,111.309998,111.93,110.68,111.349998,111.349998,3402100
2021-07-27,113.0,117.0,112.5,114.68,114.68,8285000
2021-07-28,115.139999,115.529999,112.879997,113.910004,113.910004,3925900
2021-07-29,114.330002,115.620003,114.330002,114.459999,114.459999,2881900
2021-07-30,113.959999,115.379997,113.599998,115.110001,115.110001,3441800
2021-08-02,115.940002,116.040001,109.0,109.75,109.75,7416500
2021-08-03,110.0,110.519997,105.889999,108.199997,108.199997,8642400
2021-08-04,107.610001,109.349998,106.349998,108.739998,108.739998,6085600
2021-08-05,108.769997,110.800003,108.769997,109.639999,109.639999,3642200
2021-08-06,109.480003,111.709999,109.220001,110.889999,110.889999,4889500
2021-08-09,110.82,110.970001,109.940002,110.32,110.32,2355400
2021-08-10,110.870003,111.110001,110.300003,111.0,111.0,2929700
2021-08-11,111.599998,112.169998,110.620003,111.809998,111.809998,2619300
2021-08-12,111.550003,111.75,110.599998,110.959999,110.959999,2179400
2021-08-13,111.660004,112.290001,111.269997,111.620003,111.620003,1986300
2021-08-16,110.830002,112.43,110.220001,112.339996,112.339996,3150600
2021-08-17,111.839996,113.470001,111.419998,112.93,112.93,5038700
2021-08-18,112.5,115.309998,112.040001,114.260002,114.260002,5550800
2021-08-19,113.879997,119.860001,112.540001,116.25,116.25,10284300
2021-08-20,116.370003,117.900002,115.82,116.089996,116.089996,5865400
2021-08-23,116.809998,117.970001,116.059998,117.870003,117.870003,2883200
2021-08-24,118.080002,119.43,117.870003,118.620003,118.620003,3592500
2021-08-25,118.599998,119.510002,118.040001,119.110001,119.110001,2368400
2021-08-26,118.660004,118.949997,117.370003,117.410004,117.410004,2418000
2021-08-27,117.639999,118.330002,117.349998,117.940002,117.940002,2457400
2021-08-30,117.400002,118.07,116.0,116.959999,116.959999,3195800
2021-08-31,117.589996,118.099998,116.690002,117.790001,117.790001,3431800
2021-09-01,117.989998,118.830002,117.580002,118.339996,118.339996,3312000
2021-09-02,118.93,118.989998,115.510002,115.830002,115.830002,3309800
2021-09-03,115.5,116.279999,115.160004,115.660004,115.660004,2429400
2021-09-07,115.5,116.290001,114.870003,115.0,115.0,4334100
2021-09-08,114.989998,117.419998,114.610001,117.0,117.0,4753100
2021-09-09,117.0,117.209999,114.849998,115.010002,115.010002,3125100
2021-09-10,115.68,115.68,110.580002,110.68,110.68,5279300
2021-09-13,110.830002,112.169998,109.43,110.07,110.07,4352300
2021-09-14,110.080002,110.32,106.480003,107.389999,107.389999,5279500
2021-09-15,107.150002,109.220001,106.739998,108.360001,108.360001,4744500
2021-09-16,108.199997,109.110001,108.029999,108.550003,108.550003,3683700
2021-09-17,107.510002,108.790001,107.120003,108.620003,108.620003,4689900
2021-09-20,107.400002,107.550003,105.480003,107.330002,107.330002,4665600
2021-09-21,107.699997,107.93,105.989998,106.209999,106.209999,3448900
2021-09-22,106.910004,109.449997,106.720001,108.690002,108.690002,3602600
2021-09-23,108.769997,110.720001,108.230003,110.239998,110.239998,3003500
2021-09-24,110.0,110.919998,109.68,109.739998,109.739998,1993300
2021-09-27,108.739998,110.620003,108.739998,109.139999,109.139999,2729800
2021-09-28,108.760002,109.879997,108.459999,109.330002,109.330002,3653100
2021-09-29,109.230003,111.690002,109.080002,110.669998,110.669998,3696600
2021-09-30,110.949997,111.519997,108.199997,108.5,108.5,3921900
2021-10-01,109.029999,110.43,108.010002,109.779999,109.779999,2177500
2021-10-04,109.620003,109.620003,106.769997,108.260002,108.260002,3251100
2021-10-05,108.190002,109.220001,107.629997,108.019997,108.019997,2214500
2021-10-06,106.980003,108.620003,106.059998,108.480003,108.480003,2383800
2021-10-07,109.059998,110.5,108.839996,109.260002,109.260002,1902300
2021-10-08,109.470001,110.059998,107.720001,107.889999,107.889999,2404500
2021-10-11,107.730003,107.839996,103.610001,103.769997,103.769997,3362700
2021-10-12,104.010002,105.68,103.379997,104.300003,104.300003,2806000
2021-10-13,104.43,104.970001,102.68,104.339996,104.339996,2759900
2021-10-14,105.5,108.019997,105.18,107.779999,107.779999,2698600
2021-10-15,108.550003,110.160004,108.309998,109.800003,109.800003,3309900
2021-10-18,108.449997,110.800003,107.790001,110.010002,110.010002,2902900
2021-10-19,110.389999,111.309998,109.32,111.290001,111.290001,2474200
2021-10-20,109.75,111.129997,109.610001,110.110001,110.110001,2643500
2021-10-21,109.75,110.209999,108.860001,110.160004,110.160004,2144900
2021-10-22,109.849998,110.629997,109.440002,110.18,110.18,2209800
2021-10-25,110.239998,111.660004,109.690002,111.110001,111.110001,3694700
2021-10-26,111.839996,111.839996,109.589996,109.839996,109.839996,3303400
2021-10-27,107.0,107.330002,95.480003,98.830002,98.830002,19436400
2021-10-28,98.709999,99.089996,94.389999,98.529999,98.529999,13347900
2021-10-29,98.349998,100.32,98.18,98.489998,98.489998,5108100
2021-11-01,98.739998,102.290001,98.330002,101.989998,101.989998,5504100
2021-11-02,101.330002,101.589996,95.739998,99.379997,99.379997,10150400
2021-11-03,99.620003,101.589996,99.25,101.459999,101.459999,5974800
2021-11-04,102.220001,104.769997,100.339996,101.970001,101.970001,6561700
2021-11-05,102.370003,103.75,99.809998,100.360001,100.360001,5418000
2021-11-08,100.589996,100.830002,99.400002,100.019997,100.019997,4592400
2021-11-09,99.82,100.489998,98.68,99.620003,99.620003,4381300
2021-11-10,99.910004,101.279999,99.510002,100.25,100.25,6120400
2021-11-11,100.199997,100.82,99.769997,99.919998,99.919998,3741600
2021-11-12,100.190002,101.699997,100.150002,100.82,100.82,3681400
2021-11-15,100.760002,102.379997,100.75,101.839996,101.839996,3723800
2021-11-16,102.0,103.050003,101.769997,102.110001,102.110001,4614900
2021-11-17,101.410004,101.589996,98.209999,100.879997,100.879997,8019300
2021-11-18,100.769997,101.459999,98.739998,101.25,101.25,6308500
2021-11-19,101.279999,101.669998,99.68,100.059998,100.059998,6572600
2021-11-22,99.900002,99.970001,95.43,95.709999,95.709999,8246500
2021-11-23,94.989998,96.529999,92.059998,96.110001,96.110001,6470100
2021-11-24,96.760002,99.610001,96.580002,99.309998,99.309998,4072200
2021-11-26,97.209999,99.470001,96.82,98.25,98.25,3720900
2021-11-29,99.029999,99.410004,95.769997,97.470001,97.470001,4637100
2021-11-30,97.309998,98.0,94.800003,96.519997,96.519997,7419700
2021-12-01,97.910004,98.580002,95.5,95.550003,95.550003,4568700
2021-12-02,96.169998,100.379997,96.019997,99.860001,99.860001,5064700
2021-12-03,100.309998,101.470001,98.790001,100.5,100.5,5774900
2021-12-06,100.970001,104.129997,100.830002,103.129997,103.129997,4516000
2021-12-07,103.339996,105.260002,102.669998,103.129997,103.129997,4240700
2021-12-08,102.959999,104.489998,102.720001,103.949997,103.949997,3673000
2021-12-09,103.220001,104.809998,102.900002,103.529999,103.529999,3070500
2021-12-10,101.949997,103.980003,101.93,103.190002,103.190002,3673500
2021-12-13,103.010002,104.93,102.900002,104.290001,104.290001,3920600
2021-12-14,103.449997,105.639999,102.970001,104.230003,104.230003,3835000
2021-12-15,103.18,104.410004,102.32,103.660004,103.660004,4264800
2021-12-16,104.900002,106.199997,104.199997,104.82,104.82,4568700
2021-12-17,104.269997,105.169998,102.510002,103.650002,103.650002,6886500
2021-12-20,101.760002,101.830002,99.660004,100.519997,100.519997,3880100
2021-12-21,100.510002,105.300003,100.370003,105.260002,105.260002,3691700
2021-12-22,105.43,106.419998,105.07,106.190002,106.190002,2666600
2021-12-23,105.519997,106.220001,105.019997,105.540001,105.540001,2127400
2021-12-27,105.290001,105.290001,102.75,103.940002,103.940002,2984700
2021-12-28,104.0,105.419998,103.110001,104.699997,104.699997,2240500
2021-12-29,104.279999,104.620003,103.550003,104.269997,104.269997,1641300
2021-12-30,104.389999,105.440002,104.040001,104.519997,104.519997,1918800
2021-12-31,104.230003,104.910004,103.480003,103.790001,103.790001,2351100
2022-01-03,103.860001,107.849998,103.529999,107.620003,107.620003,4911800
2022-01-04,107.32,110.239998,107.290001,109.0,109.0,5520400
2022-01-05,109.160004,110.599998,108.279999,108.360001,108.360001,3762300
2022-01-06,108.160004,109.870003,107.639999,109.139999,109.139999,2621500
2022-01-07,108.68,109.980003,107.830002,108.830002,108.830002,2687100
2022-01-10,108.089996,108.769997,104.410004,107.75,107.75,3677200
2022-01-11,107.610001,109.540001,106.379997,109.470001,109.470001,2709300
2022-01-12,107.980003,109.349998,107.050003,108.5,108.5,3396100
2022-01-13,108.5,110.989998,108.190002,108.940002,108.940002,3259300
2022-01-14,107.419998,109.5,106.919998,109.110001,109.110001,3431500
2022-01-18,108.940002,109.199997,106.07,106.400002,106.400002,4366600
2022-01-19,106.260002,107.720001,105.93,106.050003,106.050003,3592500
2022-01-20,106.410004,109.639999,106.110001,106.300003,106.300003,4059800
2022-01-21,106.279999,107.510002,104.739998,104.860001,104.860001,4664500
2022-01-24,103.0,104.980003,100.25,102.739998,102.739998,7867400
2022-01-25,101.290001,102.419998,98.669998,101.040001,101.040001,5864000
2022-01-26,101.529999,102.980003,98.940002,99.970001,99.970001,4864700
2022-01-27,100.480003,102.120003,99.139999,100.279999,100.279999,3845900
2022-01-28,100.400002,105.0,100.18,104.889999,104.889999,4380200
2022-01-31,104.699997,105.989998,103.779999,105.699997,105.699997,4190600
2022-02-01,106.050003,108.849998,105.410004,108.660004,108.660004,4128800
2022-02-02,107.860001,108.580002,107.0,108.360001,108.360001,2762700
2022-02-03,107.949997,108.360001,106.160004,106.279999,106.279999,3609100
2022-02-04,104.209999,105.290001,102.389999,104.879997,104.879997,4075700
2022-02-07,106.669998,107.18,104.550003,105.889999,105.889999,3951600
2022-02-08,99.669998,102.330002,98.75,99.540001,99.540001,8846900
2022-02-09,100.75,102.910004,100.410004,102.18,102.18,4646100
2022-02-10,100.529999,101.220001,98.970001,99.18,99.18,4352800
2022-02-11,99.389999,99.839996,96.970001,97.400002,97.400002,4663200
2022-02-14,97.629997,98.199997,96.599998,97.889999,97.889999,4162100
2022-02-15,98.769997,98.870003,96.190002,97.07,97.07,5331400
2022-02-16,96.669998,97.199997,94.660004,96.809998,96.809998,5121400
2022-02-17,96.0,96.660004,94.230003,94.330002,94.330002,3578500
2022-02-18,93.790001,94.860001,92.860001,94.129997,94.129997,4655200
2022-02-22,93.809998,94.699997,93.419998,93.519997,93.519997,3752100
2022-02-23,93.699997,95.110001,92.489998,92.599998,92.599998,4745800
2022-02-24,90.32,95.709999,89.910004,95.559998,95.559998,6486200
2022-02-25,96.089996,99.080002,95.879997,98.050003,98.050003,4892800
2022-02-28,96.57,98.019997,96.010002,97.669998,97.669998,5129100
2022-03-01,97.330002,98.330002,96.629997,97.059998,97.059998,3898000
2022-03-02,97.550003,99.269997,96.699997,98.739998,98.739998,3963500
2022-03-03,99.790001,100.220001,96.889999,98.629997,98.629997,3897900
2022-03-04,97.5,98.290001,95.529999,97.32,97.32,3570000
2022-03-07,97.400002,97.459999,94.699997,94.919998,94.919998,4160100
2022-03-08,94.660004,96.540001,93.529999,94.199997,94.199997,4252700
2022-03-09,95.849998,97.040001,94.720001,96.269997,96.269997,4452400
2022-03-10,94.730003,95.650002,94.07,95.050003,95.050003,2764800
2022-03-11,96.18,96.25,94.0,94.150002,94.150002,2720900
2022-03-14,94.139999,96.25,93.43,93.989998,93.989998,2573000
2022-03-15,94.959999,95.959999,94.389999,95.449997,95.449997,3272100
2022-03-16,96.139999,98.349998,95.760002,98.300003,98.300003,3049600
2022-03-17,97.699997,100.199997,97.699997,100.040001,100.040001,3361700
2022-03-18,99.559998,100.709999,98.599998,100.610001,100.610001,4408200
2022-03-21,99.849998,100.43,98.75,99.559998,99.559998,2448300
2022-03-22,99.650002,101.269997,99.559998,100.5,100.5,2919800
2022-03-23,100.260002,100.309998,98.599998,98.779999,98.779999,2356900
2022-03-24,99.110001,99.400002,98.330002,98.699997,98.699997,2684100
2022-03-25,99.540001,100.559998,98.699997,100.510002,100.510002,1882500
2022-03-28,100.040001,100.980003,99.419998,100.739998,100.739998,2457600
2022-03-29,102.220001,103.480003,101.970001,103.0,103.0,5136400
2022-03-30,102.470001,103.019997,101.550003,102.139999,102.139999,3668100
2022-03-31,101.860001,102.68,101.370003,101.400002,101.400002,3778400
2022-04-01,102.349998,103.089996,101.809998,102.989998,102.989998,2170200
2022-04-04,103.150002,103.910004,102.739998,103.18,103.18,1937300
2022-04-05,103.18,104.739998,102.919998,103.339996,103.339996,2271700
2022-04-06,102.199997,103.650002,101.43,102.669998,102.669998,2373500
2022-04-07,101.900002,102.43,99.5,100.790001,100.790001,2215800
2022-04-08,101.010002,101.919998,99.059998,100.550003,100.550003,2787800
2022-04-11,100.0,102.129997,99.93,100.599998,100.599998,2319700
2022-04-12,99.870003,100.529999,98.910004,98.970001,98.970001,2900400
2022-04-13,98.57,99.360001,98.190002,99.080002,99.080002,2206700
2022-04-14,99.209999,100.620003,99.190002,99.669998,99.669998,2251400
2022-04-18,99.150002,100.860001,99.029999,99.889999,99.889999,2060500
2022-04-19,99.959999,102.790001,99.720001,102.449997,102.449997,2685400
2022-04-20,103.0,104.029999,101.290001,101.489998,101.489998,3063000
2022-04-21,102.120003,102.949997,100.970001,101.440002,101.440002,2440300
2022-04-22,101.040001,101.040001,97.220001,97.360001,97.360001,3029800
2022-04-25,97.050003,98.269997,95.230003,97.949997,97.949997,3158300
2022-04-26,97.370003,97.639999,95.970001,96.099998,96.099998,3574900
2022-04-27,98.760002,101.879997,95.489998,100.93,100.93,5784900
2022-04-28,102.040001,105.260002,101.769997,104.739998,104.739998,4790800
2022-04-29,104.160004,104.519997,97.779999,97.919998,97.919998,4687200
2022-05-02,97.559998,98.029999,94.57,97.129997,97.129997,4296800
2022-05-03,97.940002,100.709999,97.410004,99.440002,99.440002,4239300
2022-05-04,99.57,102.720001,98.5,102.540001,102.540001,3351800
2022-05-05,101.739998,101.82,98.639999,99.550003,99.550003,3763500
2022-05-06,98.699997,98.790001,94.830002,95.709999,95.709999,3347700
2022-05-09,94.510002,95.459999,93.300003,93.629997,93.629997,4202400
2022-05-10,95.050003,95.620003,91.860001,92.779999,92.779999,3250300
2022-05-11,92.580002,94.660004,91.830002,92.580002,92.580002,3993500
2022-05-12,91.660004,93.629997,91.330002,93.550003,93.550003,3302300
2022-05-13,94.720001,97.150002,94.43,96.169998,96.169998,3136600
2022-05-16,95.639999,96.580002,94.870003,96.25,96.25,3024900
2022-05-17,97.760002,98.099998,96.379997,97.709999,97.709999,2298700
2022-05-18,96.32,97.389999,93.940002,94.169998,94.169998,3273100
2022-05-19,93.559998,95.68,92.580002,94.389999,94.389999,2736400
2022-05-20,95.349998,95.730003,93.370003,95.589996,95.589996,2859900
2022-05-23,96.599998,99.059998,96.330002,98.830002,98.830002,2586000
2022-05-24,98.160004,98.309998,95.709999,96.900002,96.900002,2251100
2022-05-25,96.389999,98.029999,96.18,97.470001,97.470001,2235300
2022-05-26,98.25,99.860001,98.010002,99.290001,99.290001,2306200
2022-05-27,99.830002,101.370003,99.400002,101.370003,101.370003,2734800
2022-05-31,100.879997,101.389999,99.760002,100.18,100.18,4046000
2022-06-01,100.730003,100.830002,98.669998,99.160004,99.160004,2397400
2022-06-02,99.239998,100.919998,97.919998,100.849998,100.849998,2447900
2022-06-03,100.279999,100.43,99.279999,99.669998,99.669998,1854600
2022-06-06,100.800003,102.169998,99.870003,100.290001,100.290001,1805100
2022-06-07,99.620003,101.510002,99.279999,101.239998,101.239998,2050500
2022-06-08,101.040001,101.480003,99.75,100.129997,100.129997,1702700
2022-06-09,99.400002,99.400002,95.779999,95.82,95.82,2637400
2022-06-10,94.010002,95.230003,93.050003,94.339996,94.339996,3782600
2022-06-13,91.879997,92.260002,89.239998,89.620003,89.620003,4766800
2022-06-14,90.360001,91.209999,88.970001,89.889999,89.889999,3103600
2022-06-15,91.040001,93.129997,90.110001,91.470001,91.470001,3244600
2022-06-16,89.870003,89.870003,87.029999,88.379997,88.379997,4243600
2022-06-17,88.459999,89.699997,87.779999,89.150002,89.150002,6498700
2022-06-21,90.0,90.57,89.040001,89.260002,89.260002,3103100
2022-06-22,88.339996,90.360001,87.830002,89.360001,89.360001,3491000
2022-06-23,89.980003,90.870003,88.709999,89.730003,89.730003,2306000
2022-06-24,90.550003,94.32,90.330002,94.190002,94.190002,4527900
2022-06-27,93.480003,94.089996,92.540001,93.089996,93.089996,2913000
2022-06-28,93.260002,94.989998,90.400002,90.620003,90.620003,2606300
2022-06-29,90.620003,91.040001,89.18,90.900002,90.900002,1997300
2022-06-30,89.290001,90.019997,87.800003,88.970001,88.970001,3400000
2022-07-01,88.769997,92.900002,88.769997,92.580002,92.580002,3711300
2022-07-05,91.449997,94.559998,90.400002,94.110001,94.110001,3718400
2022-07-06,93.849998,94.900002,93.169998,93.860001,93.860001,3973700
2022-07-07,94.019997,94.419998,92.230003,93.349998,93.349998,3192200
2022-07-08,93.349998,93.790001,92.099998,93.059998,93.059998,3382200
2022-07-11,92.309998,92.870003,91.910004,92.589996,92.589996,3298300
2022-07-12,92.449997,94.110001,92.209999,92.589996,92.589996,3423300
2022-07-13,90.370003,92.470001,90.209999,91.870003,91.870003,3139200
2022-07-14,90.07,91.919998,89.260002,91.660004,91.660004,2864300
2022-07-15,93.370003,94.809998,93.190002,94.160004,94.160004,3658700
2022-07-18,94.870003,95.400002,93.480003,93.970001,93.970001,2475500
2022-07-19,95.400002,97.809998,94.989998,97.559998,97.559998,3564700
2022-07-20,97.559998,98.029999,96.580002,97.849998,97.849998,2863600
2022-07-21,98.059998,99.25,97.68,99.18,99.18,2444200
2022-07-22,99.790001,100.82,98.93,99.870003,99.870003,3056500
2022-07-25,100.139999,100.339996,97.519997,98.050003,98.050003,3482100
2022-07-26,99.93,103.940002,97.93,102.220001,102.220001,7040200
2022-07-27,102.57,105.349998,102.519997,104.459999,104.459999,5105900
2022-07-28,104.620003,105.910004,103.400002,105.68,105.68,3091500
2022-07-29,105.519997,106.470001,104.830002,105.68,105.68,2883700
2022-08-01,105.0,106.919998,103.860001,106.129997,106.129997,2920000
2022-08-02,105.400002,106.459999,104.550003,106.230003,106.230003,3213500
2022-08-03,106.800003,108.57,106.540001,108.169998,108.169998,2805500
2022-08-04,108.260002,108.260002,105.68,106.660004,106.660004,4693300
2022-08-05,104.550003,106.949997,104.489998,106.080002,106.080002,2943700
2022-08-08,106.949997,107.139999,104.620003,104.989998,104.989998,2674900
2022-08-09,104.5,106.040001,104.190002,105.900002,105.900002,2696000
2022-08-10,107.5,107.870003,106.239998,106.540001,106.540001,2597200
2022-08-11,108.07,108.790001,107.410004,107.959999,107.959999,3091000
2022-08-12,108.279999,109.410004,108.230003,109.370003,109.370003,2959900
2022-08-15,108.610001,110.889999,108.610001,110.160004,110.160004,2293800
2022-08-16,109.57,110.940002,108.879997,110.720001,110.720001,2917000
2022-08-17,109.68,110.190002,108.379997,108.720001,108.720001,2967900
2022-08-18,108.339996,110.839996,108.160004,110.550003,110.550003,3654800
2022-08-19,109.470001,110.459999,109.209999,109.480003,109.480003,3195200
2022-08-22,108.07,108.510002,106.519997,106.769997,106.769997,2751200
2022-08-23,106.519997,107.550003,105.980003,106.010002,106.010002,2869500
2022-08-24,105.400002,106.529999,104.800003,106.18,106.18,3061700
2022-08-25,106.559998,107.300003,105.760002,107.269997,107.269997,2610100
2022-08-26,107.339996,107.709999,103.720001,103.830002,103.830002,3142400
2022-08-29,102.940002,103.949997,102.839996,103.169998,103.169998,2805700
2022-08-30,103.300003,103.540001,101.389999,101.860001,101.860001,2757000
2022-08-31,102.730003,102.900002,100.68,101.190002,101.190002,4432600
2022-09-01,100.709999,103.599998,100.639999,103.5,103.5,4327400
2022-09-02,104.449997,105.0,100.830002,101.440002,101.440002,3007100
2022-09-06,101.839996,104.57,101.620003,104.160004,104.160004,5486500
2022-09-07,104.239998,106.110001,104.099998,105.75,105.75,3638100
2022-09-08,104.970001,106.019997,103.900002,105.779999,105.779999,3056200
2022-09-09,105.620003,106.68,105.239998,106.459999,106.459999,3718700
2022-09-12,107.089996,109.160004,106.980003,109.050003,109.050003,4722500
2022-09-13,106.779999,108.279999,105.699997,105.919998,105.919998,5683100
2022-09-14,106.260002,106.989998,104.949997,105.900002,105.900002,3756200
2022-09-15,105.160004,106.870003,104.019997,104.580002,104.580002,3931200
2022-09-16,103.839996,103.949997,102.120003,103.610001,103.610001,16562700
2022-09-19,102.5,103.790001,101.959999,103.650002,103.650002,3342000
2022-09-20,103.099998,103.379997,101.480003,102.169998,102.169998,2416100
2022-09-21,102.760002,103.220001,99.57,99.589996,99.589996,4093200
2022-09-22,99.400002,99.739998,97.949997,98.559998,98.559998,3930100
2022-09-23,98.07,98.220001,96.68,97.949997,97.949997,3968700
2022-09-26,97.989998,98.519997,95.690002,95.900002,95.900002,3515700
2022-09-27,96.57,97.389999,94.010002,95.139999,95.139999,3704100
2022-09-28,95.459999,96.769997,93.889999,96.169998,96.169998,4449400
2022-09-29,95.279999,96.279999,93.970001,94.849998,94.849998,4006800
2022-09-30,95.120003,95.769997,93.510002,93.57,93.57,3934400
2022-10-03,94.330002,95.989998,93.209999,95.419998,95.419998,3827100
2022-10-04,96.660004,98.980003,96.559998,98.730003,98.730003,3416600
2022-10-05,97.940002,101.029999,97.779999,100.550003,100.550003,2967300
2022-10-06,99.889999,100.919998,98.870003,99.080002,99.080002,3548600
2022-10-07,98.339996,99.040001,97.580002,98.699997,98.699997,3787200
2022-10-10,98.57,99.07,97.190002,98.489998,98.489998,2966400
2022-10-11,98.269997,98.339996,94.57,95.449997,95.449997,4484000
2022-10-12,94.25,95.410004,93.599998,93.699997,93.699997,3231700
2022-10-13,91.720001,96.080002,91.550003,95.650002,95.650002,3826600
2022-10-14,96.330002,96.650002,93.989998,94.139999,94.139999,2966800
2022-10-17,96.459999,97.5,96.209999,97.370003,97.370003,4732700
2022-10-18,98.620003,99.290001,96.029999,97.169998,97.169998,3227900
2022-10-19,95.349998,96.830002,95.089996,96.230003,96.230003,2452900
2022-10-20,96.459999,96.75,94.5,95.010002,95.010002,3610500
2022-10-21,94.550003,96.889999,93.93,96.739998,96.739998,5468100
2022-10-24,97.900002,98.669998,96.800003,97.349998,97.349998,3421100
2022-10-25,97.709999,100.610001,97.639999,100.080002,100.080002,5327400
2022-10-26,100.910004,102.650002,100.739998,101.760002,101.760002,6248000
2022-10-27,95.900002,100.269997,95.349998,98.809998,98.809998,7085000
2022-10-28,99.68,103.459999,99.589996,102.599998,102.599998,5654700
2022-10-31,102.720001,103.470001,100.919998,102.739998,102.739998,5317700
2022-11-01,103.269997,104.5,102.699997,104.019997,104.019997,5207900
2022-11-02,103.809998,104.989998,100.43,100.559998,100.559998,6184700
2022-11-03,99.57,99.800003,94.339996,94.57,94.57,7059500
2022-11-04,95.980003,95.980003,92.839996,94.32,94.32,6052700
2022-11-07,95.18,96.589996,94.699997,96.389999,96.389999,4086200
2022-11-08,96.300003,99.949997,95.949997,98.480003,98.480003,3868800
2022-11-09,98.300003,98.300003,96.129997,96.18,96.18,2858100
2022-11-10,101.43,101.989998,99.889999,101.0,101.0,5850200
2022-11-11,101.029999,101.720001,99.970001,100.470001,100.470001,5989600
2022-11-14,100.599998,102.440002,99.449997,100.010002,100.010002,3763300
2022-11-15,102.25,102.629997,99.410004,100.349998,100.349998,4595900
2022-11-16,100.970001,101.260002,99.620003,99.980003,99.980003,4188600
2022-11-17,98.529999,99.059998,97.839996,98.589996,98.589996,4352500
2022-11-18,99.769997,100.870003,98.389999,99.860001,99.860001,3367600
2022-11-21,99.669998,100.580002,99.010002,99.379997,99.379997,2720400
2022-11-22,99.849998,101.110001,98.949997,100.989998,100.989998,2889200
2022-11-23,100.989998,102.43,100.769997,102.080002,102.080002,2259600
2022-11-25,102.080002,103.480003,101.870003,102.489998,102.489998,1446700
2022-11-28,102.150002,102.889999,101.470001,101.760002,101.760002,2867800
2022-11-29,101.739998,102.75,101.209999,101.519997,101.519997,3194500
2022-11-30,100.720001,104.989998,100.720001,104.360001,104.360001,5573000
2022-12-01,104.360001,105.5,103.980003,105.029999,105.029999,3086900
2022-12-02,103.370003,105.849998,103.370003,105.459999,105.459999,2881700
2022-12-05,104.75,104.75,101.629997,102.190002,102.190002,3411800
2022-12-06,102.540001,102.610001,99.910004,100.349998,100.349998,2342200
2022-12-07,100.610001,101.150002,99.559998,100.489998,100.489998,2361700
2022-12-08,100.980003,102.080002,100.510002,101.459999,101.459999,2063200
2022-12-09,101.040001,101.860001,100.57,100.639999,100.639999,1763300
2022-12-12,101.43,102.720001,100.559998,102.470001,102.470001,2212200
2022-12-13,106.220001,106.230003,100.550003,101.559998,101.559998,3585700
2022-12-14,101.900002,103.879997,100.980003,101.910004,101.910004,3456900
2022-12-15,100.43,101.160004,98.139999,98.470001,98.470001,3223000
2022-12-16,97.900002,99.209999,97.25,98.580002,98.580002,8253300
2022-12-19,98.980003,100.230003,98.260002,98.669998,98.669998,3912400
2022-12-20,98.540001,100.07,98.32,99.559998,99.559998,2942100
2022-12-21,100.040001,101.959999,99.900002,101.139999,101.139999,2906300
2022-12-22,100.379997,101.07,97.800003,99.540001,99.540001,2258100
2022-12-23,99.379997,100.669998,98.82,100.459999,100.459999,1446700
2022-12-27,100.5,101.190002,100.07,100.82,100.82,1560700
2022-12-28,100.989998,101.82,99.879997,99.910004,99.910004,1906500
2022-12-29,100.5,102.019997,100.050003,101.5,101.5,1943700
2022-12-30,100.690002,101.099998,99.75,101.07,101.07,1956000
2023-01-03,101.720001,102.699997,100.400002,101.209999,101.209999,2269300
2023-01-04,102.110001,103.019997,101.0,102.059998,102.059998,3436500
2023-01-05,101.260002,101.269997,98.809998,99.400002,99.400002,4282200
2023-01-06,100.029999,102.75,99.849998,102.18,102.18,3040900
2023-01-09,100.199997,102.629997,100.199997,102.07,102.07,2811800
2023-01-10,101.790001,102.18,100.139999,101.040001,101.040001,2410800
2023-01-11,101.260002,101.589996,100.169998,101.529999,101.529999,2355300
2023-01-12,101.199997,102.599998,101.099998,102.419998,102.419998,2681200
2023-01-13,102.190002,102.830002,101.290001,102.559998,102.559998,3881200
2023-01-17,102.959999,104.110001,102.830002,104.010002,104.010002,3697100
2023-01-18,104.230003,105.099998,103.199997,103.230003,103.230003,3269500
2023-01-19,102.900002,103.57,101.910004,102.18,102.18,2666600
2023-01-20,102.07,104.160004,101.580002,104.050003,104.050003,2444300
2023-01-23,104.330002,106.300003,104.080002,105.550003,105.550003,2391300
2023-01-24,105.790001,105.870003,103.559998,103.709999,103.709999,3218000
2023-01-25,102.57,104.510002,101.720001,104.400002,104.400002,1749100
2023-01-26,105.169998,106.300003,104.410004,106.260002,106.260002,2030800
2023-01-27,106.040001,107.150002,105.940002,106.489998,106.489998,2091600
2023-01-30,105.620003,106.760002,105.230003,105.75,105.75,3116100
2023-01-31,106.169998,106.690002,105.809998,106.68,106.68,2434200
2023-02-01,105.940002,108.639999,105.650002,108.160004,108.160004,2906200
2023-02-02,108.779999,110.019997,107.209999,107.599998,107.599998,3905000
2023-02-03,105.459999,107.080002,105.099998,106.599998,106.599998,3451600
2023-02-06,105.889999,106.599998,105.519997,106.400002,106.400002,3958900
2023-02-07,109.25,115.5,109.110001,115.279999,115.279999,7774900
2023-02-08,115.279999,117.150002,114.900002,115.900002,115.900002,4156800
2023-02-09,116.790001,117.489998,115.720001,116.5,116.5,4673800
2023-02-10,116.209999,116.68,114.830002,115.639999,115.639999,3918300
2023-02-13,114.510002,116.639999,114.120003,116.449997,116.449997,3467000
2023-02-14,116.0,117.199997,115.059998,116.010002,116.010002,2782400
2023-02-15,115.510002,118.019997,114.980003,117.739998,117.739998,3246800
2023-02-16,116.190002,118.050003,115.860001,115.949997,115.949997,2517900
2023-02-17,116.18,116.18,114.68,115.370003,115.370003,2820200
2023-02-21,114.650002,115.32,113.720001,113.82,113.82,2789600
2023-02-22,114.290001,114.290001,112.730003,113.099998,113.099998,3227200
2023-02-23,114.709999,116.989998,114.129997,116.540001,116.540001,5156400
2023-02-24,114.889999,115.220001,114.169998,114.449997,114.449997,3880800
2023-02-27,116.519997,116.519997,114.379997,114.709999,114.709999,3382200
2023-02-28,114.529999,116.220001,114.419998,115.089996,115.089996,3172900
2023-03-01,114.739998,115.980003,113.919998,115.809998,115.809998,3184200
2023-03-02,116.0,117.57,115.510002,117.059998,117.059998,3733700
2023-03-03,117.150002,118.290001,117.040001,118.260002,118.260002,3050600
2023-03-06,118.379997,119.480003,118.0,118.059998,118.059998,2237200
2023-03-07,118.160004,118.779999,116.860001,117.25,117.25,2457600
2023-03-08,117.110001,117.599998,116.760002,117.07,117.07,2476900
2023-03-09,116.919998,118.470001,115.300003,115.410004,115.410004,2742700
2023-03-10,114.849998,114.849998,110.879997,111.830002,111.830002,4708100
2023-03-13,110.550003,110.599998,103.989998,104.25,104.25,9819900
2023-03-14,108.07,112.300003,107.0,110.529999,110.529999,9400600
2023-03-15,109.169998,109.669998,107.120003,109.260002,109.260002,5686500
2023-03-16,108.129997,109.800003,106.519997,109.489998,109.489998,5951500
2023-03-17,109.07,110.089996,107.760002,108.169998,108.169998,8972200
2023-03-20,108.580002,111.07,108.309998,110.809998,110.809998,4695000
2023-03-21,112.919998,114.260002,111.730003,113.040001,113.040001,4124000
2023-03-22,112.800003,114.360001,111.300003,111.349998,111.349998,3848800
2023-03-23,110.980003,113.360001,110.379997,111.099998,111.099998,3432200
2023-03-24,109.769997,112.68,109.129997,112.519997,112.519997,3377500
2023-03-27,113.519997,114.080002,111.650002,111.769997,111.769997,3054300
2023-03-28,111.360001,111.510002,110.68,111.279999,111.279999,2762400
2023-03-29,112.209999,112.5,111.220001,111.839996,111.839996,2936100
2023-03-30,112.660004,113.690002,112.0,113.0,113.0,2222300
2023-03-31,113.790001,113.900002,112.599998,113.029999,113.029999,3874100
2023-04-03,112.57,113.099998,111.910004,112.830002,112.830002,3303300
2023-04-04,113.07,113.349998,111.080002,111.589996,111.589996,2364700
2023-04-05,111.290001,112.449997,111.099998,112.339996,112.339996,2376600
2023-04-06,112.339996,113.389999,111.980003,113.010002,113.010002,2456900
2023-04-10,112.550003,113.75,112.349998,113.709999,113.709999,1749100
2023-04-11,114.32,115.279999,113.860001,114.830002,114.830002,3166400
2023-04-12,115.620003,116.029999,113.699997,114.489998,114.489998,4208500
2023-04-13,114.730003,115.970001,114.300003,115.720001,115.720001,2647500
2023-04-14,115.849998,116.529999,114.389999,115.589996,115.589996,2327000
2023-04-17,115.589996,117.199997,115.379997,117.110001,117.110001,2541600
2023-04-18,117.489998,117.75,116.470001,117.110001,117.110001,2561100
2023-04-19,117.300003,117.550003,116.25,117.080002,117.080002,2276300
2023-04-20,116.900002,117.410004,116.480003,116.809998,116.809998,3019800
2023-04-21,116.5,117.129997,116.18,116.959999,116.959999,2081300
2023-04-24,116.93,118.230003,116.830002,117.300003,117.300003,3926800
2023-04-25,118.220001,122.389999,118.160004,120.089996,120.089996,7399200
2023-04-26,119.419998,120.919998,117.75,118.379997,118.379997,3457500
2023-04-27,119.480003,120.040001,118.589996,119.599998,119.599998,3018700
2023-04-28,119.489998,122.169998,119.160004,122.120003,122.120003,2767700
2023-05-01,121.660004,122.360001,121.309998,121.440002,121.440002,2012500
2023-05-02,121.300003,121.720001,118.419998,119.260002,119.260002,2543700
2023-05-03,119.699997,121.169998,118.959999,119.339996,119.339996,1729200
2023-05-04,119.199997,119.639999,116.949997,117.779999,117.779999,2523000
2023-05-05,118.589996,120.620003,118.220001,120.300003,120.300003,2163200
2023-05-08,119.639999,120.160004,118.82,119.5,119.5,2189300
2023-05-09,118.989998,119.639999,118.050003,119.389999,119.389999,2393500
2023-05-10,120.099998,120.410004,117.389999,118.349998,118.349998,2434300
2023-05-11,118.220001,119.75,117.459999,119.349998,119.349998,1856900
2023-05-12,119.75,120.330002,118.720001,119.449997,119.449997,1711600
2023-05-15,119.449997,119.849998,119.040001,119.720001,119.720001,1805000
2023-05-16,119.57,119.910004,118.580002,118.68,118.68,1752800
2023-05-17,118.800003,120.32,118.75,119.690002,119.690002,2599000
2023-05-18,119.459999,120.190002,118.830002,120.160004,120.160004,3212000
2023-05-19,120.489998,120.830002,119.290001,119.540001,119.540001,3224600
2023-05-22,119.980003,120.260002,119.330002,119.540001,119.540001,2042000
2023-05-23,118.410004,119.839996,117.75,118.269997,118.269997,2173400
2023-05-24,117.75,117.839996,115.919998,116.470001,116.470001,2623900
2023-05-25,115.379997,116.050003,112.489998,112.809998,112.809998,5620400
2023-05-26,112.68,114.0,112.099998,113.769997,113.769997,4027300
2023-05-30,113.769997,113.830002,111.379997,112.959999,112.959999,4087400
2023-05-31,112.290001,112.959999,110.309998,112.190002,112.190002,16398300
2023-06-01,112.099998,113.230003,111.599998,112.75,112.75,4084300
2023-06-02,113.410004,114.349998,112.849998,113.900002,113.900002,4526900
2023-06-05,113.900002,114.290001,111.769997,112.230003,112.230003,5873100
2023-06-06,112.540001,116.07,112.480003,114.230003,114.230003,31735400
2023-06-07,115.5,116.0,113.57,115.779999,115.779999,3075700
2023-06-08,115.870003,116.290001,115.059998,115.290001,115.290001,2963500
2023-06-09,115.809998,117.25,115.019997,116.82,116.82,2635900
2023-06-12,117.050003,117.769997,116.639999,117.629997,117.629997,3573000
2023-06-13,117.910004,119.010002,117.669998,118.760002,118.760002,3709500
2023-06-14,119.449997,121.489998,119.330002,120.0,120.0,4561600
2023-06-15,118.860001,120.940002,118.449997,120.349998,120.349998,3082900
2023-06-16,120.730003,120.860001,119.400002,119.959999,119.959999,6419600
2023-06-20,118.910004,120.290001,118.900002,119.57,119.57,2530300
2023-06-21,119.010002,120.529999,118.389999,120.029999,120.029999,2227000
2023-06-22,119.800003,120.550003,119.150002,120.540001,120.540001,1666200
2023-06-23,120.010002,120.900002,119.0,120.489998,120.489998,4278400
2023-06-26,120.029999,121.720001,119.690002,120.160004,120.160004,2302100
2023-06-27,120.510002,122.43,120.150002,122.400002,122.400002,2593500
2023-06-28,122.720001,123.809998,122.5,122.949997,122.949997,2940200
2023-06-29,123.010002,124.150002,123.010002,124.050003,124.050003,2561600
2023-06-30,124.910004,126.550003,124.68,126.150002,126.150002,3081700
2023-07-03,125.690002,126.160004,125.279999,125.949997,125.949997,1395600
2023-07-05,125.279999,125.940002,124.160004,124.900002,124.900002,3509000
2023-07-06,123.989998,125.75,123.440002,125.389999,125.389999,2260300
2023-07-07,124.660004,125.830002,124.519997,125.199997,125.199997,2004600
2023-07-10,125.510002,127.089996,125.110001,126.889999,126.889999,2588900
2023-07-11,126.93,127.660004,126.529999,126.989998,126.989998,1903500
2023-07-12,128.0,128.029999,126.989998,127.57,127.57,2212300
2023-07-13,127.400002,128.850006,127.400002,128.679993,128.679993,2366100
2023-07-14,128.479996,128.690002,127.529999,128.0,128.0,1829500
2023-07-17,127.900002,129.149994,127.279999,128.509995,128.509995,1822700
2023-07-18,128.220001,129.5,127.029999,129.320007,129.320007,2063000
2023-07-19,129.240005,129.389999,127.599998,127.629997,127.629997,3417700
2023-07-20,128.110001,129.559998,127.599998,129.380005,129.380005,2625700
2023-07-21,129.740005,130.25,128.5,128.529999,128.529999,2409000
2023-07-24,129.360001,130.160004,128.910004,129.75,129.75,2706800
2023-07-25,129.419998,130.740005,128.820007,130.059998,130.059998,3114400
2023-07-26,124.739998,128.389999,122.599998,127.300003,127.300003,4829300
2023-07-27,128.070007,128.070007,122.93,123.510002,123.510002,3923900
2023-07-28,124.669998,125.129997,123.75,124.989998,124.989998,3294100
2023-07-31,125.660004,126.540001,125.360001,126.209999,126.209999,2811200
2023-08-01,125.959999,127.230003,125.300003,126.970001,126.970001,2064300
2023-08-02,126.199997,126.889999,124.43,124.559998,124.559998,2206000
2023-08-03,124.25,125.559998,123.949997,125.18,125.18,1784100
2023-08-04,124.980003,125.699997,124.099998,124.82,124.82,1789100
2023-08-07,125.580002,126.18,125.080002,125.879997,125.879997,1493100
2023-08-08,124.82,125.489998,124.309998,125.199997,125.199997,1553100
2023-08-09,125.589996,126.32,124.949997,125.050003,125.050003,1681400
2023-08-10,126.010002,126.949997,125.720001,126.010002,126.010002,1880100
2023-08-11,126.010002,126.18,124.980003,125.589996,125.589996,1338400
2023-08-14,125.5,126.300003,124.209999,124.470001,124.470001,2168800
2023-08-15,123.889999,124.550003,122.949997,123.169998,123.169998,1950700
2023-08-16,123.480003,123.480003,121.610001,121.779999,121.779999,1994800
2023-08-17,122.129997,122.290001,120.18,120.330002,120.330002,2428200
2023-08-18,119.32,120.800003,119.32,120.080002,120.080002,2223700
2023-08-21,120.089996,120.440002,118.57,119.089996,119.089996,1767700
2023-08-22,119.599998,119.699997,118.900002,119.260002,119.260002,1631800
2023-08-23,119.800003,121.019997,119.089996,120.410004,120.410004,1673800
2023-08-24,120.419998,121.300003,120.209999,120.660004,120.660004,2085900
2023-08-25,121.339996,122.010002,120.550003,121.480003,121.480003,1894500
2023-08-28,122.059998,122.830002,121.790001,122.739998,122.739998,1354200
2023-08-29,122.629997,123.239998,122.120003,122.730003,122.730003,1457700
2023-08-30,122.510002,122.970001,121.879997,122.589996,122.589996,1765700
2023-08-31,122.75,122.970001,120.980003,121.389999,121.389999,2869700
2023-09-01,122.220001,123.029999,121.510002,122.809998,122.809998,1777200
2023-09-05,122.779999,123.629997,121.620003,121.809998,121.809998,2119500
2023-09-06,121.900002,122.980003,121.720001,122.5,122.5,1892400
2023-09-07,122.580002,123.349998,122.150002,123.099998,123.099998,2346200
2023-09-08,123.260002,123.739998,121.260002,121.599998,121.599998,2263800
2023-09-11,121.739998,122.449997,121.349998,121.68,121.68,2075900
2023-09-12,121.510002,122.360001,120.949997,121.650002,121.650002,2290700
2023-09-13,121.410004,121.68,120.480003,121.300003,121.300003,2596200
2023-09-14,121.959999,122.599998,121.260002,122.199997,122.199997,1930900
2023-09-15,121.32,122.620003,120.919998,121.050003,121.050003,5493700
2023-09-18,121.050003,121.370003,120.169998,121.199997,121.199997,2077100
2023-09-19,121.139999,121.339996,120.129997,120.690002,120.690002,1702800
2023-09-20,120.760002,121.260002,119.57,119.690002,119.690002,1444400
2023-09-21,119.040001,119.129997,116.660004,116.720001,116.720001,3260400
2023-09-22,116.739998,116.949997,115.639999,116.080002,116.080002,2238600
2023-09-25,115.639999,116.379997,115.459999,116.089996,116.089996,1513200
2023-09-26,115.279999,115.959999,114.5,114.559998,114.559998,2147800
2023-09-27,114.860001,115.410004,112.400002,113.190002,113.190002,3084600
2023-09-28,113.25,113.910004,113.010002,113.550003,113.550003,2599700
2023-09-29,114.0,114.32,112.529999,112.959999,112.959999,2376300
2023-10-02,112.089996,113.360001,111.790001,112.849998,112.849998,2289800
2023-10-03,111.940002,112.169998,110.160004,111.050003,111.050003,2696900
2023-10-04,111.279999,113.089996,110.419998,112.970001,112.970001,3170600
2023-10-05,112.730003,113.339996,111.779999,113.150002,113.150002,2613300
2023-10-06,113.25,114.949997,112.760002,114.059998,114.059998,2044500
2023-10-09,112.639999,114.830002,112.639999,114.360001,114.360001,2041000
2023-10-10,114.519997,115.18,113.919998,114.650002,114.650002,1673700
2023-10-11,114.870003,115.480003,112.68,113.550003,113.550003,2313900
2023-10-12,113.279999,113.959999,111.949997,112.68,112.68,1740500
2023-10-13,112.470001,113.349998,111.870003,112.480003,112.480003,2067900
2023-10-16,113.919998,114.120003,112.849998,113.580002,113.580002,2247700
2023-10-17,113.059998,115.379997,112.809998,114.989998,114.989998,3164000
2023-10-18,114.849998,114.879997,112.900002,113.080002,113.080002,1990200
2023-10-19,112.900002,113.830002,111.580002,111.970001,111.970001,2760800
2023-10-20,112.860001,113.230003,110.260002,110.5,110.5,3295100
2023-10-23,109.900002,110.980003,109.120003,109.610001,109.610001,4488300
2023-10-24,113.139999,116.790001,112.410004,115.449997,115.449997,6064100
2023-10-25,114.849998,117.139999,113.919998,114.120003,114.120003,5210800
2023-10-26,114.089996,115.300003,113.0,114.260002,114.260002,4179800
2023-10-27,114.139999,114.900002,112.169998,112.459999,112.459999,2952700
2023-10-30,113.269997,113.610001,111.529999,112.940002,112.940002,2655700
2023-10-31,113.639999,114.919998,113.110001,113.75,113.75,2978900
2023-11-01,114.080002,115.220001,113.589996,114.93,114.93,2387300
2023-11-02,115.879997,117.870003,114.32,117.809998,117.809998,2807500
2023-11-03,119.309998,120.110001,118.769997,119.540001,119.540001,2724800
2023-11-06,119.419998,119.980003,118.779999,119.639999,119.639999,1947400
2023-11-07,119.779999,119.940002,118.989998,119.209999,119.209999,2340300
2023-11-08,119.230003,120.720001,118.660004,120.129997,120.129997,2737200
2023-11-09,119.660004,119.919998,118.419998,119.379997,119.379997,2697600
2023-11-10,119.949997,121.839996,119.510002,121.510002,121.510002,2093800
2023-11-13,121.339996,122.199997,121.07,121.559998,121.559998,2283900
2023-11-14,122.404999,123.120003,122.050003,123.0,123.0,337057
