Date,Open,High,Low,Close,Adj Close,Volume
2021-02-09,20.4,31.0,20.209999,29.99,29.99,5135300
2021-02-10,27.618,28.5,26.01,26.200001,26.200001,1014900
2021-02-11,26.0,31.83,26.0,29.6,29.6,499800
2021-02-12,28.01,28.74,26.209999,27.66,27.66,309300
2021-02-16,26.5,26.950001,25.379999,25.559999,25.559999,187300
2021-02-17,25.5,26.15,25.120001,25.459999,25.459999,142500
2021-02-18,25.379999,25.549999,24.624001,25.16,25.16,94000
2021-02-19,25.43,27.1,25.200001,26.32,26.32,76300
2021-02-22,25.52,26.450001,25.4,26.24,26.24,184500
2021-02-23,25.0,25.365,24.834999,24.860001,24.860001,209000
2021-02-24,25.0,25.146999,24.719999,25.0,25.0,63700
2021-02-25,25.16,25.16,24.5,24.860001,24.860001,76100
2021-02-26,24.18,24.65,23.9,24.5,24.5,47000
2021-03-01,24.5,24.98,24.4,24.98,24.98,12500
2021-03-02,24.969999,24.969999,23.99,24.559999,24.559999,14600
2021-03-03,24.559999,24.57,23.48,23.75,23.75,70400
2021-03-04,23.65,23.889999,22.5,22.99,22.99,94200
2021-03-05,22.85,23.18,22.0,23.110001,23.110001,70600
2021-03-08,23.5,24.459999,21.57,21.719999,21.719999,90900
2021-03-09,21.83,22.209999,21.02,21.219999,21.219999,66700
2021-03-10,21.25,21.43,20.780001,21.01,21.01,105100
2021-03-11,21.01,21.379999,20.5,21.379999,21.379999,70000
2021-03-12,20.950001,23.0,20.605,22.219999,22.219999,45600
2021-03-15,22.5,22.504999,21.41,21.950001,21.950001,17300
2021-03-16,21.940001,22.360001,21.91,22.360001,22.360001,10100
2021-03-17,21.969999,22.0,21.6,22.0,22.0,5500
2021-03-18,22.110001,22.110001,21.309999,21.41,21.41,6700
2021-03-19,21.1,21.35,20.780001,20.950001,20.950001,22700
2021-03-22,20.75,20.76,18.66,18.77,18.77,81700
2021-03-23,19.6,19.74,18.549999,18.73,18.73,177400
2021-03-24,19.129999,19.129999,17.51,17.74,17.74,23700
2021-03-25,17.93,18.34,17.700001,17.709999,17.709999,9400
2021-03-26,18.02,19.58,17.35,17.73,17.73,12700
2021-03-29,17.9,18.790001,17.0,17.0,17.0,11100
2021-03-30,17.0,17.860001,17.0,17.389999,17.389999,17900
2021-03-31,17.6,18.275,17.6,17.950001,17.950001,21500
2021-04-01,17.879999,18.25,17.68,17.68,17.68,8800
2021-04-05,17.9,18.629999,17.754999,17.870001,17.870001,10900
2021-04-06,18.459,18.540001,17.6,17.75,17.75,4900
2021-04-07,18.261,18.261,16.950001,16.950001,16.950001,17600
2021-04-08,16.959999,17.190001,15.275,15.84,15.84,23300
2021-04-09,15.85,16.27,14.28,14.48,14.48,43000
2021-04-12,14.73,14.91,13.05,13.43,13.43,32400
2021-04-13,13.63,13.89,13.2,13.46,13.46,18600
2021-04-14,13.606,13.85,13.06,13.6,13.6,25900
2021-04-15,13.9,13.9,13.085,13.2,13.2,26200
2021-04-16,13.46,13.8,13.25,13.39,13.39,19500
2021-04-19,13.31,13.47,12.67,13.33,13.33,9800
2021-04-20,13.21,13.73,12.9,13.5,13.5,102700
2021-04-21,13.34,15.6,13.21,15.4,15.4,51800
2021-04-22,15.4,15.4,14.07,14.07,14.07,72600
2021-04-23,14.28,14.88,14.07,14.88,14.88,7200
2021-04-26,14.37,15.13,14.37,15.05,15.05,9500
2021-04-27,15.04,15.43,15.025,15.175,15.175,6000
2021-04-28,15.398,15.66,14.57,14.81,14.81,170200
2021-04-29,14.872,15.215,14.32,14.78,14.78,11400
2021-04-30,14.92,15.66,14.3,14.6,14.6,90300
2021-05-03,15.3,15.3,14.298,14.49,14.49,11500
2021-05-04,14.39,14.39,13.31,13.69,13.69,19700
2021-05-05,13.4,14.36,13.05,13.4,13.4,11600
2021-05-06,13.08,13.2,12.51,12.67,12.67,16000
2021-05-07,12.72,12.92,12.5,12.65,12.65,12800
2021-05-10,12.547,12.547,11.73,11.8,11.8,20600
2021-05-11,11.34,14.35,11.11,13.08,13.08,166700
2021-05-12,13.1,15.24,12.09,12.55,12.55,27700
2021-05-13,13.05,14.281,12.55,12.55,12.55,6900
2021-05-14,12.61,13.165,12.55,12.7,12.7,3700
2021-05-17,12.8,12.8,12.55,12.6,12.6,4300
2021-05-18,12.7,13.17,12.5,12.53,12.53,4100
2021-05-19,13.35,14.0,12.62,12.64,12.64,8600
2021-05-20,13.28,13.412,12.8,12.8,12.8,14500
2021-05-21,13.14,14.31,13.14,13.2,13.2,61200
2021-05-24,13.25,13.39,12.8,13.0,13.0,11100
2021-05-25,13.98,13.98,12.81,13.0,13.0,10500
2021-05-26,12.85,13.25,12.69,12.74,12.74,12100
2021-05-27,12.67,13.316,12.67,12.7,12.7,9000
2021-05-28,13.5,14.723,13.5,14.18,14.18,161100
2021-06-01,14.47,14.6,13.89,13.99,13.99,903000
2021-06-02,14.0,14.26,13.51,13.78,13.78,11300
2021-06-03,13.85,14.0,13.65,13.65,13.65,5900
2021-06-04,13.74,13.86,13.74,13.78,13.78,3300
2021-06-07,13.95,13.99,13.78,13.9,13.9,10900
2021-06-08,13.97,13.97,13.68,13.68,13.68,8800
2021-06-09,13.61,13.7,13.52,13.56,13.56,8000
2021-06-10,13.68,13.79,13.68,13.73,13.73,3100
2021-06-11,13.77,13.775,13.53,13.53,13.53,4900
2021-06-14,13.524,13.715,13.524,13.59,13.59,10700
2021-06-15,13.65,13.65,13.57,13.61,13.61,2100
2021-06-16,14.01,14.06,13.7,13.86,13.86,6100
2021-06-17,14.026,14.3,13.8,14.0,14.0,10300
2021-06-18,14.0,14.09,13.75,14.0,14.0,15700
2021-06-21,14.04,14.04,13.83,13.89,13.89,7500
2021-06-22,13.78,14.4,13.27,14.01,14.01,26600
2021-06-23,13.93,14.19,13.93,14.0,14.0,13800
2021-06-24,13.99,14.09,13.459,13.99,13.99,43000
2021-06-25,14.44,14.44,14.02,14.25,14.25,115600
2021-06-28,14.27,14.68,14.02,14.29,14.29,130100
2021-06-29,14.22,14.545,13.55,13.96,13.96,18100
2021-06-30,13.8,14.069,13.5,13.56,13.56,36000
2021-07-01,13.53,13.99,13.53,13.9,13.9,8600
2021-07-02,13.75,13.85,13.58,13.68,13.68,16600
2021-07-06,13.68,13.7,12.676,12.7,12.7,45500
2021-07-07,13.3,13.628,13.01,13.49,13.49,73600
2021-07-08,13.33,13.51,13.026,13.47,13.47,13500
2021-07-09,13.28,14.26,13.28,14.18,14.18,36500
2021-07-12,14.15,15.165,14.15,15.165,15.165,25800
2021-07-13,15.25,17.391001,15.25,16.85,16.85,53900
2021-07-14,17.35,18.450001,16.610001,17.950001,17.950001,73200
2021-07-15,17.809999,17.809999,16.9,17.700001,17.700001,56700
2021-07-16,17.450001,18.9,17.450001,18.620001,18.620001,81000
2021-07-19,18.33,19.075001,17.5,18.639999,18.639999,45900
2021-07-20,18.85,19.139999,17.969999,19.0,19.0,47400
2021-07-21,19.059999,19.879999,18.469999,19.879999,19.879999,46000
2021-07-22,19.950001,20.98,19.01,20.68,20.68,65700
2021-07-23,20.66,20.790001,18.92,20.07,20.07,173000
2021-07-26,19.82,19.82,16.780001,16.860001,16.860001,63600
2021-07-27,16.02,16.299999,13.7,13.7,13.7,80300
2021-07-28,14.05,15.684,14.05,15.46,15.46,124200
2021-07-29,15.24,15.67,15.01,15.43,15.43,104900
2021-07-30,15.6,15.77,15.24,15.47,15.47,10700
2021-08-02,15.8,17.030001,15.7,16.49,16.49,29400
2021-08-03,16.280001,17.459999,15.5,16.74,16.74,21700
2021-08-04,16.969999,17.99,16.969999,17.99,17.99,12900
2021-08-05,17.799999,19.4,17.6,19.209999,19.209999,45300
2021-08-06,19.1,19.1,17.15,17.41,17.41,23800
2021-08-09,17.290001,19.754999,17.26,18.77,18.77,20800
2021-08-10,18.889999,18.889999,18.4,18.4,18.4,1500
2021-08-11,18.709999,18.709999,16.860001,17.209999,17.209999,8800
2021-08-12,16.77,17.84,16.77,17.299999,17.299999,8300
2021-08-13,17.110001,18.5,17.110001,18.5,18.5,6500
2021-08-16,18.5,18.5,17.540001,18.0,18.0,6900
2021-08-17,17.27,18.975,17.0,18.545,18.545,36500
2021-08-18,18.530001,18.530001,17.555,17.799999,17.799999,5600
2021-08-19,17.09,18.030001,17.054001,17.49,17.49,22100
2021-08-20,17.379999,17.805,16.01,16.5,16.5,48500
2021-08-23,16.5,17.429001,16.02,16.6,16.6,7100
2021-08-24,17.049999,17.99,16.809999,16.889999,16.889999,17000
2021-08-25,17.870001,17.870001,16.775,17.091,17.091,32000
2021-08-26,16.9,17.450001,16.434999,16.879999,16.879999,4600
2021-08-27,16.59,17.049999,16.51,16.969999,16.969999,9900
2021-08-30,16.66,16.98,16.02,16.785999,16.785999,17800
2021-08-31,16.719999,16.719999,15.69,16.16,16.16,24700
2021-09-01,17.35,18.299999,16.299999,16.49,16.49,45600
2021-09-02,17.0,17.629999,16.610001,16.82,16.82,21600
2021-09-03,16.610001,17.155001,16.610001,16.77,16.77,5200
2021-09-07,16.799999,16.9,16.25,16.48,16.48,21700
2021-09-08,16.5,17.059999,16.469999,17.049999,17.049999,52600
2021-09-09,17.08,17.299999,16.879999,17.15,17.15,39400
2021-09-10,17.155001,17.155001,16.0,16.41,16.41,15600
2021-09-13,16.5,16.5,15.0,15.49,15.49,20800
2021-09-14,15.56,15.68,15.23,15.68,15.68,52400
2021-09-15,15.54,15.87,14.08,15.25,15.25,105600
2021-09-16,15.04,15.04,14.51,14.51,14.51,15400
2021-09-17,14.84,15.22,14.46,15.22,15.22,23000
2021-09-20,14.63,14.7,14.243,14.7,14.7,3800
2021-09-21,14.7,14.7,13.51,14.48,14.48,17100
2021-09-22,14.58,14.977,14.314,14.35,14.35,21800
2021-09-23,14.23,14.39,14.2,14.39,14.39,2600
2021-09-24,14.08,14.3,14.08,14.205,14.205,3800
2021-09-27,14.5,14.5,14.21,14.25,14.25,11300
2021-09-28,14.35,14.35,14.08,14.29,14.29,9200
2021-09-29,14.36,14.48,14.12,14.48,14.48,6000
2021-09-30,14.36,14.5,14.25,14.365,14.365,3500
2021-10-01,14.03,14.25,14.01,14.25,14.25,5800
2021-10-04,14.25,14.48,13.87,14.44,14.44,34400
2021-10-05,14.5,14.5,13.97,14.18,14.18,31600
2021-10-06,14.18,14.18,14.18,14.18,14.18,33700
2021-10-07,14.0,14.1,13.65,13.65,13.65,11900
2021-10-08,13.68,13.805,13.3,13.3,13.3,12700
2021-10-11,13.45,13.94,12.54,12.54,12.54,22400
2021-10-12,12.54,12.7,12.31,12.31,12.31,32800
2021-10-13,12.21,12.5,10.88,11.35,11.35,63600
2021-10-14,11.39,11.865,11.01,11.74,11.74,18400
2021-10-15,11.9,12.23,11.4,11.7,11.7,33900
2021-10-18,11.7,11.93,11.7,11.84,11.84,14600
2021-10-19,11.76,12.4,11.71,11.84,11.84,35000
2021-10-20,11.76,12.145,11.76,12.09,12.09,22300
2021-10-21,11.83,12.285,11.81,12.15,12.15,13500
2021-10-22,12.22,12.26,11.8,11.84,11.84,23900
2021-10-25,11.83,11.83,11.765,11.81,11.81,13200
2021-10-26,11.77,11.835,11.5,11.83,11.83,9700
2021-10-27,11.51,12.0,11.51,11.82,11.82,10900
2021-10-28,11.79,11.82,11.13,11.13,11.13,26100
2021-10-29,11.88,11.88,11.02,11.24,11.24,19500
2021-11-01,11.4,11.94,11.255,11.59,11.59,14200
2021-11-02,11.28,11.76,11.28,11.5,11.5,9900
2021-11-03,11.705,11.705,11.2,11.2,11.2,11500
2021-11-04,11.79,11.9,11.7,11.82,11.82,10700
2021-11-05,11.75,11.9,11.7,11.71,11.71,7000
2021-11-08,11.68,11.7,11.5,11.5,11.5,2800
2021-11-09,10.99,11.69,10.99,11.33,11.33,9300
2021-11-10,11.2,12.0,11.18,12.0,12.0,11400
2021-11-11,11.99,12.0,11.6,11.6,11.6,7000
2021-11-12,11.6,11.97,10.98,11.0,11.0,13300
2021-11-15,11.0,11.0,10.06,10.29,10.29,19400
2021-11-16,10.07,10.59,9.5,9.65,9.65,23500
2021-11-17,9.77,9.85,9.34,9.36,9.36,28900
2021-11-18,9.68,9.84,9.41,9.62,9.62,15200
2021-11-19,9.75,9.83,9.75,9.76,9.76,19600
2021-11-22,9.75,9.83,9.293,9.293,9.293,12800
2021-11-23,9.51,9.73,9.0,9.0,9.0,12500
2021-11-24,9.0,9.21,8.734,9.0,9.0,17800
2021-11-26,9.0,9.345,8.69,8.69,8.69,7000
2021-11-29,8.69,9.08,8.5,8.5,8.5,22700
2021-11-30,9.3,9.3,7.72,8.22,8.22,88000
2021-12-01,8.28,8.57,7.369,8.1,8.1,20600
2021-12-02,8.09,8.31,7.8,7.8,7.8,8200
2021-12-03,7.8,7.9,7.627,7.77,7.77,8200
2021-12-06,7.95,8.89,7.73,8.27,8.27,95700
2021-12-07,8.4,10.69,8.4,9.95,9.95,102500
2021-12-08,10.28,10.882,9.937,10.18,10.18,38500
2021-12-09,9.89,10.295,9.4,9.67,9.67,24100
2021-12-10,9.49,9.7,9.36,9.4,9.4,11000
2021-12-13,9.48,9.48,8.04,8.13,8.13,39800
2021-12-14,8.34,9.29,8.27,8.79,8.79,21000
2021-12-15,9.13,9.2,8.79,8.99,8.99,5400
2021-12-16,8.395,8.5,7.71,7.74,7.74,17200
2021-12-17,7.64,8.225,7.51,7.51,7.51,19900
2021-12-20,7.56,8.48,7.52,7.52,7.52,31200
2021-12-21,7.75,8.2,7.0,7.92,7.92,37600
2021-12-22,7.77,8.08,7.39,7.4,7.4,20900
2021-12-23,7.45,7.65,7.39,7.5,7.5,29600
2021-12-27,7.38,7.84,7.38,7.56,7.56,25200
2021-12-28,7.6,7.84,7.55,7.69,7.69,13100
2021-12-29,7.7,8.507,7.7,7.89,7.89,19300
2021-12-30,7.91,8.29,7.91,8.1,8.1,4500
2021-12-31,8.12,8.17,8.01,8.068,8.068,8000
2022-01-03,8.03,8.04,8.03,8.04,8.04,1400
2022-01-04,7.88,8.36,7.5,7.71,7.71,11200
2022-01-05,7.51,7.95,7.51,7.73,7.73,15700
2022-01-06,7.7,8.15,7.56,8.15,8.15,7300
2022-01-07,8.09,8.825,8.038,8.785,8.785,13600
2022-01-10,8.78,8.78,8.5,8.69,8.69,3800
2022-01-11,8.642,8.98,8.27,8.3,8.3,25000
2022-01-12,8.32,9.25,8.31,8.76,8.76,7200
2022-01-13,8.77,8.79,8.15,8.53,8.53,16700
2022-01-14,8.153,8.45,7.65,8.185,8.185,13200
2022-01-18,7.96,8.54,7.581,7.6,7.6,35900
2022-01-19,7.8,8.49,7.67,7.67,7.67,33900
2022-01-20,7.68,7.68,7.3,7.49,7.49,15700
2022-01-21,7.15,7.47,7.13,7.47,7.47,5700
2022-01-24,7.403,7.403,7.02,7.12,7.12,9600
2022-01-25,6.62,6.9,5.71,6.67,6.67,35200
2022-01-26,6.79,7.5,6.79,7.195,7.195,9700
2022-01-27,7.2,7.2,6.67,6.98,6.98,21400
2022-01-28,6.94,7.41,6.48,6.96,6.96,65700
2022-01-31,7.17,7.24,7.17,7.24,7.24,500
2022-02-01,7.2,7.327,7.2,7.32,7.32,4100
2022-02-02,7.4,7.4,7.04,7.36,7.36,2200
2022-02-03,7.31,7.34,7.1,7.24,7.24,3500
2022-02-04,7.07,7.1,7.0,7.0,7.0,3800
2022-02-07,6.96,7.305,6.96,7.0,7.0,18100
2022-02-08,6.573,7.335,6.573,7.24,7.24,5200
2022-02-09,7.24,7.96,7.24,7.5,7.5,12100
2022-02-10,7.14,7.375,7.14,7.25,7.25,3700
2022-02-11,6.95,7.37,6.95,7.25,7.25,5700
2022-02-14,6.69,7.075,6.18,6.2,6.2,14900
2022-02-15,6.35,6.88,6.327,6.594,6.594,10200
2022-02-16,6.59,6.59,6.48,6.48,6.48,2900
2022-02-17,6.63,6.956,6.63,6.8,6.8,1800
2022-02-18,6.61,7.0,6.61,6.8,6.8,7800
2022-02-22,6.66,6.7,6.653,6.7,6.7,2900
2022-02-23,6.69,6.69,6.4,6.42,6.42,3100
2022-02-24,6.08,6.4,6.02,6.02,6.02,9000
2022-02-25,6.38,6.65,6.38,6.52,6.52,21200
2022-02-28,6.13,6.59,5.01,5.44,5.44,33100
2022-03-01,5.74,5.74,5.33,5.5,5.5,3700
2022-03-02,6.0,6.33,5.14,5.34,5.34,393500
2022-03-03,5.22,5.45,4.69,4.758,4.758,44600
2022-03-04,4.7,4.94,4.6,4.71,4.71,23100
2022-03-07,4.828,5.04,4.73,5.04,5.04,30600
2022-03-08,4.77,4.9,4.77,4.9,4.9,16700
2022-03-09,4.961,5.4,4.81,4.85,4.85,102100
2022-03-10,4.77,4.94,4.77,4.869,4.869,20800
2022-03-11,4.87,4.87,4.44,4.6,4.6,35500
2022-03-14,4.6,4.67,4.21,4.54,4.54,27000
2022-03-15,4.5,5.05,4.18,4.85,4.85,25000
2022-03-16,6.06,6.06,4.57,4.84,4.84,140700
2022-03-17,4.9,4.93,4.54,4.6,4.6,49500
2022-03-18,4.7,4.842,4.5,4.8,4.8,74600
2022-03-21,4.8,4.8,4.53,4.61,4.61,39500
2022-03-22,4.6,4.74,4.37,4.47,4.47,53300
2022-03-23,4.52,4.7,4.34,4.34,4.34,59000
2022-03-24,4.45,4.588,4.33,4.33,4.33,51600
2022-03-25,4.32,4.46,4.32,4.32,4.32,23500
2022-03-28,4.28,4.44,3.99,3.99,3.99,33200
2022-03-29,4.02,4.433,3.82,3.99,3.99,77200
2022-03-30,4.0,4.2,3.66,3.66,3.66,56300
2022-03-31,3.99,3.99,3.5,3.5,3.5,119200
2022-04-01,3.64,3.78,3.56,3.65,3.65,91300
2022-04-04,3.61,3.9,3.61,3.78,3.78,52000
2022-04-05,3.79,3.82,3.62,3.63,3.63,40900
2022-04-06,3.62,3.751,3.62,3.69,3.69,27900
2022-04-07,3.75,3.75,3.62,3.65,3.65,9800
2022-04-08,3.89,3.89,3.55,3.57,3.57,40900
2022-04-11,3.79,3.95,3.66,3.85,3.85,106500
2022-04-12,4.01,4.118,3.71,3.71,3.71,59000
2022-04-13,3.77,3.89,3.69,3.775,3.775,17600
2022-04-14,3.71,3.71,3.71,3.71,3.71,400
2022-04-18,3.7,3.7,3.662,3.662,3.662,17000
2022-04-19,3.63,3.75,3.625,3.65,3.65,37800
2022-04-20,3.616,3.88,3.59,3.59,3.59,25400
2022-04-21,3.67,3.751,3.67,3.73,3.73,23300
2022-04-22,3.68,3.75,3.65,3.65,3.65,17200
2022-04-25,3.65,3.785,3.55,3.64,3.64,24400
2022-04-26,3.663,3.76,3.663,3.71,3.71,15000
2022-04-27,3.62,3.8,3.62,3.7,3.7,11100
2022-04-28,3.7,3.78,3.65,3.65,3.65,21900
2022-04-29,3.76,3.77,3.65,3.65,3.65,14900
2022-05-02,3.65,3.877,3.59,3.63,3.63,69400
2022-05-03,3.56,3.72,3.56,3.65,3.65,18100
2022-05-04,3.56,3.614,3.555,3.56,3.56,2300
2022-05-05,3.68,3.706,3.43,3.5,3.5,19000
2022-05-06,3.39,3.39,3.23,3.23,3.23,11600
2022-05-09,3.2,3.2,2.89,2.94,2.94,13300
2022-05-10,2.98,3.35,2.98,3.03,3.03,12000
2022-05-11,3.152,3.405,3.14,3.14,3.14,10700
2022-05-12,2.91,3.159,2.91,3.147,3.147,13700
2022-05-13,3.24,3.24,3.15,3.19,3.19,11300
2022-05-16,3.21,3.319,3.09,3.12,3.12,8800
2022-05-17,3.069,3.1,2.905,2.97,2.97,28400
2022-05-18,2.755,2.99,2.755,2.88,2.88,23700
2022-05-19,2.94,2.95,2.8,2.855,2.855,42000
2022-05-20,2.83,2.92,2.82,2.82,2.82,21800
2022-05-23,2.87,2.9,2.8,2.82,2.82,21000
2022-05-24,2.82,2.88,2.79,2.82,2.82,13600
2022-05-25,2.82,2.9,2.81,2.82,2.82,19000
2022-05-26,2.87,2.9,2.762,2.82,2.82,20500
2022-05-27,2.678,2.9,2.678,2.8,2.8,29100
2022-05-31,2.78,2.87,2.76,2.8,2.8,23300
2022-06-01,2.77,2.879,2.72,2.87,2.87,24100
2022-06-02,2.87,2.87,2.805,2.86,2.86,15600
2022-06-03,2.8,2.87,2.8,2.8,2.8,1700
2022-06-06,2.86,2.87,2.75,2.8,2.8,6400
2022-06-07,2.75,2.82,2.71,2.72,2.72,19600
2022-06-08,2.8,2.84,2.67,2.76,2.76,18100
2022-06-09,2.71,2.73,2.55,2.58,2.58,14800
2022-06-10,2.55,2.609,2.55,2.56,2.56,9900
2022-06-13,2.525,2.525,2.415,2.45,2.45,18400
2022-06-14,2.52,2.54,2.46,2.46,2.46,600
2022-06-15,2.28,2.65,1.6,2.0,2.0,1361000
2022-06-16,2.05,2.388,1.99,1.99,1.99,33400
2022-06-17,2.0,2.19,1.89,2.0,2.0,40800
2022-06-21,1.96,2.22,1.96,2.05,2.05,51500
2022-06-22,2.05,2.07,1.896,2.0,2.0,53900
2022-06-23,1.99,2.025,1.88,2.0,2.0,48400
2022-06-24,2.05,2.23,1.98,2.0,2.0,82000
2022-06-27,2.08,2.21,1.98,2.1,2.1,121400
2022-06-28,2.265,2.265,2.055,2.1,2.1,21600
2022-06-29,2.06,2.17,2.031,2.095,2.095,521700
2022-06-30,2.3,2.3,1.7,2.066,2.066,367900
2022-07-01,2.02,2.11,1.96,1.99,1.99,80700
2022-07-05,2.0,2.092,1.99,1.99,1.99,129200
2022-07-06,2.04,2.07,1.97,1.97,1.97,57300
2022-07-07,1.97,2.13,1.97,2.04,2.04,127200
2022-07-08,2.2,2.2,2.09,2.09,2.09,95900
2022-07-11,2.05,2.11,2.031,2.08,2.08,50000
2022-07-12,2.05,2.1,2.03,2.04,2.04,63000
2022-07-13,2.05,2.19,2.01,2.03,2.03,69000
2022-07-14,2.11,2.11,1.93,1.93,1.93,69300
2022-07-15,1.96,1.988,1.93,1.935,1.935,49800
2022-07-18,2.029,2.06,1.99,2.0,2.0,33500
2022-07-19,2.17,2.18,1.89,1.95,1.95,92100
2022-07-20,1.96,1.995,1.91,1.92,1.92,14800
2022-07-21,1.96,1.98,1.87,1.9,1.9,18700
2022-07-22,1.87,1.953,1.81,1.83,1.83,11600
2022-07-25,1.81,1.82,1.76,1.77,1.77,36000
2022-07-26,1.79,1.84,1.77,1.78,1.78,44800
2022-07-27,1.8,1.8,1.79,1.79,1.79,3700
2022-07-28,1.78,1.78,1.65,1.7,1.7,31000
2022-07-29,1.72,1.78,1.684,1.69,1.69,13500
2022-08-01,1.69,1.72,1.59,1.59,1.59,17700
2022-08-02,1.76,1.76,1.54,1.55,1.55,30600
2022-08-03,1.63,1.64,1.5,1.5,1.5,114300
2022-08-04,1.5,1.6,1.39,1.399,1.399,172200
2022-08-05,1.43,1.5,1.43,1.47,1.47,48000
2022-08-08,1.5,1.5,1.44,1.44,1.44,94200
2022-08-09,1.5,1.5,1.44,1.44,1.44,39700
2022-08-10,1.42,1.5,1.42,1.47,1.47,86500
2022-08-11,1.5,1.5,1.45,1.46,1.46,57400
2022-08-12,1.45,1.47,1.38,1.41,1.41,207900
2022-08-15,1.42,1.46,1.39,1.4,1.4,107300
2022-08-16,1.43,1.46,1.37,1.37,1.37,95600
2022-08-17,1.38,1.38,1.22,1.24,1.24,300200
2022-08-18,1.22,1.32,1.22,1.31,1.31,95900
2022-08-19,1.27,1.32,1.27,1.29,1.29,35000
2022-08-22,1.29,1.385,1.271,1.35,1.35,85200
2022-08-23,1.32,1.4,1.31,1.38,1.38,13400
2022-08-24,1.4,1.473,1.37,1.43,1.43,51100
2022-08-25,1.47,1.49,1.41,1.47,1.47,78100
2022-08-26,1.49,1.497,1.4,1.41,1.41,62500
2022-08-29,1.49,1.525,1.42,1.49,1.49,114000
2022-08-30,1.52,1.54,1.47,1.47,1.47,8100
2022-08-31,1.5,1.53,1.46,1.46,1.46,53100
2022-09-01,1.46,1.48,1.46,1.48,1.48,18600
2022-09-02,1.48,1.56,1.46,1.52,1.52,41600
2022-09-06,1.51,1.55,1.48,1.52,1.52,21700
2022-09-07,1.53,1.55,1.5,1.5,1.5,30400
2022-09-08,1.5,1.54,1.45,1.515,1.515,24400
2022-09-09,1.48,1.58,1.48,1.58,1.58,21900
2022-09-12,1.59,1.61,1.55,1.58,1.58,21600
2022-09-13,1.53,1.555,1.5,1.51,1.51,6900
2022-09-14,1.5,1.56,1.41,1.49,1.49,22300
2022-09-15,1.47,1.5,1.4,1.42,1.42,10000
2022-09-16,1.4,1.44,1.39,1.4,1.4,9100
2022-09-19,1.37,1.47,1.37,1.44,1.44,17700
2022-09-20,1.47,1.48,1.44,1.48,1.48,7400
2022-09-21,1.57,1.57,1.38,1.4,1.4,10000
2022-09-22,1.45,1.48,1.31,1.37,1.37,115100
2022-09-23,1.34,1.4,1.29,1.355,1.355,50400
2022-09-26,1.33,1.46,1.3,1.32,1.32,17900
2022-09-27,1.26,1.352,1.25,1.29,1.29,53100
2022-09-28,1.25,1.33,1.25,1.32,1.32,8300
2022-09-29,1.27,1.3,1.25,1.26,1.26,34600
2022-09-30,1.3,1.31,1.25,1.28,1.28,5900
2022-10-03,1.28,1.32,1.26,1.3,1.3,8000
2022-10-04,1.25,1.31,1.25,1.29,1.29,8100
2022-10-05,1.29,1.335,1.25,1.29,1.29,16400
2022-10-06,1.35,1.37,1.26,1.28,1.28,18600
2022-10-07,1.31,1.4,1.29,1.36,1.36,17100
2022-10-10,1.35,1.35,1.25,1.31,1.31,3800
2022-10-11,1.3,1.34,1.21,1.21,1.21,28400
2022-10-12,1.32,1.32,1.23,1.29,1.29,17800
2022-10-13,1.31,1.31,1.28,1.3,1.3,11100
2022-10-14,1.3,1.347,1.28,1.31,1.31,13900
2022-10-17,1.3,1.4,1.3,1.35,1.35,60100
2022-10-18,1.33,1.33,1.27,1.28,1.28,31200
2022-10-19,1.31,1.31,1.14,1.16,1.16,84900
2022-10-20,1.197,1.256,1.15,1.17,1.17,21300
2022-10-21,1.21,1.23,1.2,1.2,1.2,2500
2022-10-24,1.2,1.28,1.01,1.03,1.03,64300
2022-10-25,1.118,1.145,0.9,0.945,0.945,125200
2022-10-26,0.945,1.02,0.945,0.97,0.97,54200
2022-10-27,0.995,1.02,0.94,0.94,0.94,1196200
2022-10-28,1.0,1.0,0.95,0.96,0.96,10800
2022-10-31,0.99,1.05,0.9,0.9,0.9,35500
2022-11-01,0.958,1.0,0.92,0.95,0.95,55200
2022-11-02,0.95,1.0,0.9,0.92,0.92,25800
2022-11-03,0.949,1.03,0.92,0.957,0.957,27700
2022-11-04,0.969,1.0,0.92,0.965,0.965,72500
2022-11-07,0.93,1.0,0.92,0.944,0.944,35200
2022-11-08,0.93,0.99,0.93,0.95,0.95,13200
2022-11-09,0.93,1.0,0.93,0.933,0.933,39900
2022-11-10,0.911,1.0,0.911,0.95,0.95,41700
2022-11-11,1.0,1.13,0.95,0.998,0.998,131600
2022-11-14,0.986,1.05,0.97,1.02,1.02,83300
2022-11-15,1.037,1.2,1.02,1.19,1.19,119000
2022-11-16,1.14,1.18,1.01,1.02,1.02,91700
2022-11-17,1.02,1.05,1.0,1.03,1.03,30900
2022-11-18,1.03,1.07,1.03,1.04,1.04,16400
2022-11-21,1.035,1.1,1.0,1.05,1.05,23500
2022-11-22,1.01,1.084,1.01,1.07,1.07,16500
2022-11-23,1.04,1.09,1.04,1.07,1.07,55300
2022-11-25,1.09,1.09,1.0,1.0,1.0,64800
2022-11-28,1.09,1.09,1.0,1.0,1.0,20200
2022-11-29,1.07,1.07,1.02,1.048,1.048,10500
2022-11-30,1.03,1.12,1.03,1.08,1.08,35300
2022-12-01,1.07,1.096,1.06,1.065,1.065,81400
2022-12-02,1.03,1.18,1.03,1.14,1.14,93300
2022-12-05,1.2,1.21,1.03,1.09,1.09,113000
2022-12-06,1.05,1.149,1.014,1.11,1.11,23500
2022-12-07,1.12,1.12,1.06,1.08,1.08,28800
2022-12-08,1.09,1.145,1.09,1.125,1.125,36500
2022-12-09,1.13,1.45,1.13,1.35,1.35,223100
2022-12-12,1.35,1.39,1.25,1.31,1.31,53300
2022-12-13,1.42,1.425,1.35,1.36,1.36,72100
2022-12-14,1.36,1.45,1.35,1.38,1.38,34600
2022-12-15,1.38,1.44,1.25,1.32,1.32,55400
2022-12-16,1.4,1.63,1.37,1.46,1.46,328300
2022-12-19,1.59,1.59,1.37,1.37,1.37,95800
2022-12-20,1.31,1.33,1.11,1.15,1.15,117300
2022-12-21,1.15,1.27,1.15,1.2,1.2,29400
2022-12-22,1.32,1.32,1.17,1.23,1.23,36100
2022-12-23,1.25,1.27,1.21,1.26,1.26,18700
2022-12-27,1.22,1.28,1.12,1.16,1.16,61500
2022-12-28,1.13,1.18,1.13,1.15,1.15,18000
2022-12-29,1.15,1.272,1.15,1.2,1.2,29200
2022-12-30,1.24,1.35,1.24,1.325,1.325,25600
2023-01-03,1.35,1.35,1.26,1.27,1.27,31800
2023-01-04,1.24,1.39,1.24,1.37,1.37,45800
2023-01-05,1.38,1.47,1.38,1.44,1.44,17600
2023-01-06,1.51,1.6,1.41,1.6,1.6,108000
2023-01-09,1.64,1.8,1.6,1.78,1.78,151000
2023-01-10,1.83,1.897,1.72,1.89,1.89,129200
2023-01-11,1.8,1.84,1.72,1.8,1.8,46800
2023-01-12,1.74,1.835,1.74,1.83,1.83,13300
2023-01-13,1.86,1.89,1.66,1.78,1.78,49000
2023-01-17,1.85,1.9,1.74,1.81,1.81,34500
2023-01-18,1.9,1.9,1.68,1.77,1.77,25900
2023-01-19,1.775,1.775,1.63,1.66,1.66,29500
2023-01-20,1.73,1.73,1.64,1.682,1.682,11000
2023-01-23,1.77,1.87,1.74,1.84,1.84,15700
2023-01-24,1.75,1.89,1.75,1.84,1.84,42800
2023-01-25,1.854,2.0,1.82,1.87,1.87,27200
2023-01-26,1.99,1.99,1.87,1.925,1.925,19100
2023-01-27,1.98,2.1,1.93,1.95,1.95,68100
2023-01-30,1.86,1.891,1.83,1.88,1.88,29500
2023-01-31,1.97,1.97,1.86,1.92,1.92,19800
2023-02-01,1.9,1.94,1.881,1.89,1.89,10200
2023-02-02,2.0,2.0,1.83,1.84,1.84,47600
2023-02-03,1.82,1.93,1.82,1.88,1.88,22300
2023-02-06,1.82,1.984,1.82,1.87,1.87,18800
2023-02-07,2.02,2.02,1.87,1.88,1.88,17300
2023-02-08,1.89,1.935,1.84,1.86,1.86,17500
2023-02-09,1.948,1.95,1.871,1.9,1.9,22700
2023-02-10,1.88,1.89,1.83,1.875,1.875,8400
2023-02-13,1.79,1.913,1.751,1.88,1.88,29200
2023-02-14,1.914,1.92,1.86,1.87,1.87,5200
2023-02-15,1.911,1.911,1.87,1.885,1.885,4000
2023-02-16,1.919,1.919,1.87,1.87,1.87,2500
2023-02-17,1.825,1.962,1.82,1.86,1.86,6200
2023-02-21,1.84,1.875,1.68,1.72,1.72,22600
2023-02-22,1.72,1.73,1.72,1.73,1.73,1500
2023-02-23,1.7,1.7,1.52,1.69,1.69,28300
2023-02-24,1.74,1.749,1.74,1.74,1.74,800
2023-02-27,1.74,1.74,1.674,1.68,1.68,5500
2023-02-28,1.68,1.68,1.56,1.664,1.664,31400
2023-03-01,1.71,1.81,1.71,1.81,1.81,3600
2023-03-02,1.83,1.83,1.71,1.78,1.78,11400
2023-03-03,1.87,1.87,1.54,1.688,1.688,9300
2023-03-06,1.75,1.82,1.7,1.7,1.7,9300
2023-03-07,1.69,1.735,1.682,1.705,1.705,12000
2023-03-08,1.68,1.73,1.68,1.705,1.705,8000
2023-03-09,1.73,1.73,1.52,1.61,1.61,14500
2023-03-10,1.565,1.61,1.35,1.35,1.35,42000
2023-03-13,1.36,1.446,1.24,1.36,1.36,32500
2023-03-14,1.37,1.47,1.34,1.43,1.43,24300
2023-03-15,1.45,1.6,1.43,1.6,1.6,13000
2023-03-16,1.51,1.61,1.48,1.6,1.6,15300
2023-03-17,1.585,1.609,1.43,1.589,1.589,12600
2023-03-20,1.53,1.554,1.53,1.554,1.554,400
2023-03-21,1.58,1.594,1.55,1.55,1.55,6000
2023-03-22,1.64,1.64,1.536,1.536,1.536,4800
2023-03-23,1.55,1.55,1.52,1.52,1.52,5700
2023-03-24,1.543,1.55,1.5,1.5,1.5,1700
2023-03-27,1.52,1.52,1.37,1.37,1.37,17700
2023-03-28,1.382,1.45,1.33,1.45,1.45,4400
2023-03-29,1.45,1.59,1.411,1.51,1.51,7300
2023-03-30,1.44,1.58,1.36,1.45,1.45,7100
2023-03-31,1.455,1.51,1.401,1.45,1.45,8200
2023-04-03,1.4,1.488,1.35,1.35,1.35,6000
2023-04-04,1.35,1.43,1.35,1.37,1.37,17200
2023-04-05,1.36,1.47,1.36,1.36,1.36,2200
2023-04-06,1.36,1.61,1.36,1.48,1.48,2800
2023-04-10,1.54,1.54,1.37,1.415,1.415,11000
2023-04-11,1.5,1.595,1.35,1.35,1.35,30000
2023-04-12,1.487,1.487,1.35,1.35,1.35,15300
2023-04-13,1.35,1.45,1.35,1.43,1.43,11200
2023-04-14,1.37,1.5,1.37,1.49,1.49,12100
2023-04-17,1.45,1.54,1.36,1.45,1.45,13900
2023-04-18,1.52,1.52,1.4,1.4,1.4,7100
2023-04-19,1.39,1.54,1.39,1.455,1.455,5300
2023-04-20,1.55,1.55,1.467,1.48,1.48,6800
2023-04-21,1.513,1.52,1.41,1.41,1.41,6900
2023-04-24,1.4,1.435,1.39,1.39,1.39,4500
2023-04-25,1.31,1.38,1.3,1.3,1.3,6800
2023-04-26,1.31,1.355,1.3,1.355,1.355,3600
2023-04-27,1.25,1.324,1.25,1.29,1.29,9800
2023-04-28,1.29,1.38,1.29,1.31,1.31,5900
2023-05-01,1.33,1.4,1.33,1.33,1.33,4900
2023-05-02,1.38,1.38,1.3,1.33,1.33,8800
2023-05-03,1.25,1.31,1.214,1.3,1.3,30900
2023-05-04,1.3,1.345,1.26,1.29,1.29,5500
2023-05-05,1.31,1.356,1.31,1.34,1.34,15000
2023-05-08,1.34,1.34,1.33,1.33,1.33,3000
2023-05-09,1.35,1.35,1.31,1.31,1.31,3900
2023-05-10,1.32,1.6,1.32,1.4,1.4,25900
2023-05-11,1.41,1.44,1.39,1.39,1.39,3700
2023-05-12,1.39,1.4,1.32,1.4,1.4,5600
2023-05-15,1.45,1.451,1.33,1.33,1.33,5900
2023-05-16,1.35,1.39,1.35,1.38,1.38,1900
2023-05-17,1.44,1.44,1.35,1.35,1.35,6900
2023-05-18,1.44,1.59,1.41,1.508,1.508,18800
2023-05-19,1.5,1.5,1.49,1.49,1.49,4100
2023-05-22,1.5,1.5,1.475,1.5,1.5,2700
2023-05-23,1.46,1.54,1.453,1.475,1.475,10200
2023-05-24,1.46,1.46,1.45,1.455,1.455,3700
2023-05-25,1.45,1.45,1.35,1.35,1.35,10900
2023-05-26,1.37,1.47,1.37,1.41,1.41,16000
2023-05-30,1.43,1.43,1.31,1.32,1.32,41400
2023-05-31,1.355,1.355,1.31,1.32,1.32,4200
2023-06-01,1.3,1.37,1.3,1.32,1.32,8900
2023-06-02,1.31,1.37,1.31,1.33,1.33,4100
2023-06-05,1.32,1.36,1.32,1.33,1.33,6500
2023-06-06,1.32,1.36,1.32,1.36,1.36,1100
2023-06-07,1.32,1.51,1.32,1.35,1.35,20700
2023-06-08,1.34,1.35,1.34,1.35,1.35,600
2023-06-09,1.35,1.39,1.2,1.25,1.25,40800
2023-06-12,1.31,1.31,1.2,1.24,1.24,37900
2023-06-13,1.21,1.259,1.15,1.17,1.17,16800
2023-06-14,1.17,1.24,1.16,1.22,1.22,1900
2023-06-15,1.25,1.44,1.2,1.38,1.38,35900
2023-06-16,1.38,1.38,1.25,1.28,1.28,15300
2023-06-20,1.3,1.35,1.2,1.21,1.21,15700
2023-06-21,1.17,1.23,1.17,1.18,1.18,5000
2023-06-22,1.16,1.31,1.15,1.3,1.3,49500
2023-06-23,1.23,1.38,1.2,1.35,1.35,100700
2023-06-26,1.34,1.76,1.332,1.76,1.76,219400
2023-06-27,1.7,1.7,1.32,1.46,1.46,144200
2023-06-28,1.4,1.6,1.33,1.45,1.45,93800
2023-06-29,1.41,1.55,1.41,1.5,1.5,74100
2023-06-30,1.5,1.58,1.44,1.48,1.48,16800
2023-07-03,1.41,1.52,1.41,1.47,1.47,5800
2023-07-05,1.48,1.49,1.3,1.3,1.3,94400
2023-07-06,1.44,1.58,1.3,1.53,1.53,110500
2023-07-07,1.54,1.6,1.491,1.6,1.6,24700
2023-07-10,1.65,1.65,1.51,1.56,1.56,24200
2023-07-11,1.57,1.61,1.5,1.52,1.52,7800
2023-07-12,1.53,1.65,1.42,1.55,1.55,35000
2023-07-13,1.65,1.65,1.51,1.57,1.57,5500
2023-07-14,1.54,1.633,1.41,1.46,1.46,8800
2023-07-17,1.51,1.51,1.35,1.45,1.45,18800
2023-07-18,1.39,1.462,1.35,1.37,1.37,12500
2023-07-19,1.37,1.46,1.32,1.32,1.32,21900
2023-07-20,1.32,1.45,1.32,1.33,1.33,23400
2023-07-21,1.45,1.45,1.32,1.37,1.37,18500
2023-07-24,1.33,1.34,1.3,1.31,1.31,13300
2023-07-25,1.36,1.376,1.31,1.33,1.33,6700
2023-07-26,1.34,1.4,1.28,1.37,1.37,29100
2023-07-27,1.38,1.4,1.366,1.4,1.4,5400
2023-07-28,1.38,1.382,1.35,1.37,1.37,12100
2023-07-31,1.35,1.37,1.35,1.36,1.36,5100
2023-08-01,1.35,1.382,1.35,1.36,1.36,10700
2023-08-02,1.35,1.4,1.35,1.35,1.35,18700
2023-08-03,1.35,1.36,1.35,1.35,1.35,2200
2023-08-04,1.35,1.355,1.35,1.352,1.352,6000
2023-08-07,1.35,1.39,1.35,1.39,1.39,23100
2023-08-08,1.37,1.37,1.305,1.344,1.344,2000
2023-08-09,1.31,1.4,1.3,1.33,1.33,11400
2023-08-10,1.345,1.39,1.28,1.28,1.28,10400
2023-08-11,1.3,1.34,1.28,1.34,1.34,6900
2023-08-14,1.29,1.3,1.29,1.29,1.29,3500
2023-08-15,1.29,1.35,1.28,1.33,1.33,17400
2023-08-16,1.33,1.347,1.26,1.32,1.32,24600
2023-08-17,1.345,1.345,1.305,1.319,1.319,2600
2023-08-18,1.304,1.315,1.15,1.15,1.15,48300
2023-08-21,1.167,1.27,1.167,1.19,1.19,6200
2023-08-22,1.195,1.195,1.195,1.195,1.195,800
2023-08-23,1.29,1.29,1.2,1.23,1.23,11600
2023-08-24,1.23,1.23,1.23,1.23,1.23,0
2023-08-25,1.23,1.23,1.205,1.205,1.205,1100
2023-08-28,1.21,1.21,1.18,1.18,1.18,4700
2023-08-29,1.18,1.18,1.18,1.18,1.18,300
2023-08-30,1.225,1.246,1.18,1.18,1.18,3400
2023-08-31,1.19,1.43,1.1,1.36,1.36,45500
2023-09-01,1.3,1.435,1.3,1.38,1.38,6200
2023-09-05,1.32,1.37,1.31,1.32,1.32,6700
2023-09-06,1.315,1.355,1.315,1.355,1.355,4500
2023-09-07,1.3,1.44,1.3,1.4,1.4,11000
2023-09-08,1.35,1.559,1.35,1.45,1.45,26000
2023-09-11,1.49,1.49,1.33,1.44,1.44,15900
2023-09-12,1.312,1.4,1.312,1.4,1.4,5300
2023-09-13,1.4,1.4,1.4,1.4,1.4,0
2023-09-14,1.34,1.405,1.32,1.38,1.38,3600
2023-09-15,1.445,1.5,1.4,1.41,1.41,8700
2023-09-18,1.45,1.45,1.42,1.42,1.42,1800
2023-09-19,1.37,1.445,1.37,1.4,1.4,6600
2023-09-20,1.424,1.424,1.424,1.424,1.424,700
2023-09-21,1.37,1.4,1.3,1.33,1.33,12200
2023-09-22,1.33,1.35,1.29,1.29,1.29,7200
2023-09-25,1.23,1.31,1.209,1.26,1.26,7100
2023-09-26,1.26,1.43,1.26,1.38,1.38,10800
2023-09-27,1.45,1.53,1.415,1.52,1.52,19400
2023-09-28,1.51,1.54,1.445,1.47,1.47,7300
2023-09-29,1.53,1.53,1.53,1.53,1.53,1100
2023-10-02,1.53,1.68,1.41,1.43,1.43,24000
2023-10-03,1.65,1.7,1.51,1.51,1.51,27100
2023-10-04,1.55,1.58,1.5,1.5,1.5,7400
2023-10-05,1.53,1.56,1.41,1.41,1.41,17600
2023-10-06,1.45,1.74,1.43,1.665,1.665,251900
2023-10-09,1.58,1.98,1.58,1.83,1.83,138400
2023-10-10,1.85,1.96,1.45,1.47,1.47,53700
2023-10-11,1.62,1.62,1.47,1.49,1.49,19900
2023-10-12,1.54,1.54,1.32,1.4,1.4,31900
2023-10-13,1.486,1.54,1.39,1.41,1.41,3600
2023-10-16,1.49,1.49,1.35,1.38,1.38,7200
2023-10-17,1.33,1.39,1.33,1.34,1.34,7200
2023-10-18,1.33,1.36,1.33,1.345,1.345,2600
2023-10-19,1.31,1.4,1.31,1.4,1.4,7600
2023-10-20,1.36,1.436,1.36,1.4,1.4,2100
2023-10-23,1.48,1.48,1.44,1.44,1.44,4800
2023-10-24,1.4,1.415,1.31,1.35,1.35,7000
2023-10-25,1.36,1.415,1.36,1.37,1.37,2500
2023-10-26,1.454,1.454,1.31,1.34,1.34,1200
2023-10-27,1.354,1.364,1.354,1.36,1.36,1200
2023-10-30,1.36,1.39,1.3,1.31,1.31,2400
2023-10-31,1.38,1.38,1.355,1.355,1.355,600
2023-11-01,1.32,1.32,1.318,1.318,1.318,1000
2023-11-02,1.33,1.38,1.33,1.352,1.352,4900
2023-11-03,1.33,1.35,1.32,1.35,1.35,15800
2023-11-06,1.365,1.38,1.35,1.35,1.35,2000
2023-11-07,1.36,1.38,1.35,1.35,1.35,1800
2023-11-08,1.42,1.43,1.31,1.39,1.39,14900
2023-11-09,1.321,1.36,1.321,1.36,1.36,800
2023-11-10,1.47,1.47,1.36,1.44,1.44,5500
2023-11-13,1.35,1.4,1.35,1.36,1.36,1800
2023-11-14,1.41,1.44,1.36,1.44,1.44,4939
