Date,Open,High,Low,Close,Volume,Change
1999-11-18,11060,11060,9720,11059,131990,
1999-11-19,11060,11060,9414,9490,98490,-0.1418753956053893
1999-11-22,9338,9644,8878,9031,43990,-0.04836670179135938
1999-11-23,8802,9950,8802,9605,60670,0.06355885284021712
1999-11-24,9032,9797,8802,8878,27570,-0.07568974492451852
1999-11-25,8917,9108,7730,8189,44320,-0.07760756927235868
1999-11-26,8190,8190,7126,7309,20180,-0.1074612284772255
1999-11-29,6927,8037,6621,7500,19860,0.026132165822958076
1999-11-30,7654,7960,7118,7347,26690,-0.020399999999999974
1999-12-01,6582,7577,6582,7271,15460,-0.010344358241459073
1999-12-02,7348,7348,6888,6911,9120,-0.04951175904277261
1999-12-03,6973,7348,6812,7194,10450,0.040949211402112606
1999-12-06,7003,7195,7003,7118,13770,-0.010564359188212413
1999-12-07,7156,7263,6973,6972,8880,-0.02051137960101157
1999-12-08,6973,7348,6888,6896,9080,-0.010900745840504822
1999-12-09,6965,7922,6888,7921,13600,0.14863689095127608
1999-12-10,7922,8381,7654,7730,26620,-0.024113117030677977
1999-12-13,8037,8343,7960,8342,15580,0.07917205692108675
1999-12-14,8496,9108,8381,8955,14340,0.07348357707983699
1999-12-15,9070,9338,8572,8801,10730,-0.01719709659408153
1999-12-16,8764,9032,8572,8648,7870,-0.017384388137711593
1999-12-17,8802,9185,8496,9184,13080,0.06197964847363546
1999-12-20,9453,9453,8840,9184,5510,0.0
1999-12-21,8878,9032,7883,9031,8240,-0.01665940766550522
1999-12-22,8649,8725,8151,8725,3130,-0.03388329088694497
1999-12-23,8075,9338,8037,9337,55750,0.07014326647564473
1999-12-24,9338,9797,9185,9796,51830,0.04915925886258976
1999-12-27,9797,10639,9797,10638,39830,0.08595345038791335
1999-12-28,10715,10715,10409,10638,52300,0.0
2000-01-04,10792,12208,10754,12207,79690,0.14749012972363218
2000-01-05,12208,12591,11749,12207,44330,0.0
2000-01-06,12361,12629,11749,12628,39380,0.03448840829032518
2000-01-07,12284,13318,12246,12935,40990,0.024311054798859644
2000-01-10,12705,12705,11940,12284,39790,-0.0503285659064554
2000-01-11,11940,11940,11251,11710,33130,-0.04672745034190817
2000-01-12,10792,12017,10333,12016,78280,0.026131511528608042
2000-01-13,11634,11863,11251,11863,25660,-0.012733022636484681
2000-01-14,11634,11787,11251,11748,57930,-0.009694006575065361
2000-01-17,11328,11940,11136,11442,15910,-0.026046986721144028
2000-01-18,11557,11634,10907,11595,28070,0.013371788148925035
2000-01-19,11328,11366,9873,9873,9450,-0.14851228978007758
2000-01-20,8458,9873,8419,8419,8980,-0.14727033323204697
2000-01-21,7730,9682,7730,9682,19660,0.15001781684285542
2000-01-24,9567,10333,8917,10332,11400,0.06713488948564339
2000-01-25,10103,10103,9720,9950,49580,-0.036972512582268635
2000-01-26,10103,10103,9223,9796,21860,-0.015477386934673376
2000-01-27,9950,11251,9950,11251,63290,0.1485300122498978
2000-01-28,11863,12629,11634,12093,75160,0.07483779219624931
2000-01-31,12323,13892,12131,13776,80950,0.13917142148350292
2000-02-01,13853,14925,13318,13930,69300,0.011178861788617933
2000-02-02,13777,14542,13241,13891,74640,-0.0027997128499640533
2000-02-03,13203,13930,11825,11825,87860,-0.14872939313224387
2000-02-07,11596,12170,10945,11404,57530,-0.03560253699788585
2000-02-08,11481,11634,10562,10906,42260,-0.043668888109435255
2000-02-09,10562,11404,10333,10524,59600,-0.035026590867412444
2000-02-10,10409,10868,9797,10485,61480,-0.003705815279361424
2000-02-11,10792,11863,10486,11174,79890,0.06571292322365285
2000-02-14,11175,11328,10065,10064,34740,-0.09933774834437081
2000-02-15,9797,10333,9185,9720,24080,-0.03418124006359302
2000-02-16,9873,10486,9873,10332,33510,0.06296296296296289
2000-02-17,10486,10945,10333,10868,27490,0.05187766163375929
2000-02-18,10486,11251,10486,10906,31110,0.0034965034965035446
2000-02-21,10868,10983,10409,10983,34950,0.007060333761232274
2000-02-22,11328,12131,10792,11786,54340,0.07311299280706551
2000-02-23,11863,12131,11175,11174,60380,-0.05192601391481422
2000-02-24,11098,11175,10792,11098,19820,-0.00680150349024522
2000-02-25,11251,11481,10639,10715,31320,-0.03451072265273025
2000-02-28,10562,11710,10562,11480,41540,0.07139524031731215
2000-02-29,11634,12093,11251,11251,54010,-0.019947735191637617
2000-03-02,11634,12093,11404,11786,58320,0.047551328770775836
2000-03-03,11787,13547,11634,13547,78660,0.14941455964703887
2000-03-06,14925,15576,14351,15575,136600,0.1497010408208459
2000-03-07,16379,17910,15308,16073,182590,0.03197431781701443
2000-03-08,15384,17374,15384,16073,56760,0.0
2000-03-09,16456,18484,16226,18484,70870,0.15000311080694329
2000-03-10,19211,21239,16303,17068,226680,-0.07660679506600299
2000-03-13,16838,17987,15882,16991,58790,-0.00451136629950788
2000-03-14,17221,17298,14925,15613,48100,-0.08110175975516454
2000-03-15,14925,15614,13777,13853,47300,-0.11272657400883879
2000-03-16,14236,15078,13700,14159,25310,0.02208907817801209
2000-03-17,14389,14542,12246,12935,29700,-0.0864467829648986
2000-03-20,13012,13241,12017,12437,24970,-0.03850019327406262
2000-03-21,12246,13624,12246,12896,57880,0.03690600627160889
2000-03-22,13088,13547,12552,12858,37350,-0.002946650124069472
2000-03-23,12858,13394,12552,13011,26870,0.011899206719552025
2000-03-24,13165,13165,12093,12093,54820,-0.07055568365229425
2000-03-27,12705,12705,11863,12628,37020,0.04424046969321105
2000-03-28,12629,12629,12017,12246,24470,-0.03025023756731071
2000-03-29,11557,12552,11557,12207,27090,-0.0031847133757961776
2000-03-30,12246,12476,11825,11863,23100,-0.02818055214221349
2000-03-31,12246,13012,11978,12781,37040,0.07738346118182582
2000-04-03,13394,13394,12629,13164,35220,0.029966356310147768
2000-04-04,13394,13394,12437,12858,20940,-0.023245214220601662
2000-04-06,12629,13012,12399,12437,15310,-0.03274226162700267
2000-04-07,12323,12705,12323,12437,16930,0.0
2000-04-10,12017,12744,12017,12743,23390,0.02460400418107267
2000-04-11,12705,13394,12170,12743,18550,0.0
2000-04-12,12782,14619,12246,14618,94970,0.14713960605822796
2000-04-14,14925,16150,14236,15078,120940,0.03146805308523737
2000-04-17,13088,14542,12820,13088,48560,-0.13198036874917096
2000-04-18,13700,14160,13394,13853,35120,0.058450488997555006
2000-04-19,13547,15308,13547,14771,76280,0.06626723453403605
2000-04-20,14925,15767,14466,14465,87870,-0.020716268363685564
2000-04-21,14619,15231,13777,14312,59960,-0.010577255444175648
2000-04-24,14619,14619,13394,14006,33470,-0.02138065958636115
2000-04-25,14007,15576,13739,15154,98480,0.0819648721976296
2000-04-26,15231,16571,14619,14618,173940,-0.035370199287316884
2000-04-27,14657,14695,12438,13547,69500,-0.07326583663975916
2000-04-28,13241,14313,13088,14312,46900,0.05647006717354386
2000-05-02,14542,15231,14542,14618,87490,0.02138065958636104
2000-05-03,14925,14925,14007,14389,32170,-0.01566561773156383
2000-05-04,14619,14619,14160,14465,29590,0.005281812495656402
2000-05-08,14236,15308,14236,14427,40840,-0.0026270307639129076
2000-05-09,14236,15040,13777,15039,42780,0.04242046163443547
2000-05-10,15040,15652,14810,14886,85330,-0.010173548773189656
2000-05-12,14887,14887,13930,14542,44440,-0.023108961440279407
2000-05-15,14313,14772,14007,14771,38550,0.015747490028881872
2000-05-16,14389,14925,14389,14771,42890,0.0
2000-05-17,14619,14887,14045,14083,38020,-0.04657775370658723
2000-05-18,14389,14389,11978,11978,40120,-0.14947099339629344
2000-05-19,10218,11481,10218,11327,47150,-0.05434964100851558
2000-05-22,10409,11825,10409,10485,24490,-0.07433565816191401
2000-05-23,9146,11022,8917,10677,96710,0.018311874105865433
2000-05-24,10141,11787,10141,11633,44560,0.08953825981080832
2000-05-25,11481,13356,11481,13049,40950,0.12172268546376697
2000-05-26,13088,13088,11902,12667,49980,-0.02927427389071957
2000-05-29,12246,14045,12246,14006,59280,0.10570774453303855
2000-05-30,14007,14542,13892,14312,38230,0.021847779523061606
2000-05-31,14160,15384,13777,15307,54810,0.06952207937395194
2000-06-01,14695,15576,14695,15307,48640,0.0
2000-06-02,15231,15231,14695,14925,33010,-0.02495590252825508
2000-06-05,15078,15308,14734,14925,34240,0.0
2000-06-07,14963,15690,14198,15690,63640,0.0512562814070352
2000-06-08,15767,15920,15155,15613,30100,-0.004907584448693436
2000-06-09,14925,16341,14925,16340,48990,0.04656376096842374
2000-06-12,14160,16456,14160,16417,28070,0.004712362301101614
2000-06-13,16073,16303,14619,15690,23080,-0.04428336480477557
2000-06-14,15078,15997,15078,15652,14310,-0.0024219247928617404
2000-06-15,15690,15690,13318,13317,21870,-0.14918221313570146
2000-06-16,12782,12820,11328,11404,124320,-0.14365097244124048
2000-06-19,11404,11978,11404,11480,32010,0.006664328305857614
2000-06-20,11481,12017,11481,11786,16000,0.026655052264808354
2000-06-21,11787,12973,11787,12628,32650,0.07144069234685224
2000-06-22,12858,12858,12093,12399,16340,-0.01813430471967059
2000-06-23,11863,12093,11481,11863,19630,-0.04322929268489395
2000-06-26,11519,11863,11481,11672,10460,-0.016100480485543245
2000-06-27,11175,11863,11175,11519,16000,-0.013108293351610678
2000-06-28,11519,12170,11251,11863,19400,0.029863703446479706
2000-06-29,12017,12017,11328,11557,14060,-0.025794487060608606
2000-06-30,11557,12093,11404,11786,16910,0.019814830838452924
2000-07-03,11519,12017,11519,11863,15360,0.006533174953334386
2000-07-04,11940,12131,11557,11633,14690,-0.019388013150130612
2000-07-05,11481,11902,11251,11710,10640,0.006619100833834768
2000-07-06,11863,11863,11251,11480,16430,-0.01964133219470543
2000-07-07,11481,12629,11404,12628,39620,0.10000000000000009
2000-07-10,12629,13471,12629,13317,37110,0.054561292366170466
2000-07-11,12935,14083,12935,13394,41270,0.005782083051738329
2000-07-12,13394,14007,13088,13930,36310,0.04001791847095704
2000-07-13,13700,14083,13547,13776,26360,-0.011055276381909507
2000-07-14,13547,13930,13165,13394,15370,-0.027729384436701476
2000-07-18,12629,13012,11787,11786,31220,-0.12005375541287144
2000-07-19,11519,12055,11366,11863,23220,0.006533174953334386
2000-07-20,11557,11863,11328,11863,16050,0.0
2000-07-21,11863,13126,11596,12628,27230,0.06448621765152152
2000-07-24,13012,13394,12208,13241,56390,0.04854292049414011
2000-07-25,13012,13241,12782,13202,26210,-0.0029453968733479385
2000-07-26,13012,13394,12782,13241,26020,0.002954097863959948
2000-07-27,13241,13279,12476,13011,28710,-0.017370289253077598
2000-07-28,12399,12820,12017,12016,10990,-0.07647375297824921
2000-07-31,12017,12017,11251,11863,12950,-0.012733022636484681
2000-08-01,11634,12017,11557,11940,14000,0.00649076961982642
2000-08-02,11863,12093,11710,12093,14560,0.012814070351758744
2000-08-03,12093,12246,11787,11863,13080,-0.019019267344744906
2000-08-04,11634,11825,11481,11825,16600,-0.0032032369552389417
2000-08-07,11940,11940,11481,11480,8920,-0.029175475687103547
2000-08-08,11404,11749,11404,11480,9080,0.0
2000-08-09,11481,11634,11366,11519,10840,0.0033972125435539624
2000-08-10,11519,11519,11098,11289,10790,-0.01996701102526266
2000-08-11,11289,12973,10868,12246,35460,0.08477278766941265
2000-08-14,12629,12629,11825,12016,20690,-0.018781642985464586
2000-08-16,12017,12514,11825,12514,18760,0.041444740346205045
2000-08-17,12514,12514,12017,12016,8680,-0.03979542911938627
2000-08-18,11787,12323,11787,11863,20090,-0.012733022636484681
2000-08-21,11749,12017,11596,11595,10260,-0.022591250105369665
2000-08-22,11519,11710,11481,11480,17060,-0.009918068132815816
2000-08-23,11481,11710,11366,11365,12360,-0.010017421602787402
2000-08-24,11175,11404,10868,11174,12090,-0.01680598328200611
2000-08-25,11022,11481,10868,11327,10040,0.013692500447467282
2000-08-28,11634,11634,11098,11251,3800,-0.006709631853094367
2000-08-29,11098,11328,10945,10945,11880,-0.027197582437116674
2000-08-30,11060,11213,10868,10868,6210,-0.007035175879396949
2000-08-31,10868,11022,10371,10715,7100,-0.014078027235921997
2000-09-01,10486,10868,10486,10562,6370,-0.014279048063462474
2000-09-04,10333,10754,10333,10677,7640,0.010888089377012022
2000-09-05,10448,10792,10409,10562,6780,-0.01077081577222061
2000-09-06,10486,10677,10409,10600,4380,0.003597803446316883
2000-09-07,10639,10639,9797,9950,7410,-0.061320754716981174
2000-09-08,10027,10180,9146,9529,4410,-0.04231155778894469
2000-09-14,9491,9529,8802,9031,5430,-0.05226151747297725
2000-09-15,8917,9453,8917,9184,7480,0.01694164544347254
2000-09-18,8993,8993,7807,7806,8510,-0.15004355400696867
2000-09-19,7493,8075,7348,7845,9350,0.004996156802459684
2000-09-20,8037,8878,8037,8725,16100,0.11217335882727841
2000-09-21,8649,9108,7769,8380,9640,-0.03954154727793702
2000-09-22,8381,8381,7654,7845,8600,-0.06384248210023868
2000-09-25,7730,8343,7730,7883,9840,0.004843849585723481
2000-09-26,8037,8075,7730,7806,7830,-0.009767854877584692
2000-09-27,7883,8228,7807,8151,8400,0.04419677171406611
2000-09-28,8113,8304,7960,8227,5420,0.00932400932400923
2000-09-29,8266,8955,8037,8419,12970,0.023337790202990094
2000-10-02,8725,8725,8190,8189,6470,-0.02731915904501725
2000-10-04,8304,8802,8304,8610,9260,0.05141042862376355
2000-10-05,8419,9032,8419,8610,15870,0.0
2000-10-06,8725,9414,8611,8955,31990,0.04006968641114983
2000-10-09,9146,9491,8993,8993,24490,0.004243439419318706
2000-10-10,9108,9185,8840,8993,13390,0.0
2000-10-11,8993,9261,8419,8840,14730,-0.017013232514177745
2000-10-12,8725,10141,8725,9414,201860,0.06493212669683257
2000-10-13,9491,10218,8802,10026,135280,0.0650095602294456
2000-10-16,10333,10715,9797,10064,101120,0.0037901456213844664
2000-10-17,10065,10639,9453,9452,87840,-0.060810810810810856
2000-10-18,9414,9567,8955,8955,33610,-0.052581464240372355
2000-10-19,8878,9414,8840,9184,28950,0.025572305974316034
2000-10-20,9185,9567,9070,9414,40880,0.02504355400696867
2000-10-23,9529,9873,8993,8993,43860,-0.04472062885064798
2000-10-24,9185,9338,8725,9261,41410,0.029800956299343984
2000-10-25,9453,10601,9338,9796,178340,0.05776913940179251
2000-10-26,9529,11251,9491,10562,187280,0.07819518170681916
2000-10-27,10945,10945,10027,10103,69570,-0.043457678469986716
2000-10-30,9835,10294,9759,9796,41510,-0.03038701375828967
2000-10-31,9644,9644,8419,9414,30380,-0.0389955083707636
2000-11-01,9070,9873,9070,9414,30910,0.0
2000-11-02,9644,9644,9223,9567,29450,0.016252390057361454
2000-11-03,9414,9682,9261,9261,22310,-0.03198494825964249
2000-11-06,9108,9644,9032,9452,25410,0.02062412266493907
2000-11-07,9491,9567,9108,9184,16600,-0.028353787558188737
2000-11-08,8955,9185,8840,8840,23030,-0.03745644599303133
2000-11-09,8649,8993,8611,8801,9740,-0.004411764705882337
2000-11-10,8955,8955,8572,8801,12640,0.0
2000-11-13,8611,8993,8458,8687,5270,-0.012953073514373359
2000-11-14,8687,8878,8457,8610,8250,-0.008863819500402936
2000-11-15,8649,9185,8611,8725,25050,0.013356562137049943
2000-11-16,8687,9032,8649,8725,14920,0.0
2000-11-17,8687,8764,8572,8610,13530,-0.013180515759312339
2000-11-20,8725,8725,8266,8266,13850,-0.039953542392566765
2000-11-21,8037,8419,7807,7921,18320,-0.041737236873941486
2000-11-22,7883,8151,7883,8036,13260,0.014518368892816547
2000-11-23,7845,8190,7577,7577,11640,-0.05711796913887501
2000-11-24,7730,7922,7654,7730,7380,0.0201926883991026
2000-11-27,7883,8266,7654,8266,16270,0.06934023285899094
2000-11-28,8572,8649,8037,8036,15460,-0.027824824582627583
2000-11-29,7807,8113,7654,7653,10210,-0.0476605276256844
2000-11-30,7616,7960,7577,7806,8200,0.01999215993727943
2000-12-01,7463,7807,7463,7806,6240,0.0
2000-12-04,7424,7998,7424,7806,5170,0.0
2000-12-05,7807,7883,7631,7806,2770,0.0
2000-12-06,7807,7960,7654,7653,6870,-0.019600307455803212
2000-12-07,7654,7807,7424,7577,7560,-0.009930746112635558
2000-12-08,7577,7730,7424,7539,6410,-0.005015177510888202
2000-12-11,7577,7845,7577,7577,7450,0.0050404562939381226
2000-12-12,7631,8687,7577,8227,59890,0.08578593110729837
2000-12-13,8381,8955,8075,8419,61640,0.023337790202990094
2000-12-14,8419,9644,8419,9414,109640,0.11818505760779185
2000-12-15,9185,9414,8840,9108,33970,-0.0325047801147228
2000-12-18,8687,9108,8611,8610,19290,-0.054677206851119875
2000-12-19,8266,9185,8266,8725,96920,0.013356562137049943
2000-12-20,8572,8649,8113,8304,37030,-0.0482521489971347
2000-12-21,8113,8113,7654,7653,14050,-0.07839595375722541
2000-12-22,7501,8190,7501,7615,10480,-0.004965373056317834
2000-12-26,7501,7883,7501,7653,13390,0.0049901510177281505
2001-01-02,6988,7654,6988,7500,9700,-0.01999215993727954
2001-01-03,7386,7654,7271,7562,16800,0.008266666666666644
2001-01-04,7883,8037,7623,7883,21780,0.04244908754297816
2001-01-05,7883,7883,7577,7653,25050,-0.029176709374603593
2001-01-08,7883,7883,7516,7653,14540,0.0
2001-01-09,7654,8151,7654,7806,24950,0.01999215993727943
2001-01-10,8037,8151,7807,7883,30420,0.009864207020240823
2001-01-11,7998,8266,7807,7960,33510,0.00976785487758458
2001-01-12,8037,8534,7883,8266,53820,0.038442211055276454
2001-01-15,8266,8419,8037,8113,41280,-0.018509557222356587
2001-01-16,8113,8381,7118,7806,50800,-0.03784050289658569
2001-01-17,7730,7730,7554,7607,27460,-0.02549321035101204
2001-01-18,7639,7807,7501,7638,22010,0.004075193900354934
2001-01-19,7639,7807,7562,7562,22200,-0.00995024875621886
2001-01-22,7616,7639,7463,7508,44710,-0.007140967997884107
2001-01-26,7539,7646,7501,7577,14070,0.009190197123068788
2001-01-29,7769,7807,7531,7653,14020,0.010030355021776405
2001-01-30,7769,7807,7600,7692,36610,0.005096040768326038
2001-01-31,7769,7769,7539,7615,17710,-0.01001040041601664
2001-02-01,7654,7922,7539,7692,34170,0.010111621799080872
2001-02-02,7769,8419,7769,8036,85300,0.04472178887155476
2001-02-05,8151,8534,7922,8304,76700,0.03334992533598813
2001-02-06,8419,8419,7960,8151,40320,-0.01842485549132944
2001-02-07,8266,8266,7883,7883,22000,-0.03287940130045397
2001-02-08,7807,8113,7807,7806,19790,-0.009767854877584692
2001-02-09,7845,7998,7807,7883,18650,0.009864207020240823
2001-02-12,8037,8037,7807,7921,20810,0.004820499809717216
2001-02-13,7883,8075,7883,7998,20620,0.009720994823885887
2001-02-14,7845,7998,7807,7883,20720,-0.014378594648662202
2001-02-15,7960,8496,7960,8342,77370,0.058226563491056815
2001-02-16,8113,8343,7922,8074,26180,-0.03212658834811799
2001-02-19,8113,8343,8075,8189,22240,0.01424324993807291
2001-02-20,8075,8419,8075,8380,30460,0.023323971180852388
2001-02-21,8304,8955,8190,8572,57330,0.022911694510739933
2001-02-22,8419,8496,8037,8113,33310,-0.05354643023798411
2001-02-23,8037,8419,8037,8266,21200,0.018858621964747968
2001-02-26,8419,8917,8266,8763,123590,0.06012581659811267
2001-02-27,8955,9108,8419,8534,64930,-0.026132602989843656
2001-02-28,8649,8993,8419,8648,78670,0.01335833138036091
2001-03-02,8878,9338,8611,8801,154880,0.017691951896392277
2001-03-05,8802,9414,8496,9146,126780,0.03920009089876153
2001-03-06,9338,9797,8917,9108,221460,-0.00415482178001314
2001-03-07,9032,9797,8955,9261,162990,0.01679841897233203
2001-03-08,9261,9338,8687,8840,75400,-0.04545945362271897
2001-03-09,8955,9146,8572,8840,68360,0.0
2001-03-12,8534,8993,7807,7806,54350,-0.11696832579185523
2001-03-13,7883,8037,7585,7692,40880,-0.014604150653343528
2001-03-14,7807,8151,7769,7883,39800,0.024830993239729482
2001-03-15,7654,7769,7577,7730,30550,-0.0194088544970189
2001-03-16,7807,7960,7639,7806,32400,0.009831824062095817
2001-03-19,7654,7883,7654,7730,17680,-0.00973610043556239
2001-03-20,7883,8190,7730,7883,32220,0.019793014230271577
2001-03-21,7883,7922,7577,7768,22230,-0.014588354687301797
2001-03-22,7730,7883,7654,7653,11360,-0.014804325437693056
2001-03-23,7654,7769,7623,7692,10190,0.005096040768326038
2001-03-26,7730,7883,7730,7806,13240,0.014820592823712841
2001-03-27,7960,7960,7654,7653,12500,-0.019600307455803212
2001-03-28,7769,7769,7654,7730,20660,0.010061413824643983
2001-03-29,7654,7654,7585,7592,7920,-0.017852522639068558
2001-03-30,7508,7692,7424,7500,15760,-0.012118018967333999
2001-04-02,7462,7462,7248,7271,12650,-0.0305333333333333
2001-04-03,7195,7348,6965,7255,10180,-0.00220052262412318
2001-04-04,7187,7271,7011,7049,5840,-0.028394210889042037
2001-04-06,7264,7264,7080,7209,4670,0.02269825507164147
2001-04-09,7049,7195,6965,7072,5370,-0.0190040227493411
2001-04-10,7003,7195,6965,7102,9250,0.004242081447963786
2001-04-11,7118,7271,7103,7232,5250,0.018304702900591385
2001-04-12,7271,7470,7126,7347,4900,0.015901548672566435
2001-04-13,7195,7386,7195,7286,2740,-0.008302708588539542
2001-04-16,7286,7340,7080,7240,4110,-0.006313477902827325
2001-04-17,7271,7271,7087,7194,5940,-0.006353591160220939
2001-04-18,7118,7271,7118,7232,15370,0.005282179594106262
2001-04-19,7348,7485,7348,7462,20940,0.03180309734513265
2001-04-20,7562,7562,7317,7347,5270,-0.0154114178504422
2001-04-23,7355,7424,7233,7271,12110,-0.010344358241459073
2001-04-24,7195,7256,7118,7194,5870,-0.010590015128593033
2001-04-25,7271,7309,7195,7294,10140,0.01390047261606897
2001-04-26,7294,7294,7195,7248,8280,-0.006306553331505316
2001-04-27,7133,7271,7133,7148,2110,-0.013796909492273746
2001-04-30,7164,7248,7149,7248,17450,0.013989927252378243
2001-05-02,7386,7386,7202,7271,11580,0.003173289183223016
2001-05-03,7233,7271,7179,7186,15240,-0.011690276440654679
2001-05-04,7195,7225,7110,7171,12700,-0.0020873921514055205
2001-05-07,7195,7248,7118,7179,8430,0.0011156045181983654
2001-05-08,7233,7348,7195,7278,24490,0.013790221479314635
2001-05-09,7332,7348,7187,7263,13680,-0.002061005770816138
2001-05-10,7279,7378,7233,7347,14510,0.011565468814539459
2001-05-11,7386,7424,7309,7347,11640,0.0
2001-05-14,7417,7600,7363,7485,17330,0.018783176806860036
2001-05-15,7485,7562,7401,7493,13620,0.0010688042752171611
2001-05-16,7348,7493,7348,7355,8430,-0.01841718937675163
2001-05-17,7363,7463,7355,7424,15830,0.0093813732154997
2001-05-18,7424,7440,7317,7385,8330,-0.005253232758620663
2001-05-21,7386,7493,7386,7454,23070,0.00934326337169944
2001-05-22,7485,7524,7447,7462,14270,0.0010732492621410294
2001-05-23,7462,7646,7462,7646,18630,0.02465826856070752
2001-05-24,7646,7960,7646,7730,22980,0.010986136541982772
2001-05-25,7845,8113,7692,7768,20660,0.004915912031047798
2001-05-28,8037,8037,7692,7692,10120,-0.009783728115345003
2001-05-29,7769,7922,7730,7730,9860,0.0049401976079042065
2001-05-30,7807,7807,7646,7692,10640,-0.004915912031047909
2001-05-31,7654,7654,7531,7531,7720,-0.02093083723348932
2001-06-01,7616,7616,7501,7539,8160,0.0010622759261718073
2001-06-04,7516,7883,7463,7806,14480,0.03541583764424994
2001-06-05,7922,8113,7730,7806,43340,0.0
2001-06-07,7654,7730,7585,7600,9060,-0.026389956443761187
2001-06-08,7639,7730,7539,7730,9090,0.017105263157894735
2001-06-11,7730,7730,7593,7646,36950,-0.010866752910737354
2001-06-12,7577,8037,7577,7921,54890,0.03596651844101495
2001-06-13,7922,8381,7883,8036,43330,0.014518368892816547
2001-06-14,8037,8113,7883,7960,25930,-0.009457441513190612
2001-06-15,7883,8113,7807,8113,17450,0.019221105527638116
2001-06-18,7922,8725,7922,8342,54980,0.028226303463577018
2001-06-19,8419,8572,7960,7998,40510,-0.04123711340206182
2001-06-20,8151,8151,7807,7845,17360,-0.019129782445611365
2001-06-21,7845,7998,7845,7883,6810,0.004843849585723481
2001-06-22,7883,8075,7883,7883,8800,0.0
2001-06-25,7960,7960,7769,7806,6240,-0.009767854877584692
2001-06-26,7730,7807,7516,7516,13450,-0.037150909556751266
2001-06-27,7577,7654,7394,7493,14340,-0.0030601383714742303
2001-06-28,7570,7577,7432,7431,10270,-0.00827438943013481
2001-06-29,7440,7440,7348,7385,7260,-0.006190283945633146
2001-07-02,7463,7554,7463,7539,2980,0.020853080568720372
2001-07-03,7577,7608,7470,7539,5570,0.0
2001-07-04,7501,7616,7424,7493,4820,-0.006101604987398868
2001-07-05,7462,7462,7424,7431,7890,-0.00827438943013481
2001-07-06,7355,7478,7348,7408,6190,-0.003095141972816573
2001-07-09,7309,7309,7080,7148,10380,-0.03509719222462204
2001-07-10,7424,7654,7156,7248,11010,0.013989927252378243
2001-07-11,7195,7195,7042,7118,5800,-0.017935982339955858
2001-07-12,7271,7271,7118,7271,5350,0.02149480191064912
2001-07-13,7156,7294,7126,7263,8700,-0.0011002613120616456
2001-07-16,7386,7386,7195,7378,11420,0.015833677543714675
2001-07-18,7340,7340,7133,7133,8700,-0.03320683111954459
2001-07-19,7248,7248,7034,7225,7100,0.012897798962568263
2001-07-20,7080,7187,7057,7072,7180,-0.02117647058823524
2001-07-23,7042,7118,6927,7079,2990,0.0009898190045249944
2001-07-24,7042,7042,6697,6781,4050,-0.042096341291142814
2001-07-25,6781,6858,6735,6750,6980,-0.004571597109570891
2001-07-26,6751,6881,6743,6857,3250,0.015851851851851784
2001-07-27,6850,6919,6797,6888,7180,0.0045209275193234255
2001-07-30,6888,6904,6827,6903,5890,0.00217770034843201
2001-07-31,6888,6904,6812,6888,4480,-0.0021729682746631784
2001-08-01,7026,7026,6873,6987,7090,0.014372822299651533
2001-08-02,6904,6965,6888,6903,2750,-0.012022327179046832
2001-08-03,6965,6965,6896,6903,3460,0.0
2001-08-06,6957,7026,6888,6934,2010,0.004490801100970554
2001-08-07,6934,7042,6934,7041,1290,0.015431208537640684
2001-08-08,7019,7019,6934,7003,550,-0.005396960658997307
2001-08-09,6919,6957,6888,6957,680,-0.006568613451377936
2001-08-10,6957,7003,6911,6957,1170,0.0
2001-08-13,6965,6965,6865,6873,3290,-0.012074169900819332
2001-08-14,6942,7034,6835,7003,4270,0.018914593336243346
2001-08-16,6965,7003,6812,7003,2100,0.0
2001-08-17,6988,7042,6888,6888,1230,-0.016421533628445006
2001-08-20,6888,7026,6888,6888,1730,0.0
2001-08-21,6904,6904,6866,6865,1310,-0.0033391405342624303
2001-08-22,6888,6888,6850,6888,1550,0.003350327749453763
2001-08-23,6888,6888,6812,6819,1300,-0.010017421602787402
2001-08-24,6735,6835,6735,6834,420,0.002199736031676114
2001-08-27,6957,6957,6781,6811,3840,-0.0033655253146034347
2001-08-28,6812,6812,6705,6750,5020,-0.008956100425781877
2001-08-29,6735,6774,6705,6735,1830,-0.0022222222222222365
2001-08-30,6544,6735,6544,6727,250,-0.0011878247958425625
2001-08-31,6605,6735,6429,6735,1570,0.0011892374015163298
2001-09-03,6429,6705,6429,6651,160,-0.012472160356347461
2001-09-04,6360,6720,6360,6720,1050,0.010374379792512434
2001-09-05,6575,6575,6575,6574,310,-0.02172619047619051
2001-09-06,6636,6636,6506,6505,140,-0.010495892911469462
2001-09-07,6506,6506,6360,6475,3720,-0.004611837048424272
2001-09-10,6506,6605,6460,6589,340,0.017606177606177553
2001-09-11,6590,6590,6406,6521,1760,-0.010320230687509535
2001-09-12,5549,5740,5549,5549,8590,-0.14905689311455295
2001-09-13,4983,5572,4983,5495,7080,-0.009731483150117182
2001-09-14,5358,5365,4676,4844,10530,-0.11847133757961781
2001-09-17,4516,4516,4125,4485,11060,-0.07411230388109002
2001-09-18,4485,4929,4485,4929,3490,0.09899665551839454
2001-09-19,4615,5243,4615,5151,4160,0.04503956177723678
2001-09-20,5128,5503,5128,5434,1870,0.05494078819646675
2001-09-21,5358,5358,4937,4936,930,-0.09164519690835482
2001-09-24,4753,5082,4646,4967,4150,0.00628038897893024
2001-09-25,5059,5281,5006,5059,1180,0.018522246829071776
2001-09-26,4975,5151,4975,5151,740,0.018185412136785928
2001-09-27,4975,5128,4975,5120,620,-0.006018248883711941
2001-09-28,5059,5350,5059,5350,2570,0.044921875
2001-10-04,5258,5511,5243,5503,4380,0.028598130841121394
2001-10-05,5503,5503,5281,5357,2460,-0.026530983100127248
2001-10-08,5289,5450,5082,5449,5250,0.017173791301101415
2001-10-09,5549,5610,5373,5480,1850,0.00568911726922372
2001-10-10,5580,5580,5396,5564,540,0.01532846715328473
2001-10-11,5572,5610,5472,5610,2750,0.008267433501078392
2001-10-12,5626,5626,5495,5587,1460,-0.004099821746880616
2001-10-15,5587,5649,5557,5587,1650,0.0
2001-10-16,5587,5664,5511,5587,3290,0.0
2001-10-17,5656,5970,5534,5916,6950,0.058886701270807196
2001-10-18,5756,5817,5626,5656,4920,-0.04394861392832994
2001-10-19,5511,5725,5511,5587,550,-0.012199434229137163
2001-10-22,5771,5771,5587,5740,1150,0.027385000894934564
2001-10-23,5702,5855,5702,5793,1850,0.00923344947735183
2001-10-24,5840,5848,5664,5663,2670,-0.022440876920421182
2001-10-25,5603,5771,5603,5771,220,0.019071163694154958
2001-10-26,5587,5763,5587,5633,1650,-0.023912666782186842
2001-10-29,5740,5740,5557,5556,2030,-0.013669447896325182
2001-10-30,5564,5618,5473,5472,1420,-0.015118790496760237
2001-10-31,5442,5610,5434,5610,940,0.025219298245614086
2001-11-01,5656,6123,5656,5947,5810,0.060071301247771824
2001-11-02,5947,6085,5756,5885,2900,-0.010425424583823784
2001-11-05,5886,6001,5756,5778,850,-0.018181818181818188
2001-11-06,5855,5932,5786,5839,950,0.010557286258220833
2001-11-07,5840,6008,5771,5970,2020,0.022435348518581977
2001-11-08,5970,6100,5794,5832,28460,-0.02311557788944718
2001-11-09,6123,6123,5855,5962,32170,0.02229080932784644
2001-11-12,5985,6108,5985,6038,4880,0.01274740020127485
2001-11-13,5970,6077,5970,6015,2240,-0.0038092083471348293
2001-11-14,5985,6115,5985,6115,4030,0.01662510390689942
2001-11-15,6008,6123,5786,5947,7400,-0.02747342600163527
2001-11-16,5855,5924,5779,5832,2610,-0.0193374810828989
2001-11-19,5932,5955,5855,5855,4420,0.003943758573388134
2001-11-20,5893,5924,5694,5855,8190,0.0
2001-11-21,5817,5916,5786,5855,4870,0.0
2001-11-22,5886,5916,5817,5893,2810,0.006490179333902724
2001-11-23,5932,5985,5893,5893,6920,0.0
2001-11-26,5893,6001,5893,5970,7900,0.013066349906668995
2001-11-27,5932,5970,5863,5962,5210,-0.0013400335008375563
2001-11-28,5916,5916,5771,5771,4210,-0.03203622945320361
2001-11-29,5740,5802,5626,5656,5290,-0.01992722231848898
2001-11-30,5656,5702,5587,5625,9430,-0.0054809052333805175
2001-12-03,5626,5694,5626,5671,4160,0.00817777777777784
2001-12-04,5702,5825,5702,5702,4120,0.00546640804090992
2001-12-05,5779,5794,5702,5748,3240,0.008067344791301334
2001-12-06,5748,6605,5748,6161,159690,0.07185107863604734
2001-12-07,6200,6353,5970,6337,18450,0.028566791105339995
2001-12-10,6399,6399,6123,6260,5670,-0.012150860028404598
2001-12-11,6131,6276,5993,6038,4360,-0.035463258785942475
2001-12-12,6047,6115,5962,5977,4380,-0.010102683007618407
2001-12-13,5993,6001,5893,5970,6230,-0.0011711560983771463
2001-12-14,5970,6047,5939,6046,5740,0.012730318257956341
2001-12-17,6230,6284,5970,6214,13430,0.027786966589480544
2001-12-18,5993,6184,5993,6038,2960,-0.028323141293852605
2001-12-19,5985,6008,5779,5778,7280,-0.04306061609804568
2001-12-20,5740,6001,5679,5755,3320,-0.003980616130148884
2001-12-21,5893,5932,5763,5862,1920,0.018592528236316186
2001-12-24,5886,5962,5626,5625,11300,-0.04042988741044007
2001-12-26,5740,5817,5702,5740,10790,0.020444444444444487
2001-12-27,5740,5740,5488,5702,3400,-0.0066202090592334395
2001-12-28,5955,5955,5878,5878,4140,0.030866362679761394
2002-01-02,5786,5855,5626,5809,3280,-0.011738686628104844
2002-01-03,5871,5871,5717,5816,6140,0.0012050266827337008
2002-01-04,5802,5878,5694,5816,6050,0.0
2002-01-07,5848,5848,5756,5824,2440,0.0013755158184318717
2002-01-08,5740,5855,5702,5855,5570,0.005322802197802234
2002-01-09,5893,5916,5817,5816,13770,-0.006660973526900094
2002-01-10,5878,5878,5702,5778,11050,-0.006533700137551612
2002-01-11,5702,5886,5702,5878,15410,0.017307026652821023
2002-01-14,5893,5985,5863,5862,4170,-0.002722014290575059
2002-01-15,5779,5932,5763,5878,8680,0.0027294438758103112
2002-01-16,5756,5924,5756,5893,16130,0.0025518883974140483
2002-01-17,5932,5932,5794,5847,8990,-0.007805871372815187
2002-01-18,5802,5932,5748,5839,7230,-0.0013682230203523327
2002-01-21,5924,5924,5710,5748,8980,-0.015584860421305025
2002-01-22,5748,5840,5671,5839,4950,0.015831593597773086
2002-01-23,5825,5916,5756,5916,13800,0.013187189587258175
2002-01-24,5763,5955,5740,5908,14160,-0.0013522650439485862
2002-01-25,5932,5932,5779,5893,18350,-0.002538930264048722
2002-01-28,5901,6261,5901,6031,20530,0.023417614118445673
2002-01-29,6031,6047,5863,5931,9050,-0.016580998176090156
2002-01-30,5870,6353,5870,6123,16900,0.03237228123419311
2002-01-31,6238,6582,6169,6582,26910,0.07496325330720244
2002-02-01,6812,6812,6360,6368,22090,-0.03251291400790035
2002-02-04,6429,6575,6284,6322,9410,-0.007223618090452244
2002-02-05,6322,6322,6161,6260,9060,-0.009807023093957645
2002-02-06,6276,6445,6200,6406,2700,0.02332268370607027
2002-02-07,6314,6391,6200,6207,5460,-0.031064626912269744
2002-02-08,6200,6230,6062,6191,15140,-0.0025777348155308077
2002-02-14,6284,6291,6085,6268,4150,0.012437409142303402
2002-02-15,6268,6268,6123,6253,4950,-0.0023931078493937274
2002-02-18,6238,6422,6238,6383,21410,0.02079002079002068
2002-02-19,6506,6506,6291,6429,5005,0.00720664264452453
2002-02-20,6391,6475,6123,6345,5070,-0.013065795613625752
2002-02-21,6353,7294,6353,7294,70265,0.1495665878644603
2002-02-22,7371,7531,6812,7141,30205,-0.02097614477652865
2002-02-25,7264,7264,6942,6942,16750,-0.027867245483825798
2002-02-26,7118,7118,6674,6689,8150,-0.03644482857966003
2002-02-27,6735,6781,6582,6766,9714,0.011511436687098309
2002-02-28,6774,7386,6774,6926,15610,0.023647650014779753
2002-03-04,7042,7378,6904,7156,18410,0.03320820098180777
2002-03-05,7195,7409,7042,7049,5860,-0.01495248742314137
2002-03-06,6973,7019,6888,6888,6460,-0.022840119165839168
2002-03-07,6996,6996,6911,6995,7310,0.015534262485481953
2002-03-08,7118,7195,6888,7072,9520,0.011007862759113696
2002-03-11,7042,7080,6965,7064,4050,-0.0011312217194570096
2002-03-12,6965,7049,6934,6995,8230,-0.009767836919592265
2002-03-13,7042,7042,6888,6888,6290,-0.01529664045746959
2002-03-14,6911,6988,6888,6965,6220,0.011178861788617933
2002-03-15,7003,7187,6973,7171,13810,0.029576453697056637
2002-03-18,7348,7807,7348,7653,17240,0.06721517222144757
2002-03-19,7593,7646,7279,7355,12130,-0.03893897817849212
2002-03-20,7478,7616,7348,7363,9320,0.0010876954452754273
2002-03-21,7363,7501,7271,7500,7190,0.01860654624473712
2002-03-22,7501,7501,7286,7401,10240,-0.01319999999999999
2002-03-25,7424,7470,7279,7278,5590,-0.016619375760032473
2002-03-26,7264,7264,7087,7179,1056,-0.013602638087386598
2002-03-27,7225,7225,7118,7118,3900,-0.008497005153921156
2002-03-28,7118,7179,7003,7118,5420,0.0
2002-03-29,7072,7164,6927,7041,3370,-0.010817645406012932
2002-04-01,7118,7118,6881,6880,1960,-0.022866070160488583
2002-04-02,6529,6927,6529,6919,740,0.005668604651162701
2002-04-03,6919,7003,6682,6965,2500,0.006648359589536135
2002-04-04,6965,6965,6544,6811,2540,-0.022110552763819125
2002-04-08,7057,7110,6559,6597,11996,-0.03141976214946407
2002-04-09,6613,6735,6582,6651,3880,0.008185538881309684
2002-04-10,6506,6613,6376,6536,4660,-0.01729063298752065
2002-04-11,6567,6575,6429,6574,300,0.005813953488372103
2002-04-12,6207,6498,6207,6352,4370,-0.03376939458472772
2002-04-15,6353,6406,6177,6375,3300,0.003620906801007573
2002-04-16,6391,6467,6353,6421,6380,0.007215686274509858
2002-04-17,6391,6498,6330,6413,3290,-0.001245911851736503
2002-04-18,6414,6575,6330,6544,2590,0.020427257133946775
2002-04-19,6544,6774,6368,6398,3590,-0.022310513447432734
2002-04-22,6207,6353,6200,6199,7390,-0.031103469834323216
2002-04-23,6276,6276,6054,6054,1760,-0.023390869495079847
2002-04-24,6123,6123,5916,6023,2610,-0.005120581433762816
2002-04-25,6024,6024,5740,5885,530,-0.022912170014942723
2002-04-26,5886,6276,5763,6276,4660,0.06644010195412076
2002-04-29,5779,6253,5779,5970,700,-0.04875717017208414
2002-04-30,5970,6047,5970,6046,70,0.012730318257956341
2002-05-02,6123,6123,6115,6123,40,0.01273569302017874
2002-05-03,6353,6353,5840,6161,1240,0.0062061081169362264
2002-05-06,6253,6253,5909,6176,230,0.002434669696477876
2002-05-07,5901,6108,5901,5970,680,-0.033354922279792754
2002-05-08,5886,6123,5886,6038,160,0.011390284757119007
2002-05-09,6123,6200,6077,6123,490,0.014077509108976427
2002-05-10,6123,6123,6047,6046,710,-0.01257553486852847
2002-05-13,6161,6161,6161,6161,10,0.019020840224942104
2002-05-14,5909,6161,5909,6008,580,-0.024833630904073978
2002-05-15,6123,6123,6123,6123,10,0.019141145139813576
2002-05-16,6123,6184,6008,6069,1390,-0.00881920627143562
2002-05-17,6047,6070,5970,6069,1470,0.0
2002-05-20,6070,6100,6047,6084,80,0.0024715768660406034
2002-05-21,6123,6123,6047,6046,590,-0.0062458908612754716
2002-05-22,5916,6039,5840,6008,1000,-0.006285147204763475
2002-05-23,5840,6001,5840,5855,380,-0.025466045272969362
2002-05-24,5740,5848,5702,5702,2500,-0.026131511528608042
2002-05-27,5626,5848,5595,5801,1250,0.017362329007365895
2002-05-28,5794,5916,5794,5908,850,0.018445095673159884
2002-05-29,5740,5893,5740,5893,410,-0.002538930264048722
2002-05-30,5886,5886,5886,5885,10,-0.0013575428474461582
2002-05-31,5733,5901,5557,5901,190,0.0027187765505523043
2002-06-03,5595,5794,5595,5793,90,-0.018301982714794107
2002-06-04,5518,5649,5396,5648,720,-0.025030208872777515
2002-06-05,5205,5641,5205,5357,2140,-0.051522662889518456
2002-06-07,5358,5358,5289,5311,820,-0.008586895650550708
2002-06-10,5350,5717,5350,5472,2010,0.030314441724722307
2002-06-11,5518,5518,5434,5449,860,-0.004203216374269014
2002-06-12,5450,5725,5450,5663,9150,0.03927326114883467
2002-06-14,5702,5702,5503,5503,1210,-0.028253575843192658
2002-06-17,5511,5518,5373,5518,880,0.002725785934944547
2002-06-18,5664,5664,5442,5495,1580,-0.004168176875679608
2002-06-19,5442,5442,5128,5350,4080,-0.02638762511373971
2002-06-20,5342,5358,5128,5350,190,0.0
2002-06-21,5212,5342,5212,5342,770,-0.0014953271028037562
2002-06-24,5281,5281,4623,5158,1260,-0.0344440284537626
2002-06-25,5113,5159,4998,4997,610,-0.031213648701046925
2002-06-26,4784,4990,4615,4668,690,-0.06583950370222136
2002-06-27,4707,4883,4592,4875,1990,0.04434447300771205
2002-06-28,4684,4975,4684,4852,5590,-0.004717948717948728
2002-07-02,4822,4876,4799,4875,2130,0.004740313272877161
2002-07-03,4876,4876,4745,4768,3120,-0.021948717948718
2002-07-04,4807,4952,4807,4883,2840,0.02411912751677847
2002-07-05,4906,5082,4898,5082,2900,0.04075363506041363
2002-07-08,5136,5189,5082,5166,200,0.016528925619834656
2002-07-09,5128,5197,5128,5196,720,0.005807200929152101
2002-07-10,5151,5166,4990,5013,1730,-0.035219399538106266
2002-07-11,5044,5128,4983,5051,8480,0.007580291242768711
2002-07-12,5067,5189,5067,5189,480,0.027321322510393875
2002-07-15,5013,5166,5013,5166,120,-0.004432453266525305
2002-07-16,4990,5090,4967,5074,460,-0.01780874951606659
2002-07-18,5013,5013,4975,5005,410,-0.013598738667717769
2002-07-19,4898,4975,4745,4944,430,-0.012187812187812175
2002-07-22,4753,4753,4546,4592,2810,-0.07119741100323629
2002-07-23,4592,4669,4592,4668,1170,0.016550522648083543
2002-07-24,4669,4699,4585,4676,2230,0.001713796058269157
2002-07-25,4722,4799,4669,4668,2150,-0.0017108639863130382
2002-07-26,4676,4722,4592,4661,520,-0.0014995715509854568
2002-07-29,4592,4638,4592,4592,1670,-0.014803690195237085
2002-07-30,4676,4699,4631,4684,3170,0.020034843205574804
2002-07-31,4669,4722,4669,4668,2690,-0.0034158838599487318
2002-08-01,4676,4730,4631,4730,6000,0.013281919451585189
2002-08-02,4707,5113,4707,4852,920,0.02579281183932336
2002-08-05,4745,4814,4707,4814,420,-0.007831821929101368
2002-08-06,4707,4738,4592,4722,2160,-0.01911092646447865
2002-08-07,4676,4791,4661,4783,1020,0.012918254976704846
2002-08-08,4822,4891,4745,4760,4050,-0.004808697470206957
2002-08-09,4898,4967,4822,4821,3410,0.012815126050420123
2002-08-12,4830,4830,4822,4821,90,0.0
2002-08-13,4830,4868,4753,4867,160,0.00954158888197476
2002-08-14,4860,4868,4822,4867,200,0.0
2002-08-16,4944,4944,4822,4890,950,0.004725703718923446
2002-08-19,4891,4937,4860,4936,650,0.009406952965235194
2002-08-20,4898,4975,4898,4936,540,0.0
2002-08-21,4921,4952,4921,4952,260,0.0032414910858995505
2002-08-22,4975,5006,4898,4952,340,0.0
2002-08-23,5036,5036,4944,4975,340,0.004644588045234155
2002-08-26,4975,4975,4898,4975,3420,0.0
2002-08-27,4944,4975,4937,4952,4200,-0.004623115577889414
2002-08-28,4929,5013,4860,4997,1760,0.00908723747980611
2002-08-29,4998,5090,4998,5082,2870,0.0170102061236741
2002-08-30,5235,5235,4975,5181,7260,0.01948051948051943
2002-09-02,5335,5335,5159,5250,1140,0.013317892298783995
2002-09-03,5251,5281,5097,5128,900,-0.02323809523809528
2002-09-04,4975,5052,4975,5051,1480,-0.01501560062402496
2002-09-05,5090,5128,4975,5128,3750,0.015244506038408323
2002-09-06,5052,5182,5052,5128,1000,0.0
2002-09-09,5136,5143,4975,4975,2960,-0.029836193447737913
2002-09-10,4983,5189,4983,5151,1430,0.03537688442211051
2002-09-11,5067,5526,5067,5311,8200,0.031061929722383974
2002-09-12,5511,5511,5289,5296,7440,-0.002824326868762994
2002-09-13,5427,5427,5166,5273,800,-0.004342900302114816
2002-09-16,5251,5350,5220,5350,920,0.01460269296415695
2002-09-17,5358,5419,5312,5357,4620,0.0013084112149532867
2002-09-18,5243,5319,5212,5273,970,-0.015680418144483843
2002-09-19,5274,5274,5205,5219,2320,-0.010240849611226954
2002-09-23,4990,5228,4990,5097,1120,-0.023376125694577476
2002-09-24,5097,5274,5097,5189,6950,0.018049833235236346
2002-09-25,5136,5166,4998,5082,2140,-0.020620543457313567
2002-09-26,5159,5159,5021,5112,1390,0.005903187721369552
2002-09-27,5159,5319,5143,5204,3360,0.017996870109546093
2002-09-30,5159,5159,4975,5089,990,-0.022098385857033054
2002-10-01,5090,5243,5006,5128,9040,0.0076635881312634435
2002-10-02,5090,5151,5052,5128,4079,0.0
2002-10-04,5006,5205,5006,5097,2430,-0.006045241809672364
2002-10-07,5159,5159,5006,5020,4040,-0.015106925642534796
2002-10-08,5342,5342,5059,5166,1610,0.02908366533864548
2002-10-09,5128,5205,5105,5128,4190,-0.007355787843592698
2002-10-10,5097,5097,4868,5005,2050,-0.023985959438377558
2002-10-11,5159,5166,4876,4875,4260,-0.025974025974025983
2002-10-14,4891,4906,4768,4837,4180,-0.007794871794871816
2002-10-15,4845,4937,4822,4860,3470,0.004755013438081379
2002-10-16,4952,4952,4860,4913,920,0.010905349794238628
2002-10-17,4921,4921,4837,4837,2450,-0.015469163443924239
2002-10-18,4898,4944,4868,4936,2910,0.02046723175522014
2002-10-21,4975,4975,4914,4913,950,-0.004659643435980576
2002-10-22,4983,4983,4807,4936,2690,0.004681457358029828
2002-10-23,4868,4952,4868,4944,41,0.0016207455429497752
2002-10-24,4952,5036,4891,4967,2520,0.004652103559870557
2002-10-25,4898,4960,4868,4883,3200,-0.016911616670022167
2002-10-28,4898,4967,4898,4959,3570,0.015564202334630295
2002-10-29,4898,4990,4898,4906,2710,-0.010687638636821983
2002-10-30,4898,4952,4853,4867,1310,-0.00794944965348554
2002-10-31,4944,4944,4868,4883,1010,0.00328744606533804
2002-11-01,4784,4883,4784,4821,3420,-0.012697112430882673
2002-11-04,4791,4891,4791,4883,1460,0.012860402406139837
2002-11-05,4967,4967,4822,4890,1680,0.0014335449518738663
2002-11-06,4883,4914,4860,4898,1060,0.0016359918200408163
2002-11-07,4868,4876,4830,4875,770,-0.004695794201714953
2002-11-08,4914,4914,4875,4883,1440,0.0016410256410257507
2002-11-11,4860,5381,4822,4952,4560,0.014130657382756429
2002-11-12,4898,4898,4845,4898,330,-0.010904684975767354
2002-11-13,4906,4921,4860,4867,590,-0.006329113924050667
2002-11-14,4906,4906,4876,4906,180,0.008013149784261264
2002-11-15,4891,4960,4876,4936,6230,0.006114961271912023
2002-11-18,4898,4960,4860,4929,5450,-0.0014181523500810256
2002-11-19,4914,4937,4822,4875,3000,-0.010955569080949523
2002-11-20,4875,4929,4837,4929,3790,0.011076923076922984
2002-11-21,4967,4967,4906,4944,1330,0.003043213633597164
2002-11-22,4952,4967,4868,4929,1510,-0.0030339805825242427
2002-11-25,4944,4944,4898,4929,1060,0.0
2002-11-26,4898,4929,4883,4898,720,-0.0062893081761006275
2002-11-27,4898,4952,4830,4952,6650,0.01102490812576562
2002-11-28,4944,4952,4883,4944,4110,-0.001615508885298822
2002-11-29,4921,4952,4921,4952,250,0.0016181229773462036
2002-12-02,4960,5036,4937,5036,3780,0.01696284329563813
2002-12-03,5143,5143,5036,5128,1100,0.018268467037331204
2002-12-04,5166,5166,5013,5013,1610,-0.02242589703588138
2002-12-05,5120,5120,4983,5043,270,0.005984440454817497
2002-12-06,4983,5120,4983,5120,260,0.015268689272258662
2002-12-09,4998,5082,4990,5066,930,-0.010546874999999956
2002-12-10,5013,5021,4975,5020,3420,-0.009080142123963686
2002-12-11,5044,5075,4998,5074,260,0.010756972111553686
2002-12-12,5067,5067,5052,5051,1430,-0.004532912889239293
2002-12-13,4975,5090,4975,5074,230,0.0045535537517322755
2002-12-16,4998,5029,4975,5020,850,-0.01064249113125737
2002-12-17,4960,5013,4830,4975,13020,-0.008964143426294813
2002-12-18,4883,4967,4883,4913,7280,-0.012462311557788985
2002-12-20,4937,4937,4898,4913,1090,0.0
2002-12-23,4937,4990,4860,4898,4570,-0.003053124363932458
2002-12-24,4898,4898,4830,4867,1740,-0.006329113924050667
2002-12-26,4830,4868,4646,4867,10229,0.0
2002-12-27,4745,4745,4485,4485,960,-0.07848777480994451
2002-12-30,4462,4500,4279,4423,1180,-0.013823857302118214
2003-01-02,4248,4439,4217,4217,7910,-0.0465747230386615
2003-01-03,4256,4585,4256,4439,3900,0.05264405975812192
2003-01-06,4439,4439,4217,4324,2370,-0.025906735751295318
2003-01-07,4324,4363,4286,4362,1540,0.008788159111933425
2003-01-08,4279,4370,4279,4355,230,-0.0016047684548372576
2003-01-09,4301,4324,4225,4270,1160,-0.019517795637198576
2003-01-10,4263,4286,4133,4240,2630,-0.007025761124121788
2003-01-13,4240,4271,4148,4270,90,0.007075471698113178
2003-01-14,4233,4240,4164,4240,1060,-0.007025761124121788
2003-01-15,4233,4233,4141,4209,770,-0.007311320754716966
2003-01-16,4202,4202,4087,4140,4831,-0.016393442622950838
2003-01-17,4156,4156,4072,4094,2430,-0.011111111111111072
2003-01-20,4102,4102,4064,4094,460,0.0
2003-01-21,4064,4064,4011,4056,150,-0.009281875915974624
2003-01-22,4011,4011,3903,3903,2990,-0.037721893491124314
2003-01-23,3850,3903,3796,3880,5049,-0.005892902895208829
2003-01-24,3865,3926,3789,3792,4240,-0.02268041237113405
2003-01-27,3636,3735,3636,3727,411,-0.01714135021097052
2003-01-28,3605,3704,3597,3704,1290,-0.0061711832573114744
2003-01-29,3720,3720,3616,3620,2050,-0.022678185745140356
2003-01-30,3613,3812,3613,3811,880,0.0527624309392265
2003-02-03,3804,3804,3674,3673,1364,-0.03621096824980319
2003-02-04,3674,3804,3647,3803,60,0.03539341138034313
2003-02-05,3697,3827,3674,3773,1030,-0.007888509071785399
2003-02-06,3697,3735,3613,3616,10420,-0.04161144977471509
2003-02-07,3613,3655,3571,3654,4060,0.01050884955752207
2003-02-10,3888,3888,3647,3673,1730,0.0051997810618500395
2003-02-11,3643,3712,3532,3666,3560,-0.0019057990743261977
2003-02-12,3620,3708,3620,3708,1690,0.011456628477905184
2003-02-13,3605,3770,3605,3750,70,0.01132686084142387
2003-02-14,3735,3735,3674,3727,670,-0.006133333333333324
2003-02-17,3651,3754,3651,3750,1150,0.0061711832573114744
2003-02-18,3708,3812,3704,3781,850,0.008266666666666644
2003-02-19,3842,3881,3827,3826,1210,0.011901613329806882
2003-02-20,3823,3823,3712,3807,850,-0.004966021955044475
2003-02-21,3750,3815,3697,3800,640,-0.001838718150774854
2003-02-24,3743,3835,3739,3788,160,-0.0031578947368421373
2003-02-25,3731,3804,3712,3803,70,0.003959873284054893
2003-02-26,3812,3812,3812,3811,360,0.0021036024191427583
2003-02-27,3647,3812,3647,3811,1030,0.0
2003-02-28,3812,3812,3712,3811,750,0.0
2003-03-03,3812,3850,3812,3849,770,0.009971136184728335
2003-03-04,3789,3835,3720,3826,150,-0.005975578072226595
2003-03-05,3812,3812,3804,3811,1750,-0.003920543648719299
2003-03-06,3758,3758,3743,3742,760,-0.01810548412490165
2003-03-07,3689,3708,3674,3673,50,-0.018439337252806
2003-03-10,3486,3666,3486,3654,480,-0.005172883201742473
2003-03-11,3643,3647,3643,3647,4130,-0.0019157088122605526
2003-03-12,3643,3643,3429,3589,860,-0.015903482314230888
2003-03-13,3536,3536,3299,3360,1311,-0.06380607411535244
2003-03-14,3505,3636,3505,3635,640,0.08184523809523814
2003-03-17,3563,3563,3299,3474,5920,-0.04429160935350751
2003-03-18,3471,3571,3471,3566,990,0.026482440990212908
2003-03-19,3582,3597,3437,3589,2050,0.006449803701626511
2003-03-20,3827,3827,3601,3784,1080,0.05433268319866258
2003-03-21,3482,3785,3482,3670,1270,-0.030126849894291707
2003-03-24,3750,3750,3636,3666,80,-0.0010899182561308063
2003-03-25,3521,3521,3444,3444,2890,-0.060556464811784005
2003-03-26,3636,3636,3467,3593,2752,0.04326364692218343
2003-03-27,3674,3674,3444,3597,2540,0.0011132758140830479
2003-03-28,3593,3597,3593,3597,30,0.0
2003-03-31,3509,3597,3483,3482,1540,-0.03197108701695861
2003-04-01,3437,3437,3299,3413,10340,-0.019816197587593343
2003-04-02,3375,3509,3337,3340,5870,-0.021388807500732465
2003-04-03,3375,3437,3345,3356,4590,0.004790419161676551
2003-04-04,3406,3444,3368,3444,4190,0.026221692491060766
2003-04-07,3590,3590,3486,3520,1180,0.022067363530778206
2003-04-08,3536,3563,3521,3562,2950,0.01193181818181821
2003-04-09,3559,3574,3544,3574,1800,0.003368893879842849
2003-04-10,3551,3597,3544,3597,590,0.0064353665360941115
2003-04-11,3590,3662,3590,3662,1040,0.01807061440088953
2003-04-14,3609,3697,3609,3689,2180,0.007373020207536829
2003-04-15,3678,3735,3678,3735,2300,0.01246950393060442
2003-04-16,3639,3888,3639,3765,7512,0.008032128514056325
2003-04-17,3896,3896,3766,3842,2960,0.02045152722443566
2003-04-18,3827,3911,3827,3842,3120,0.0
2003-04-21,3880,3880,3770,3819,750,-0.005986465382613271
2003-04-22,3754,3815,3697,3712,1650,-0.02801780570830059
2003-04-23,3720,3827,3720,3815,1450,0.0277478448275863
2003-04-24,3842,3865,3789,3826,3800,0.0028833551769331667
2003-04-25,3678,3712,3613,3712,4150,-0.02979613173026663
2003-04-28,3460,3674,3460,3673,880,-0.010506465517241326
2003-04-29,3789,3808,3689,3807,3370,0.03648243942281515
2003-04-30,3674,3789,3674,3750,1670,-0.014972419227738398
2003-05-02,3750,3796,3712,3773,3370,0.006133333333333324
2003-05-06,3750,3942,3750,3865,11570,0.024383779485820378
2003-05-07,3957,3957,3819,3903,13740,0.009831824062095817
2003-05-09,3773,3911,3773,3872,1270,-0.007942608250064098
2003-05-12,3812,3873,3812,3842,3550,-0.007747933884297509
2003-05-13,3896,3896,3827,3842,1990,0.0
2003-05-14,3865,3873,3808,3857,3220,0.0039042165538782925
2003-05-15,3827,3881,3812,3880,690,0.005963183821622975
2003-05-16,3919,4018,3911,4018,9250,0.035567010309278446
2003-05-19,4057,4271,4057,4133,12640,0.028621204579392767
2003-05-20,4064,4202,3980,4163,6590,0.007258649891120239
2003-05-21,4057,4164,4011,4148,6570,-0.0036031707902954846
2003-05-22,4148,4148,4057,4079,3870,-0.016634522661523654
2003-05-23,4095,4187,4064,4186,2720,0.026231919588134422
2003-05-26,4171,4171,4095,4171,3166,-0.003583373148590585
2003-05-27,4141,4141,4041,4041,8470,-0.031167585710860757
2003-05-28,4080,4171,4057,4171,8554,0.032170254887404104
2003-05-29,4210,4401,4156,4301,18904,0.031167585710860646
2003-05-30,4225,4294,4179,4293,2810,-0.0018600325505696569
2003-06-02,4294,4363,4248,4270,2208,-0.005357558816678321
2003-06-03,4256,4347,4148,4209,3650,-0.014285714285714235
2003-06-04,4332,4332,4210,4209,2730,0.0
2003-06-05,4286,4286,4210,4263,1100,0.01282965074839626
2003-06-09,4263,4271,4240,4270,2660,0.0016420361247948545
2003-06-10,4179,4294,4179,4247,5800,-0.005386416861826726
2003-06-11,4286,4294,4210,4209,1870,-0.008947492347539443
2003-06-12,4225,4263,4217,4232,3650,0.005464480874316946
2003-06-13,4233,4271,4225,4232,3090,0.0
2003-06-16,4233,4309,4210,4263,1700,0.007325141776937549
2003-06-17,4263,4340,4248,4263,2630,0.0
2003-06-18,4271,4317,4263,4316,5190,0.012432559230588724
2003-06-19,4294,4363,4286,4339,3470,0.005329008341056429
2003-06-20,4240,4332,4240,4332,130,-0.0016132749481447828
2003-06-23,4286,4286,4194,4263,3270,-0.015927977839335195
2003-06-24,4148,4210,4148,4201,230,-0.014543748533896284
2003-06-25,4202,4210,4171,4171,4840,-0.007141156867412568
2003-06-26,4171,4194,4148,4194,1680,0.0055142651642292595
2003-06-27,4179,4225,4179,4209,2940,0.003576537911301969
2003-06-30,4156,4202,4156,4171,1670,-0.009028272748871413
2003-07-01,4171,4179,4133,4171,2308,0.0
2003-07-02,4148,4187,4148,4186,150,0.0035962598897147924
2003-07-03,4179,4286,4156,4201,4740,0.003583373148590585
2003-07-04,4217,4217,4141,4194,3550,-0.001666269935729603
2003-07-07,4210,4225,4171,4209,1850,0.003576537911301969
2003-07-08,4248,4248,4171,4240,3080,0.007365169874079314
2003-07-09,4271,4271,4271,4270,30,0.007075471698113178
2003-07-10,4271,4271,4171,4240,2660,-0.007025761124121788
2003-07-11,4225,4225,4118,4133,6980,-0.02523584905660381
2003-07-14,4225,4225,4156,4209,3070,0.018388579724171406
2003-07-15,4179,4240,4171,4240,2630,0.007365169874079314
2003-07-16,4225,4225,4164,4163,1640,-0.01816037735849052
2003-07-18,4164,4233,4118,4232,3250,0.016574585635359185
2003-07-21,4240,4240,4240,4240,100,0.001890359168241984
2003-07-22,4080,4286,4080,4240,890,0.0
2003-07-23,4148,4164,4064,4094,2160,-0.034433962264150964
2003-07-24,4095,4148,4095,4148,1810,0.01319003419638487
2003-07-25,4064,4064,4057,4064,1130,-0.020250723240115676
2003-07-28,4095,4110,4095,4110,970,0.011318897637795367
2003-07-29,4072,4171,4072,4171,3170,0.014841849148418573
2003-07-30,4164,4370,4164,4217,27680,0.011028530328458297
2003-07-31,4202,4248,4187,4201,15790,-0.003794166469053839
2003-08-01,4194,4279,4171,4278,12890,0.01832896929302552
2003-08-04,4210,4210,4187,4186,2160,-0.021505376344086002
2003-08-05,4187,4286,4156,4201,3070,0.003583373148590585
2003-08-06,4210,4233,4171,4201,3070,0.0
2003-08-07,4156,4202,4156,4201,60,0.0
2003-08-08,4202,4286,4202,4286,1390,0.020233277791002147
2003-08-11,4286,4393,4286,4393,21560,0.024965002333177777
2003-08-12,4370,4508,4363,4416,5820,0.005235602094240788
2003-08-13,4363,4363,4256,4309,5330,-0.02423007246376807
2003-08-14,4286,4393,4271,4393,2910,0.01949408215363202
2003-08-18,4424,4592,4424,4523,14900,0.029592533576143776
2003-08-19,4661,4661,4455,4492,4420,-0.006853858058810558
2003-08-20,4493,4508,4401,4400,2770,-0.02048085485307216
2003-08-21,4401,4500,4401,4477,2320,0.01750000000000007
2003-08-22,4539,4539,4424,4477,6840,0.0
2003-08-25,4409,4745,4409,4469,3570,-0.0017869108778200138
2003-08-26,4546,4730,4493,4691,3750,0.049675542626985925
2003-08-27,4745,4883,4592,4737,4170,0.009806011511404922
2003-08-28,4745,4799,4631,4783,7340,0.009710787418197198
2003-08-29,4745,4891,4631,4890,4200,0.022370896926615202
2003-09-01,4745,4860,4684,4821,5340,-0.01411042944785279
2003-09-02,4761,4807,4631,4806,5660,-0.0031113876789048422
2003-09-03,4807,4868,4600,4645,7810,-0.03349979192675823
2003-09-04,4654,4776,4646,4722,1230,0.01657696447793322
2003-09-05,4722,4722,4569,4691,630,-0.006565014824227
2003-09-08,4692,4745,4684,4745,2060,0.011511404817736048
2003-09-09,4592,4814,4592,4814,2760,0.014541622760800843
2003-09-15,4753,4753,4730,4730,830,-0.017449106771915246
2003-09-16,4677,4730,4646,4653,1850,-0.016279069767441867
2003-09-17,4654,4722,4654,4722,750,0.014829142488717029
2003-09-18,4654,4654,4600,4615,160,-0.022659889877170714
2003-09-19,4784,4784,4608,4607,180,-0.0017334777898158071
2003-09-22,5052,5052,4516,4592,1170,-0.0032559149120903186
2003-09-23,4592,4631,4592,4630,20,0.008275261324041772
2003-09-24,4707,4707,4516,4622,1980,-0.0017278617710583255
2003-09-25,4554,4623,4516,4622,2650,0.0
2003-09-26,4554,4592,4478,4477,140,-0.03137170056252703
2003-09-29,4478,4478,4378,4439,4760,-0.008487826669644871
2003-09-30,4432,4455,4370,4454,1290,0.0033791394458211332
2003-10-01,4370,4416,4370,4370,70,-0.018859452177817704
2003-10-02,4738,4738,4363,4508,2750,0.03157894736842115
2003-10-06,4577,4577,4424,4423,40,-0.01885536823425027
2003-10-07,4439,4447,4439,4446,1620,0.005200090436355387
2003-10-08,4386,4516,4386,4515,60,0.015519568151147078
2003-10-09,4447,4447,4447,4446,500,-0.015282392026578107
2003-10-10,4592,4592,4439,4531,210,0.019118308591992816
2003-10-13,4439,4707,4439,4699,4570,0.03707790774663433
2003-10-14,4730,4799,4730,4760,8030,0.012981485422430383
2003-10-15,4768,4768,4592,4592,1530,-0.03529411764705881
2003-10-16,4592,4745,4554,4668,4310,0.016550522648083543
2003-10-17,4592,4669,4554,4577,510,-0.019494430162810605
2003-10-20,4439,4669,4439,4485,2480,-0.02010050251256279
2003-10-21,4462,4554,4462,4469,4030,-0.0035674470457078833
2003-10-22,4585,4585,4470,4569,550,0.022376370552696256
2003-10-23,4516,4516,4439,4439,2000,-0.028452615451958874
2003-10-24,4370,4577,4370,4577,830,0.031088082901554515
2003-10-27,4661,4661,4661,4661,10,0.018352632728861673
2003-10-28,4631,4631,4516,4584,5650,-0.016520060072945708
2003-10-29,4478,4699,4478,4676,1110,0.02006980802792313
2003-10-30,4722,4722,4592,4707,2040,0.006629597946963273
2003-10-31,4699,4722,4447,4722,3960,0.0031867431485022024
2003-11-03,4699,4722,4661,4714,4680,-0.0016941973739941218
2003-11-04,4707,4738,4562,4730,5950,0.0033941450997030387
2003-11-05,4539,4669,4539,4661,3580,-0.014587737843551829
2003-11-06,4577,4592,4562,4577,3120,-0.018021883715940823
2003-11-07,4577,4623,4562,4622,890,0.009831767533318825
2003-11-10,4562,4577,4562,4561,830,-0.013197749891821764
2003-11-11,4554,4562,4516,4561,1510,0.0
2003-11-12,4554,4554,4500,4515,3950,-0.010085507564130625
2003-11-13,4516,4569,4516,4523,1660,0.0017718715393133522
2003-11-14,4539,4677,4539,4653,18750,0.02874198540791517
2003-11-17,4677,4699,4608,4668,4220,0.003223726627981982
2003-11-18,4669,4669,4615,4653,3000,-0.0032133676092545027
2003-11-19,4661,4661,4608,4607,50,-0.009886094992477945
2003-11-20,4608,4654,4608,4653,2630,0.009984805730410162
2003-11-21,3957,4669,3957,4592,4540,-0.013109821620459927
2003-11-24,4661,4661,4462,4531,460,-0.013283972125435528
2003-11-25,4516,4562,4516,4561,1742,0.006621054954756067
2003-11-26,4531,4600,4531,4599,860,0.008331506248629772
2003-11-27,4600,4608,4592,4592,720,-0.0015220700152207556
2003-11-28,4592,4631,4577,4630,7780,0.008275261324041772
2003-12-01,4654,4654,4592,4645,1710,0.003239740820734305
2003-12-02,4646,4669,4646,4668,1300,0.0049515608180839
2003-12-03,4669,4722,4631,4707,3840,0.008354755784061751
2003-12-04,4615,4699,4615,4668,3070,-0.008285532186105837
2003-12-05,4669,4684,4600,4668,5470,0.0
2003-12-08,4699,4707,4608,4607,2580,-0.0130676949443016
2003-12-09,4799,4799,4707,4722,110,0.024962014326025628
2003-12-10,4707,4898,4669,4867,5230,0.03070732740364246
2003-12-11,4822,4868,4784,4783,1530,-0.017259091843024432
2003-12-12,4799,4898,4761,4760,525,-0.004808697470206957
2003-12-15,4784,4891,4784,4860,230,0.021008403361344463
2003-12-16,4753,4860,4707,4821,1990,-0.008024691358024638
2003-12-17,4722,4784,4707,4783,2040,-0.007882182119892112
2003-12-18,4730,4822,4722,4768,4740,-0.003136107045787151
2003-12-19,4960,4960,4837,4860,3300,0.019295302013422777
2003-12-22,4860,4921,4822,4906,10280,0.009465020576131744
2003-12-23,4906,4906,4837,4860,3690,-0.009376273950264968
2003-12-24,4761,4875,4753,4860,3230,0.0
2003-12-26,4784,4868,4745,4760,17193,-0.020576131687242816
2003-12-29,4462,4669,4409,4416,3720,-0.07226890756302518
2003-12-30,4516,4516,4294,4347,7870,-0.015625
2004-01-02,4324,4378,4286,4362,8270,0.003450655624568588
2004-01-05,4363,4363,4347,4362,1750,0.0
2004-01-06,4340,4439,4332,4362,5530,0.0
2004-01-07,4332,4485,4332,4439,2900,0.01765245300320961
2004-01-08,4332,4432,4286,4416,2540,-0.005181347150259086
2004-01-09,4324,4416,4324,4400,600,-0.0036231884057971175
2004-01-12,4271,4416,4225,4324,1630,-0.017272727272727217
2004-01-13,4324,4324,4279,4278,2500,-0.010638297872340385
2004-01-14,4286,4286,4187,4186,730,-0.021505376344086002
2004-01-15,4217,4240,4210,4240,1290,0.01290014333492584
2004-01-16,4478,4478,4171,4171,3720,-0.016273584905660332
2004-01-19,4179,4317,4171,4278,6870,0.02565332054663161
2004-01-20,4171,4707,4171,4446,2890,0.03927068723702676
2004-01-26,4347,4470,4233,4362,3810,-0.018893387314439902
2004-01-27,4233,4340,4233,4263,1020,-0.02269601100412655
2004-01-28,4263,4363,4263,4301,5380,0.00891391039174283
2004-01-29,4271,4332,4256,4270,1340,-0.007207626133457379
2004-01-30,4286,4416,4256,4301,2510,0.007259953161592447
2004-02-02,4393,4401,4271,4378,1028,0.01790281329923271
2004-02-03,4347,4347,4286,4286,2040,-0.021014161717679336
2004-02-04,4439,4439,4248,4439,5760,0.035697620158656074
2004-02-05,4516,4516,4340,4339,550,-0.022527596305474185
2004-02-06,4439,4439,4286,4439,590,0.023046784973496104
2004-02-09,4447,4447,4324,4339,880,-0.022527596305474185
2004-02-10,4324,4332,4324,4332,620,-0.0016132749481447828
2004-02-11,4340,4401,4340,4400,1050,0.015697137580794163
2004-02-12,4286,4401,4286,4362,626,-0.008636363636363664
2004-02-13,4309,4439,4309,4431,2790,0.015818431911966968
2004-02-16,4432,4432,4309,4339,1350,-0.020762807492665347
2004-02-17,4363,4416,4363,4416,180,0.017746024429592167
2004-02-18,4416,4432,4416,4431,100,0.0033967391304348116
2004-02-19,4301,4424,4301,4423,120,-0.0018054615211012814
2004-02-20,4355,4401,4355,4400,780,-0.005200090436355387
2004-02-23,4363,4424,4340,4400,980,0.0
2004-02-24,4401,4401,4332,4393,1872,-0.0015909090909090873
2004-02-25,4401,4416,4363,4400,3730,0.0015934441156384427
2004-02-26,4401,4439,4401,4431,1338,0.007045454545454577
2004-02-27,4615,5090,4539,4554,157300,0.02775897088693302
2004-03-02,4715,4715,4416,4439,23080,-0.025252525252525304
2004-03-03,4409,4608,4409,4454,11510,0.0033791394458211332
2004-03-04,4455,4592,4455,4538,1000,0.018859452177817593
2004-03-05,4554,4592,4478,4554,3910,0.003525782282943979
2004-03-08,4592,4631,4585,4615,4745,0.013394817742643728
2004-03-09,4516,4615,4516,4515,4155,-0.021668472372697756
2004-03-10,4477,4661,4477,4584,1500,0.015282392026578107
2004-03-11,4631,4631,4516,4515,247,-0.015052356020942459
2004-03-12,4883,4883,4370,4546,3150,0.006866002214839462
2004-03-15,4508,4600,4508,4538,6100,-0.0017597888253410021
2004-03-16,4539,4554,4485,4554,1270,0.003525782282943979
2004-03-17,4493,4592,4493,4592,2950,0.008344312692138756
2004-03-18,4569,4722,4516,4630,2130,0.008275261324041772
2004-03-19,4516,4631,4516,4592,780,-0.008207343412527046
2004-03-22,4592,4676,4477,4485,2030,-0.02330139372822304
2004-03-23,4455,4585,4447,4515,240,0.006688963210702337
2004-03-24,4523,4554,4455,4515,180,0.0
2004-03-25,4516,4523,4455,4515,1400,0.0
2004-03-26,4592,4592,4470,4554,340,0.008637873754152814
2004-03-29,4546,4546,4478,4477,960,-0.016908212560386437
2004-03-30,4554,4554,4477,4485,910,0.0017869108778199028
2004-03-31,4485,4531,4485,4515,1080,0.006688963210702337
2004-04-01,4546,4546,4516,4546,117,0.006866002214839462
2004-04-02,4669,4699,4592,4592,2760,0.010118785745710568
2004-04-06,4814,4814,4569,4592,1893,0.0
2004-04-07,4608,4631,4600,4630,3320,0.008275261324041772
2004-04-08,4646,4768,4631,4768,5880,0.029805615550756004
2004-04-09,4784,5480,4784,5480,128760,0.14932885906040272
2004-04-12,5740,6299,5740,6299,94388,0.14945255474452557
2004-04-13,6888,6888,5786,6046,59668,-0.04016510557231312
2004-04-14,6047,6047,5702,5816,23810,-0.03804168044988421
2004-04-16,5893,6689,5893,5893,46710,0.013239339752407098
2004-04-19,5901,6085,5580,5625,21879,-0.04547768538944508
2004-04-20,5549,5947,5534,5847,23961,0.03946666666666676
2004-04-21,5985,5985,5526,5878,9890,0.0053018642038651365
2004-04-22,5733,5932,5664,5855,7090,-0.003912895542701578
2004-04-23,5817,5886,5587,5671,8951,-0.03142613151152862
2004-04-26,5664,5763,5511,5518,19188,-0.026979368718039187
2004-04-27,5633,6123,5626,5885,5830,0.06650960492932212
2004-04-28,5886,5886,5442,5549,10450,-0.05709430756159728
2004-04-29,5511,5809,5511,5732,4601,0.03297891511984141
2004-04-30,5557,5740,5557,5740,6540,0.0013956734124214165
2004-05-03,5610,5725,5595,5633,2314,-0.018641114982578366
2004-05-04,5779,5893,5626,5640,4140,0.001242677081484178
2004-05-06,5740,5740,5511,5633,4220,-0.0012411347517730098
2004-05-07,5633,5633,5434,5533,2160,-0.017752529735487355
2004-05-10,5442,5771,5358,5357,14035,-0.031809145129224614
2004-05-11,5205,5641,5205,5388,2150,0.00578682098189276
2004-05-12,5388,5534,5266,5510,380,0.022642910170749708
2004-05-13,5518,5618,5365,5541,2420,0.005626134301270458
2004-05-14,5610,5641,5541,5625,5660,0.015159718462371519
2004-05-17,5626,5626,5350,5503,3310,-0.02168888888888887
2004-05-18,5205,5358,5205,5327,4099,-0.03198255497001634
2004-05-19,5396,5549,5358,5434,16380,0.020086352543645658
2004-05-20,5212,5411,5205,5350,3800,-0.015458225984541829
2004-05-21,5212,5342,5205,5342,7330,-0.0014953271028037562
2004-05-24,5587,5664,5251,5327,4620,-0.002807937102208946
2004-05-25,5228,5273,5082,5097,10420,-0.0431762718227896
2004-05-27,5105,5189,5082,5128,5770,0.006082009024916513
2004-05-28,5128,5136,5120,5120,3320,-0.0015600624024960652
2004-05-31,5281,5281,5113,5120,1350,0.0
2004-06-01,5097,5281,5097,5128,3750,0.0015624999999999112
2004-06-02,5205,5243,5113,5128,4920,0.0
2004-06-03,5128,5205,5120,5120,3750,-0.0015600624024960652
2004-06-04,5205,5205,5090,5189,1550,0.013476562499999956
2004-06-07,5197,5197,5143,5196,200,0.0013490075158990589
2004-06-08,5205,5358,5143,5204,1190,0.0015396458814471714
2004-06-09,5212,5350,5205,5281,570,0.014796310530361234
2004-06-10,5350,5358,5205,5204,390,-0.014580571861389835
2004-06-11,5205,5342,5036,5059,1770,-0.02786318216756345
2004-06-14,5067,5067,5052,5051,350,-0.0015813401858074672
2004-06-15,4983,5120,4983,5120,420,0.013660661255197049
2004-06-16,5128,5151,5059,5151,150,0.006054687500000044
2004-06-17,5151,5151,5151,5151,30,0.0
2004-06-18,5136,5136,5136,5135,0,-0.003106192972238353
2004-06-21,5128,5136,5128,5135,250,0.0
2004-06-22,5136,5205,5128,5166,120,0.0060370009737098496
2004-06-23,5205,5205,5097,5128,360,-0.007355787843592698
2004-06-24,5174,5174,4975,5166,90,0.007410296411856532
2004-06-25,5182,5189,5182,5189,30,0.004452187379016648
2004-06-28,5090,5189,5090,5189,170,0.0
2004-06-29,5189,5205,5189,5204,80,0.0028907303912122373
2004-06-30,5205,5740,5128,5579,7120,0.07205995388162956
2004-07-01,5580,5580,5442,5549,100,-0.005377307761247563
2004-07-02,5434,5434,5358,5434,530,-0.02072445485673091
2004-07-05,5350,5427,5281,5418,290,-0.002944423997055523
2004-07-06,5511,6039,5358,5924,17410,0.0933923957179772
2004-07-07,6039,6039,6039,6038,180,0.01924375422012159
2004-07-08,5450,5710,5358,5495,6720,-0.08993044054322619
2004-07-09,5488,5488,5251,5281,6290,-0.038944494995450385
2004-07-12,5281,5511,5281,5434,1530,0.02897178564665781
2004-07-13,5503,5626,5335,5334,1120,-0.018402649981597352
2004-07-14,5947,5947,5335,5510,550,0.0329958755155606
2004-07-15,5740,5740,5511,5663,1070,0.027767695099818468
2004-07-16,5511,5656,5281,5449,1440,-0.037789157690270136
2004-07-19,5442,5442,5281,5388,3870,-0.011194714626536983
2004-07-20,5388,5396,5220,5357,1280,-0.005753526354862704
2004-07-21,5649,5649,5312,5357,2310,0.0
2004-07-22,5434,5503,4998,5212,8630,-0.027067388463692388
2004-07-23,5258,5404,5174,5395,140,0.035111281657713045
2004-07-26,5587,5587,5090,5166,400,-0.04244670991658939
2004-07-27,5358,5358,5059,5327,2200,0.031165311653116534
2004-07-28,5281,5511,5281,5403,40,0.014266941993617444
2004-07-29,5350,5350,5159,5342,700,-0.011290024060707005
2004-07-30,5342,5434,5128,5143,1740,-0.037251965555971545
2004-08-02,5021,5082,5021,5059,450,-0.01633287964223218
2004-08-03,5434,5434,5067,5380,130,0.06345127495552472
2004-08-04,5090,5350,5090,5151,70,-0.042565055762081805
2004-08-05,4960,5335,4960,5174,220,0.004465152397592709
2004-08-06,5059,5350,5059,5212,1120,0.007344414379590214
2004-08-09,5197,5220,5159,5219,220,0.0013430544896393393
2004-08-10,5143,5358,5143,5258,1920,0.007472695918758321
2004-08-11,5220,5572,5189,5281,2540,0.004374286801064997
2004-08-12,5212,5319,5212,5319,590,0.007195606892633988
2004-08-13,5319,5419,5228,5418,1920,0.01861252115059231
2004-08-16,5817,5817,5235,5602,7040,0.033960871170173546
2004-08-17,5396,5771,5396,5549,7730,-0.009460906818993253
2004-08-18,5465,5626,5465,5549,2160,0.0
2004-08-19,5549,6031,5549,5656,1210,0.019282753649306095
2004-08-20,5587,5794,5587,5778,590,0.02157001414427162
2004-08-23,5893,5893,5656,5740,340,-0.006576670128071949
2004-08-24,5687,5702,5587,5617,3080,-0.021428571428571463
2004-08-25,5610,6123,5610,5732,180,0.020473562399857537
2004-08-26,5740,5955,5664,5717,1900,-0.002616887648290267
2004-08-27,5725,5740,5626,5633,1150,-0.014693020815112812
2004-08-30,5587,5702,5587,5633,1010,0.0
2004-08-31,5717,5717,5664,5702,250,0.012249245517486296
2004-09-01,5725,6123,5687,5740,720,0.006664328305857614
2004-09-02,5671,5985,5664,5709,1060,-0.005400696864111487
2004-09-03,5626,5725,5626,5640,3010,-0.012086179716237488
2004-09-06,5649,5893,5641,5640,2320,0.0
2004-09-07,5649,5702,5633,5702,3420,0.010992907801418372
2004-09-08,5702,5733,5610,5625,1840,-0.01350403367239561
2004-09-09,5610,5710,5610,5709,410,0.014933333333333243
2004-09-10,5725,5725,5580,5686,9690,-0.0040287265720792
2004-09-13,5679,5817,5679,5793,4470,0.01881814984171659
2004-09-14,6115,6115,5771,5793,3730,0.0
2004-09-15,5802,6062,5802,5855,2790,0.010702572069739347
2004-09-16,6047,6047,5786,5809,1400,-0.007856532877882128
2004-09-17,5786,5855,5771,5771,5490,-0.006541573420554281
2004-09-20,5779,5947,5687,5709,2290,-0.010743372032576692
2004-09-21,5740,5893,5702,5732,6780,0.004028726572079089
2004-09-22,5809,5825,5733,5824,13960,0.016050244242847178
2004-09-23,5779,5863,5779,5809,4650,-0.002575549450549497
2004-09-24,5817,5855,5756,5824,1760,0.0025822000344293272
2004-09-30,5848,6697,5832,6413,7850,0.10113324175824179
2004-10-01,6414,6414,6154,6352,2580,-0.009511928894433197
2004-10-04,6353,6498,6353,6352,2540,0.0
2004-10-05,6360,6881,6314,6314,5780,-0.005982367758186391
2004-10-06,6284,6330,5970,6276,6560,-0.006018371872030359
2004-10-07,6169,6215,6138,6191,2810,-0.013543658381134471
2004-10-08,6192,6276,6192,6276,3000,0.013729607494750384
2004-10-11,6314,6337,6200,6337,1320,0.009719566602931717
2004-10-12,6276,6353,6276,6352,60,0.002367050654884073
2004-10-13,6276,6353,6184,6199,3400,-0.024086901763224144
2004-10-14,6131,6353,6123,6161,4100,-0.006130020971124361
2004-10-15,6200,6337,6161,6329,5700,0.027268300600551854
2004-10-18,6238,6414,6238,6390,860,0.009638173487122703
2004-10-19,6253,6337,6253,6314,1950,-0.011893583724569612
2004-10-20,6314,6391,6314,6368,6940,0.008552423186569458
2004-10-21,6391,6735,6353,6498,10700,0.02041457286432169
2004-10-22,6452,6621,6391,6390,1412,-0.0166204986149584
2004-10-25,6284,6391,6200,6383,2580,-0.0010954616588418897
2004-10-26,6291,6422,6291,6352,1920,-0.004856650477831792
2004-10-27,6353,6789,6353,6406,2250,0.00850125944584379
2004-10-28,6406,6429,6314,6383,2178,-0.0035903840149859034
2004-10-29,6383,6383,6376,6383,770,0.0
2004-11-01,6299,6544,6291,6329,558,-0.008459971800093946
2004-11-02,6322,6376,6276,6352,10290,0.0036340654131774563
2004-11-03,6291,6414,6269,6268,730,-0.013224181360201537
2004-11-04,6269,6322,6200,6268,3560,0.0
2004-11-05,6268,6330,6200,6253,6150,-0.0023931078493937274
2004-11-08,6253,6299,6200,6299,4442,0.007356468894930357
2004-11-09,6299,6299,6238,6283,1320,-0.0025400857278933264
2004-11-10,6284,6391,6284,6337,370,0.008594620404265507
2004-11-11,6253,6506,6200,6352,6210,0.002367050654884073
2004-11-12,6376,6468,6345,6444,3540,0.014483627204030292
2004-11-15,6445,6766,6445,6674,4071,0.035692116697703336
2004-11-16,6774,7187,6720,6965,7400,0.043602037758465606
2004-11-17,6965,7149,6812,6965,3091,0.0
2004-11-18,6896,7042,6789,6796,1070,-0.024264178033022277
2004-11-19,6758,6896,6758,6888,581,0.01353737492642737
2004-11-22,6751,6904,6674,6888,3287,0.0
2004-11-23,6781,7110,6781,6911,280,0.0033391405342624303
2004-11-24,6812,6942,6812,6926,770,0.0021704529011721263
2004-11-25,6927,7080,6850,6919,2610,-0.0010106843777072383
2004-11-26,6888,7072,6888,6987,1150,0.00982800982800991
2004-11-29,7080,7562,7003,7003,1340,0.002289967081723132
2004-11-30,7065,7065,7034,7064,1600,0.008710552620305512
2004-12-01,7271,7271,7065,7141,50,0.010900339750849364
2004-12-02,7042,7233,7019,7194,1460,0.007421929701722396
2004-12-03,7256,7256,6988,6987,620,-0.028773978315262738
2004-12-06,7042,7378,6559,7003,920,0.002289967081723132
2004-12-07,7003,7279,6965,6965,430,-0.005426245894616599
2004-12-08,7133,7133,7133,7133,10,0.024120603015075348
2004-12-09,7057,7417,6904,7324,150,0.02677695219402776
2004-12-10,7233,7302,7080,7133,130,-0.026078645548880397
2004-12-13,7049,7049,7049,7049,60,-0.011776251226692791
2004-12-14,6911,6965,6896,6965,1220,-0.011916583912611745
2004-12-15,6827,6988,6820,6965,1100,0.0
2004-12-16,6751,7233,6751,6987,720,0.0031586503948313194
2004-12-17,6996,6996,6996,6995,70,0.001144983540861677
2004-12-20,6965,6965,6850,6965,310,-0.0042887776983560055
2004-12-21,6888,7271,6865,7018,770,0.007609475951184441
2004-12-22,6973,7042,6973,7041,150,0.0032772869763464385
2004-12-23,7042,7462,7019,7018,9770,-0.003266581451498385
2004-12-24,7042,7042,6865,7033,6390,0.002137361071530286
2004-12-27,6896,7026,6888,6987,5530,-0.00654059434096399
2004-12-28,6934,7042,6873,6873,3340,-0.016316015457277788
2004-12-29,6850,6850,6460,6467,2600,-0.05907172995780585
2004-12-30,6536,6536,6391,6390,670,-0.011906602752435491
2005-01-03,6429,6490,6299,6383,4750,-0.0010954616588418897
2005-01-04,6276,6314,6230,6306,1310,-0.012063293122356211
2005-01-05,6215,6299,6192,6214,2630,-0.014589280050745335
2005-01-06,6215,6238,6184,6214,6340,0.0
2005-01-07,6246,6246,6177,6237,1580,0.003701319600901254
2005-01-10,6177,6269,6177,6230,2551,-0.001122334455667784
2005-01-11,6161,6269,6161,6268,2271,0.0060995184590690865
2005-01-12,6269,6269,6161,6161,550,-0.01707083599234205
2005-01-13,6138,6276,6138,6276,400,0.018665801006330085
2005-01-14,6230,6230,6146,6214,1712,-0.009878903760356939
2005-01-17,6184,6268,6177,6207,4308,-0.0011264885741872899
2005-01-18,6200,6307,6200,6276,2070,0.011116481391976851
2005-01-19,6238,6276,6200,6276,2730,0.0
2005-01-20,6253,6253,6184,6184,250,-0.014659018483110242
2005-01-21,6200,6368,6192,6207,2920,0.0037192755498058894
2005-01-24,6223,6536,6223,6459,1000,0.040599323344610916
2005-01-25,6314,6445,6215,6214,1630,-0.03793156835423439
2005-01-26,6230,6353,6230,6345,660,0.02108142903121979
2005-01-27,6314,6330,6299,6329,350,-0.0025216706067769934
2005-01-28,6261,6360,6261,6360,2860,0.0048980881655869
2005-01-31,6337,6506,6322,6505,3310,0.022798742138364858
2005-02-01,6582,6873,6498,6697,10880,0.029515757109915386
2005-02-02,6735,7049,6735,6987,6300,0.04330297147976703
2005-02-03,7042,7233,7011,7164,5630,0.025332760841562996
2005-02-04,6896,7233,6896,7217,5810,0.007398101619207065
2005-02-07,7348,7417,7072,7248,9230,0.004295413606761889
2005-02-11,7325,7417,7210,7332,3640,0.011589403973509826
2005-02-14,7440,7639,7440,7607,5910,0.03750681942171297
2005-02-15,7654,7654,7424,7577,5740,-0.003943736032601564
2005-02-16,7501,7631,7348,7370,12450,-0.027319519598785758
2005-02-17,7325,7577,7325,7577,3480,0.02808683853459981
2005-02-18,7501,8266,7424,8074,30710,0.06559324270819578
2005-02-21,8381,8878,8190,8610,41570,0.06638593014614802
2005-02-22,8611,8725,8419,8648,29794,0.004413472706155552
2005-02-23,8649,8878,8343,8419,22591,-0.02648011100832559
2005-02-24,8419,9070,8419,8610,15130,0.02268677990260115
2005-02-25,9032,9873,9032,9720,25850,0.12891986062717775
2005-02-28,9720,10180,9567,9873,11154,0.015740740740740833
2005-03-02,9873,10065,9759,10064,12941,0.01934569026638311
2005-03-03,9950,10256,9950,10256,10542,0.019077901430842648
2005-03-04,10256,10868,10256,10715,15960,0.044754290171606925
2005-03-07,10792,11098,10486,10830,36100,0.010732617825478297
2005-03-08,10830,10830,9835,10638,12110,-0.017728531855955687
2005-03-09,10562,10715,10409,10524,6580,-0.010716300056401562
2005-03-10,10562,10562,10065,10332,20660,-0.018244013683010207
2005-03-11,10333,10409,10180,10332,4540,0.0
2005-03-14,10180,10180,9912,9911,5670,-0.040747193186217556
2005-03-15,9759,9988,9567,9567,9290,-0.03470890929270509
2005-03-16,9414,9567,9338,9490,5730,-0.008048500052262986
2005-03-17,9223,9452,8955,9337,4580,-0.01612223393045309
2005-03-18,9070,9567,9032,9184,4510,-0.01638641962086318
2005-03-21,9185,9567,9108,9452,5070,0.029181184668989557
2005-03-22,9299,9453,8955,9069,6500,-0.04052052475666523
2005-03-23,9299,9376,8993,9222,11400,0.016870658286470386
2005-03-24,9108,9108,8764,8763,3120,-0.04977228366948605
2005-03-25,8764,8917,8725,8916,2180,0.01745977404998289
2005-03-28,8993,9223,8955,9184,7091,0.030058322117541447
2005-03-29,9070,9185,9070,9146,4180,-0.004137630662020886
2005-03-30,9108,9146,9108,9108,6080,-0.00415482178001314
2005-03-31,9108,9146,9032,9146,8800,0.004172156346069489
2005-04-01,9185,9376,9146,9375,2290,0.025038268095342264
2005-04-04,9185,9338,9185,9337,170,-0.004053333333333353
2005-04-06,9185,9414,9185,9375,5050,0.004069829709756778
2005-04-07,9223,9414,9146,9375,3890,0.0
2005-04-08,9414,9414,9261,9414,9770,0.0041599999999999415
2005-04-11,9299,9414,9185,9337,1140,-0.008179307414489023
2005-04-12,8993,9338,8993,9261,430,-0.008139659419513778
2005-04-13,9146,9567,8343,9261,9830,0.0
2005-04-14,9223,9261,8955,9261,390,0.0
2005-04-15,9376,9376,8955,9184,2160,-0.008314436885865417
2005-04-18,9032,9261,8649,9261,8500,0.008384146341463339
2005-04-19,9185,9261,8955,9261,6040,0.0
2005-04-20,9261,9261,8993,9222,1470,-0.00421120829284094
2005-04-21,9223,9223,9185,9184,40,-0.004120581218824526
2005-04-22,9185,9185,8993,8993,410,-0.020797038327526107
2005-04-25,9529,9529,9032,9299,760,0.03402646502835549
2005-04-26,9185,10256,9185,9299,14850,0.0
2005-04-27,9223,9414,9146,9375,3590,0.008172921819550538
2005-04-28,9414,9759,8037,9414,22020,0.0041599999999999415
2005-04-29,9261,9414,9108,9414,2940,0.0
2005-05-02,9414,9414,9185,9414,1530,0.0
2005-05-03,9414,9414,9108,9184,1240,-0.024431697471850478
2005-05-04,8840,9414,8802,9414,4880,0.02504355400696867
2005-05-06,9414,9567,9185,9414,4540,0.0
2005-05-09,9146,9567,8917,8993,9240,-0.04472062885064798
2005-05-10,9032,9223,9032,9222,1230,0.025464249972200648
2005-05-11,9108,9108,9032,9031,3740,-0.02071134244198658
2005-05-12,8764,9261,8764,9261,34350,0.025467833019599206
2005-05-13,9720,9720,9338,9375,12440,0.012309685779073432
2005-05-16,9567,9567,9376,9375,1090,0.0
2005-05-17,9223,9414,8993,8993,7620,-0.04074666666666671
2005-05-18,8955,9032,8917,8955,3820,-0.004225508729011507
2005-05-19,9414,9491,9070,9414,9140,0.0512562814070352
2005-05-20,9070,9414,9070,9337,1305,-0.008179307414489023
2005-05-23,9185,9376,9070,9375,705,0.004069829709756778
2005-05-24,9376,9376,9108,9375,2420,0.0
2005-05-25,9185,9299,9146,9261,210,-0.012159999999999949
2005-05-26,9299,9414,9299,9414,220,0.01652089407191437
2005-05-27,9223,9414,9146,9184,2100,-0.024431697471850478
2005-05-30,9032,9261,9032,9222,980,0.004137630662020886
2005-05-31,9185,9185,8764,8763,22740,-0.04977228366948605
2005-06-01,8802,8802,8534,8572,27880,-0.021796188519913273
2005-06-02,8725,8955,8534,8763,36950,0.022281847876808314
2005-06-03,8687,9185,8687,8763,8140,0.0
2005-06-07,8802,8802,8649,8648,1640,-0.013123359580052507
2005-06-08,8764,8802,8687,8801,1872,0.017691951896392277
2005-06-09,8764,8878,8764,8801,1970,0.0
2005-06-10,8840,8840,8725,8840,1430,0.004431314623338345
2005-06-13,8802,8917,8764,8916,5190,0.008597285067873273
2005-06-14,8840,8840,8649,8763,4280,-0.017160161507402405
2005-06-15,8687,8917,8649,8763,2740,0.0
2005-06-16,8840,8840,8725,8801,3650,0.004336414469930494
2005-06-17,8802,8955,8802,8916,6650,0.013066696966253843
2005-06-20,8878,8955,8840,8840,2098,-0.008524001794526725
2005-06-21,8878,9032,8840,9031,7050,0.021606334841628883
2005-06-22,8917,9070,8878,9031,2030,0.0
2005-06-23,8955,9070,8955,8993,730,-0.004207728933672938
2005-06-24,8993,9185,8917,9108,2670,0.01278772378516635
2005-06-27,9108,9146,8802,8916,4230,-0.021080368906455815
2005-06-28,8917,9070,8917,9069,2630,0.017160161507402405
2005-06-29,9185,9414,9070,9222,6960,0.016870658286470386
2005-06-30,9185,9720,9185,9529,12511,0.033289958794187724
2005-07-01,9644,10256,9491,10141,35520,0.06422499737642995
2005-07-04,10256,10639,9950,10485,35105,0.03392170397396699
2005-07-05,10180,10294,9797,10103,10116,-0.036432999523128284
2005-07-06,10333,10371,10027,10103,4330,0.0
2005-07-07,10218,11098,10218,10677,32550,0.05681480748292578
2005-07-08,10715,10907,10562,10868,5470,0.017888920108644735
2005-07-11,11098,11098,10715,10753,2600,-0.010581523739418452
2005-07-12,10677,11098,10409,10524,14931,-0.021296382404910275
2005-07-13,10448,10677,10333,10524,7600,0.0
2005-07-14,10524,10639,10371,10600,6690,0.007221588749524832
2005-07-15,10677,10792,10448,10562,3940,-0.003584905660377391
2005-07-18,10562,10562,10294,10485,1382,-0.0072902859306949175
2005-07-19,10371,10486,10294,10485,3890,0.0
2005-07-20,10792,10945,10447,10830,14380,0.03290414878397718
2005-07-21,10601,10907,10524,10677,4840,-0.014127423822714702
2005-07-22,10639,10715,10448,10677,3070,0.0
2005-07-25,10715,11443,10639,11174,29600,0.04654865598951008
2005-07-26,11060,12246,11060,11633,44079,0.04107750134240207
2005-07-27,12017,12438,11481,11633,16650,0.0
2005-07-28,11519,11863,11443,11633,5800,0.0
2005-07-29,11519,11863,11366,11633,12520,0.0
2005-08-01,11442,11442,11098,11098,6772,-0.04598985644287801
2005-08-02,11328,11328,10945,11098,1590,0.0
2005-08-03,11022,11098,10562,10715,24380,-0.03451072265273025
2005-08-04,10715,10907,10524,10906,19820,0.01782547830144665
2005-08-05,11022,11060,10256,10868,24220,-0.0034843205574912606
2005-08-08,10371,10868,10371,10791,6270,-0.007085020242915019
2005-08-09,10677,11442,10639,11327,16000,0.049671022148086275
2005-08-10,11404,12744,11404,12322,59930,0.0878432064977488
2005-08-11,12323,12935,12284,12705,30091,0.031082616458367074
2005-08-12,12629,12935,12552,12705,16870,0.0
2005-08-16,13012,13012,12017,12322,4140,-0.030145611963793728
2005-08-17,12131,12399,11978,12399,5610,0.006248985554293096
2005-08-18,12208,12476,12093,12246,5260,-0.012339704814904429
2005-08-19,12323,12514,12017,12514,12280,0.02188469704393281
2005-08-22,12170,13279,12170,13011,48160,0.03971551861914646
2005-08-23,14313,14963,14313,14963,226477,0.150026900315118
2005-08-24,15767,16073,15040,15154,280997,0.012764819889059753
2005-08-25,14925,15231,14466,14963,95298,-0.0126039329549954
2005-08-26,14695,14848,13892,13891,82592,-0.07164338702131923
2005-08-29,13892,14351,13547,13738,51250,-0.011014325822474968
2005-08-30,13815,14351,13777,14350,34590,0.044547969136701226
2005-08-31,13892,14925,13892,14504,28690,0.01073170731707318
2005-09-01,14657,15269,14657,14925,26325,0.029026475455046885
2005-09-02,14810,16073,14772,15460,50095,0.035845896147403744
2005-09-05,15997,16035,15269,15690,25790,0.01487710219922378
2005-09-06,15346,16724,15346,16302,43010,0.039005736137667224
2005-09-07,16800,16992,16303,16685,11331,0.023494049809839268
2005-09-08,16417,16800,16073,16685,16370,0.0
2005-09-09,16609,16609,16226,16417,12260,-0.016062331435421018
2005-09-12,16494,17604,16226,17297,28500,0.05360297252847657
2005-09-13,17527,17527,16456,17374,13536,0.004451639012545527
2005-09-14,17451,17872,17221,17871,24150,0.028605962933118345
2005-09-15,17719,19785,17719,19708,30250,0.10279223322701592
2005-09-16,20283,20627,20053,20053,8330,0.017505581489750455
2005-09-20,20053,20436,19594,19746,21721,-0.015309430010472247
2005-09-21,19517,20283,19135,20282,31090,0.027144738174820215
2005-09-22,20168,20742,19747,20282,7690,0.0
2005-09-23,20283,21010,19709,19708,10270,-0.028300956513164333
2005-09-26,19938,20665,19938,20665,7160,0.04855896082809008
2005-09-27,20665,21048,20015,20397,5510,-0.012968787805468174
2005-09-28,20398,20474,19977,20359,8210,-0.0018630190714320483
2005-09-29,20359,20512,19709,20053,8980,-0.015030207770519222
2005-09-30,19938,20244,19632,19746,6270,-0.015309430010472247
2005-10-04,20283,20436,19747,20053,15990,0.01554745264863766
2005-10-05,19709,19977,19173,19593,8100,-0.022939211090609923
2005-10-06,19479,19594,18828,19058,4650,-0.027305670392487102
2005-10-07,18675,19479,18675,19134,9170,0.0039878266344841595
2005-10-10,19441,19823,19135,19364,11201,0.012020487091042087
2005-10-11,19249,20665,19249,20665,12400,0.06718653170832467
2005-10-12,20665,20665,20168,20627,5821,-0.0018388579724171183
2005-10-13,20053,20436,19823,19900,6449,-0.03524506714500408
2005-10-14,19900,22808,19900,22425,14477,0.12688442211055273
2005-10-17,22005,22196,20895,21086,11370,-0.059710144927536235
2005-10-18,21086,21813,20742,21201,4269,0.005453855638812399
2005-10-19,21354,21431,20053,21048,6700,-0.007216640724494128
2005-10-20,20818,22158,20818,22157,16870,0.052689091600152116
2005-10-21,22081,22923,22081,22885,9550,0.03285643363271196
2005-10-24,21546,22502,21546,21890,14750,-0.04347826086956519
2005-10-25,22158,22808,21890,21890,5820,0.0
2005-10-26,22579,22579,21967,22464,3560,0.026222019186843415
2005-10-27,22464,24492,22464,22961,14070,0.022124287749287763
2005-10-28,22885,24378,22464,22961,2560,0.0
2005-10-31,24301,24301,22732,23420,4440,0.019990418535777987
2005-11-01,24071,24071,22770,22770,1730,-0.027754056362083723
2005-11-02,22770,23650,22426,22578,3280,-0.00843214756258237
2005-11-03,22541,22579,22005,22578,6790,0.0
2005-11-04,22579,22808,21967,22502,1214,-0.0033661086012932717
2005-11-07,22158,22426,21852,22272,2140,-0.01022131366100787
2005-11-08,22043,22120,20972,21392,8360,-0.03951149425287359
2005-11-09,21393,21546,21010,21392,5550,0.0
2005-11-10,21201,21890,21201,21430,2540,0.0017763649962603267
2005-11-11,21469,22120,21431,21469,2780,0.0018198786747549711
2005-11-14,21392,22196,21278,21813,11745,0.016023103078857792
2005-11-15,22196,22196,21660,21966,7260,0.007014165864392741
2005-11-16,21813,22349,21813,22349,5170,0.01743603751251932
2005-11-17,22349,22885,22043,22885,12905,0.023983175981028282
2005-11-18,22962,23650,21507,23344,15870,0.0200568057679702
2005-11-21,22847,23115,22426,22425,7760,-0.03936771761480462
2005-11-22,22273,22502,22120,22502,4510,0.0034336677814938987
2005-11-23,22502,23880,22502,23459,5210,0.04252955292862848
2005-11-24,23459,23880,23459,23880,5471,0.017946204015516498
2005-11-25,23880,24110,23268,23918,4600,0.0015912897822445426
2005-11-28,23574,24071,23497,24033,3410,0.0048080943222676975
2005-11-29,24033,24033,23497,24033,1790,0.0
2005-11-30,24033,24033,23421,24033,1170,0.0
2005-12-01,24110,24110,23727,24033,1370,0.0
2005-12-02,24263,24263,23497,24033,7530,0.0
2005-12-05,24033,24186,23459,23726,4810,-0.012774102276037147
2005-12-06,23344,23727,22196,22196,7131,-0.06448621765152152
2005-12-07,22196,22196,20206,21277,26850,-0.04140385655072987
2005-12-08,20665,21354,20359,20895,2970,-0.017953658880481282
2005-12-09,20895,23191,20665,23038,28900,0.10256042115338593
2005-12-12,23880,23880,22426,22961,7890,-0.0033423040194461295
2005-12-13,22579,23383,22502,23382,1442,0.018335438351988254
2005-12-14,23306,23306,22311,22961,2640,-0.01800530322470273
2005-12-15,22579,22655,22234,22655,1260,-0.013326945690518732
2005-12-16,22579,22655,21507,22655,1870,0.0
2005-12-19,22234,22962,21967,22885,740,0.010152284263959421
2005-12-20,23038,23038,22120,22808,7235,-0.0033646493336246808
2005-12-21,22196,22579,21699,22578,3250,-0.010084180989126668
2005-12-22,21852,22962,21431,22043,14350,-0.023695632916998832
2005-12-23,21431,21431,20780,20780,12856,-0.0572971011205371
2005-12-26,20780,21354,20436,20665,13635,-0.0055341674687199305
2005-12-27,20665,21201,20283,20741,10500,0.0036777159448342367
2005-12-28,20091,20972,19785,19785,3810,-0.046092280989344814
2005-12-29,20244,20244,19288,19287,19321,-0.025170583775587563
2006-01-02,19173,19900,19135,19670,1730,0.019857935396899506
2006-01-03,19249,19747,19249,19593,1181,-0.003914590747330915
2006-01-04,19594,20589,19135,20588,9550,0.05078344306640137
2006-01-05,20359,20780,19670,20627,3820,0.001894307363512704
2006-01-06,20436,20474,20397,20435,1710,-0.009308188296892395
2006-01-09,20742,20742,19249,20167,1140,-0.013114754098360604
2006-01-10,19747,20130,19709,20053,3280,-0.005652799127287111
2006-01-11,19900,20436,19632,20282,5120,0.011419737695107957
2006-01-12,20283,20512,20130,20435,7100,0.007543634750024619
2006-01-13,20742,20857,20244,20359,8480,-0.0037191093711769208
2006-01-16,21278,21278,20665,21239,7340,0.04322412692175459
2006-01-17,20857,21431,20818,21277,8849,0.0017891614482790086
2006-01-18,21278,21967,20283,21469,5780,0.009023828547257695
2006-01-19,21469,22196,21125,22196,13010,0.03386277889049327
2006-01-20,21813,22579,21584,21813,6342,-0.01725536132636507
2006-01-23,20742,21813,18867,20282,15990,-0.07018750286526387
2006-01-24,19900,23268,19211,20741,52240,0.022630904250073858
2006-01-25,21010,21239,20130,20550,30614,-0.009208813461260346
2006-01-26,20359,20551,19938,20053,4529,-0.024184914841849148
2006-01-27,20168,21431,20168,21201,3300,0.0572482920261308
2006-01-31,20321,21431,20321,20895,4630,-0.014433281448988255
2006-02-01,20665,21086,20283,20588,4000,-0.014692510169897144
2006-02-02,20895,20895,20091,20320,6650,-0.01301729162619003
2006-02-03,20359,20436,19441,20167,6680,-0.007529527559055116
2006-02-06,19900,20091,19288,20091,4330,-0.003768532751524778
2006-02-07,19900,20244,19747,19900,13022,-0.009506744313374171
2006-02-08,19400,20300,18500,19400,5480,-0.025125628140703515
2006-02-09,20500,20500,18650,19500,3590,0.005154639175257714
2006-02-10,19050,19350,18700,19250,2230,-0.012820512820512775
2006-02-13,19250,19300,19000,19000,4136,-0.012987012987012991
2006-02-14,18400,19100,18350,19100,2010,0.0052631578947368585
2006-02-15,19100,19350,18650,19000,1580,-0.005235602094240788
2006-02-16,18600,19400,18600,19400,1892,0.021052631578947434
2006-02-17,19800,19800,18950,18950,1950,-0.023195876288659822
2006-02-20,18400,19300,18400,19300,2060,0.01846965699208436
2006-02-21,19400,19450,18800,19250,960,-0.002590673575129543
2006-02-22,18700,19850,18700,19350,2280,0.0051948051948051965
2006-02-23,19200,19750,19200,19550,2181,0.010335917312661591
2006-02-24,19300,19600,19250,19250,1991,-0.01534526854219953
2006-02-27,19000,19300,18500,19000,3550,-0.012987012987012991
2006-02-28,19000,19000,18600,18850,1269,-0.007894736842105288
2006-03-02,18850,18850,18100,18150,3830,-0.037135278514588865
2006-03-03,18350,18350,17750,18150,6920,0.0
2006-03-06,17800,18200,17750,18150,390,0.0
2006-03-07,17650,18200,17650,18000,640,-0.008264462809917328
2006-03-08,17200,18400,17200,18100,1640,0.005555555555555536
2006-03-09,17950,18600,17800,18150,4444,0.0027624309392264568
2006-03-10,17900,18500,17900,18450,1194,0.016528925619834656
2006-03-13,18450,18700,18350,18650,6250,0.01084010840108407
2006-03-14,18700,19000,18250,18650,870,0.0
2006-03-15,18300,18350,18000,18000,7055,-0.034852546916890104
2006-03-16,17900,18150,17600,17900,1435,-0.005555555555555536
2006-03-17,17600,18300,17600,18300,3210,0.022346368715083775
2006-03-20,18100,18300,17900,18300,5330,0.0
2006-03-21,18000,18550,17800,18550,1330,0.013661202185792254
2006-03-22,18700,18700,17950,18100,1154,-0.02425876010781669
2006-03-23,17900,18250,17800,18200,652,0.005524861878453136
2006-03-24,18200,18400,17800,18400,14619,0.01098901098901095
2006-03-27,18000,19100,18000,19000,901,0.032608695652173836
2006-03-28,18700,19000,18650,18950,4408,-0.0026315789473684292
2006-03-29,18750,19000,18700,19000,3528,0.0026385224274405594
2006-03-30,18900,19300,18800,19300,2810,0.015789473684210575
2006-03-31,19000,19400,19000,19400,6470,0.005181347150259086
2006-04-03,19400,19800,19400,19800,9350,0.020618556701030855
2006-04-04,19800,20700,19800,20700,6610,0.045454545454545414
2006-04-05,20700,21000,20200,21000,6420,0.01449275362318847
2006-04-06,20600,21650,20600,21450,9760,0.021428571428571352
2006-04-07,21200,21700,21200,21350,3340,-0.004662004662004615
2006-04-10,21950,21950,21000,21000,4910,-0.016393442622950838
2006-04-11,21000,21000,19900,20600,6080,-0.01904761904761909
2006-04-12,20600,20650,20600,20600,1610,0.0
2006-04-13,20300,20950,20300,20950,1220,0.016990291262136026
2006-04-14,21000,21350,20500,20950,4674,0.0
2006-04-17,20400,20950,20400,20950,5800,0.0
2006-04-18,20950,22100,20950,22050,17138,0.05250596658711215
2006-04-19,22050,24000,21500,23900,16424,0.08390022675736963
2006-04-20,23900,24000,23400,23800,9240,-0.004184100418409997
2006-04-21,23750,24300,23250,24300,24130,0.021008403361344463
2006-04-24,24100,24100,23300,24000,2980,-0.012345679012345734
2006-04-25,23800,24500,23800,24200,8630,0.008333333333333304
2006-04-26,23700,24150,23650,24100,4040,-0.004132231404958664
2006-04-27,23700,24850,23400,23850,4340,-0.010373443983402453
2006-04-28,23600,23650,23150,23650,2630,-0.008385744234800874
2006-05-02,23250,23700,23250,23650,2130,0.0
2006-05-03,23650,24500,23450,23450,6420,-0.008456659619450302
2006-05-04,23200,23500,23000,23500,3211,0.002132196162046851
2006-05-08,23050,23650,23050,23650,3853,0.006382978723404209
2006-05-09,24100,26000,24100,25200,52852,0.06553911205074003
2006-05-10,25000,26250,24900,26200,45450,0.039682539682539764
2006-05-11,26500,26650,26200,26500,11735,0.011450381679389388
2006-05-12,25900,26550,25800,26550,8900,0.0018867924528302993
2006-05-15,26100,26300,25600,25950,16821,-0.02259887005649719
2006-05-16,25600,25700,25000,25050,10535,-0.034682080924855474
2006-05-17,24500,25600,24500,25200,6520,0.0059880239520957446
2006-05-18,24600,25000,23600,25000,9270,-0.007936507936507908
2006-05-19,24400,25000,24300,24950,1272,-0.0020000000000000018
2006-05-22,25200,25200,24400,24700,4102,-0.01002004008016033
2006-05-23,24300,24500,23350,23650,15537,-0.04251012145748989
2006-05-24,24300,24300,23200,24050,6490,0.016913319238900604
2006-05-25,23900,24750,23550,24350,7770,0.012474012474012364
2006-05-26,24350,24500,23600,24400,4567,0.002053388090349051
2006-05-29,24000,24800,23900,24550,4100,0.006147540983606481
2006-05-30,24500,24600,24500,24600,440,0.0020366598778003286
2006-06-01,24100,24500,23950,24300,5560,-0.012195121951219523
2006-06-02,24300,25000,24100,25000,2040,0.028806584362139898
2006-06-05,25000,25000,23900,24900,6770,-0.0040000000000000036
2006-06-07,24000,24300,23700,23950,4553,-0.0381526104417671
2006-06-08,23900,23900,23300,23750,3920,-0.008350730688935326
2006-06-09,23750,24450,23700,24150,5597,0.01684210526315799
2006-06-12,23800,23850,23550,23800,3550,-0.01449275362318836
2006-06-13,23300,23500,23050,23500,1170,-0.012605042016806678
2006-06-14,23200,24500,22900,24350,8720,0.036170212765957555
2006-06-15,24350,24950,23700,24000,3800,-0.014373716632443578
2006-06-16,24500,24950,24200,24450,4700,0.018750000000000044
2006-06-19,24450,24450,24000,24400,1150,-0.002044989775051076
2006-06-20,23600,24200,23600,24200,410,-0.008196721311475419
2006-06-21,24600,24600,23950,24500,280,0.012396694214876103
2006-06-22,24300,25000,24300,24800,1060,0.012244897959183598
2006-06-23,24000,25100,23950,25000,5570,0.008064516129032251
2006-06-26,25000,25300,25000,25200,904,0.008000000000000007
2006-06-27,25500,25500,24550,25200,3850,0.0
2006-06-28,24350,25200,24350,25200,70,0.0
2006-06-29,25300,25300,25200,25200,730,0.0
2006-06-30,25450,25800,25450,25800,430,0.023809523809523725
2006-07-03,25800,25800,25050,25500,2480,-0.011627906976744207
2006-07-04,25150,25500,25150,25500,300,0.0
2006-07-05,24550,25400,24550,25400,2840,-0.0039215686274509665
2006-07-06,25350,25350,25200,25350,90,-0.0019685039370078705
2006-07-07,24750,25200,24750,25200,160,-0.00591715976331364
2006-07-10,24150,24850,24100,24850,880,-0.01388888888888884
2006-07-11,24300,25100,24000,25100,1950,0.010060362173038184
2006-07-12,24900,24900,24500,24750,70,-0.013944223107569709
2006-07-13,24200,24800,24100,24800,580,0.002020202020202033
2006-07-14,24600,24600,24600,24600,0,-0.008064516129032251
2006-07-18,24000,24400,23600,24400,580,-0.008130081300813052
2006-07-19,24050,24500,24050,24500,610,0.004098360655737654
2006-07-20,24200,24700,24150,24700,950,0.008163265306122547
2006-07-21,25000,25000,25000,25000,500,0.012145748987854255
2006-07-24,24750,24950,23950,24950,760,-0.0020000000000000018
2006-07-25,24250,24750,24250,24750,510,-0.008016032064128265
2006-07-26,24300,24800,24050,24750,360,0.0
2006-07-27,23700,24900,23700,24900,1380,0.0060606060606061
2006-07-28,24300,24900,24300,24900,120,0.0
2006-07-31,24450,24850,24050,24550,2510,-0.014056224899598346
2006-08-01,24050,24550,24050,24550,780,0.0
2006-08-02,24150,24550,24150,24550,170,0.0
2006-08-03,24300,24550,23700,24550,2790,0.0
2006-08-04,24400,24400,24400,24400,10,-0.006109979633401208
2006-08-07,24150,24500,24150,24200,3020,-0.008196721311475419
2006-08-08,24450,24450,24250,24250,630,0.0020661157024792765
2006-08-09,24150,24200,23900,24150,1924,-0.004123711340206171
2006-08-10,23900,24000,23700,23950,1010,-0.008281573498964856
2006-08-11,24050,24050,23950,23950,506,0.0
2006-08-14,23600,24350,23600,24150,650,0.008350730688935215
2006-08-16,24000,24200,23800,23800,190,-0.01449275362318836
2006-08-17,23900,23900,23450,23900,700,0.004201680672268893
2006-08-18,23600,24000,23600,24000,330,0.004184100418409997
2006-08-21,23400,23500,23400,23400,190,-0.025000000000000022
2006-08-22,23300,23700,23250,23350,660,-0.002136752136752129
2006-08-23,23150,23900,22500,23900,20420,0.023554603854389677
2006-08-24,23500,23900,23300,23900,1210,0.0
2006-08-25,23500,23500,23300,23450,600,-0.01882845188284521
2006-08-28,23000,23700,22850,23500,4960,0.002132196162046851
2006-08-29,23300,23950,23300,23400,3010,-0.004255319148936176
2006-08-30,23500,23500,23050,23500,330,0.004273504273504258
2006-08-31,23700,23700,23000,23500,2270,0.0
2006-09-01,23150,23450,22550,23150,1070,-0.014893617021276562
2006-09-04,23150,23150,22900,22900,883,-0.010799136069114423
2006-09-05,22950,23100,22900,23100,1380,0.008733624454148492
2006-09-06,23100,23450,22950,23400,610,0.01298701298701288
2006-09-07,23000,23000,22750,23000,640,-0.017094017094017144
2006-09-08,22900,23050,22800,23050,270,0.0021739130434783593
2006-09-11,22900,22900,22600,22850,390,-0.008676789587852451
2006-09-12,22800,22800,22800,22800,380,-0.002188183807439792
2006-09-13,22750,22900,22450,22850,2470,0.002192982456140413
2006-09-14,22550,22800,22050,22800,9170,-0.002188183807439792
2006-09-15,22700,23000,22500,23000,520,0.00877192982456143
2006-09-18,23000,23000,22800,23000,3760,0.0
2006-09-19,23500,23500,22850,22850,1910,-0.006521739130434745
2006-09-20,22700,23000,22700,23000,560,0.006564551422319376
2006-09-21,23000,23000,22800,23000,180,0.0
2006-09-22,22850,23100,22500,23100,4510,0.004347826086956497
2006-09-25,23000,23100,22900,22900,230,-0.008658008658008698
2006-09-26,23100,23100,22850,22850,170,-0.0021834061135370675
2006-09-27,22600,23100,22600,22900,170,0.002188183807439792
2006-09-28,22900,23100,22650,23100,640,0.008733624454148492
2006-09-29,23100,23500,22900,23500,1610,0.017316017316017396
2006-10-02,23750,23750,23150,23750,170,0.010638297872340496
2006-10-04,23500,23500,23100,23500,660,-0.010526315789473717
2006-10-09,22950,23450,22300,23450,1110,-0.0021276595744680327
2006-10-10,23000,23300,23000,23300,600,-0.006396588486140775
2006-10-11,23400,23600,23300,23500,2640,0.008583690987124415
2006-10-12,23000,23500,22800,23500,1060,0.0
2006-10-13,23500,23500,22850,23500,2250,0.0
2006-10-16,22900,23400,22750,23300,2140,-0.008510638297872353
2006-10-17,22850,23300,22700,23300,1350,0.0
2006-10-18,23150,23150,23150,23150,0,-0.006437768240343367
2006-10-19,23300,23300,22900,22900,10150,-0.010799136069114423
2006-10-20,22900,23000,22600,23000,1310,0.004366812227074135
2006-10-23,22750,22950,22700,22950,250,-0.0021739130434782483
2006-10-24,22650,22850,22550,22850,770,-0.004357298474945481
2006-10-25,22800,22800,22500,22500,2290,-0.015317286652078765
2006-10-26,22850,22850,22500,22800,590,0.01333333333333342
2006-10-27,22750,22750,22500,22550,1670,-0.010964912280701733
2006-10-30,22500,22500,22050,22400,380,-0.006651884700665134
2006-10-31,22500,22750,22300,22750,1150,0.015625
2006-11-01,22750,22900,22750,22900,431,0.00659340659340657
2006-11-02,22900,24600,22900,23450,540,0.024017467248908186
2006-11-03,23100,23200,23100,23200,60,-0.010660980810234588
2006-11-06,23100,23100,23000,23000,660,-0.008620689655172376
2006-11-07,23050,23050,22550,22650,1410,-0.01521739130434785
2006-11-08,22700,24200,19500,22900,980,0.011037527593819041
2006-11-09,22800,22900,22700,22900,130,0.0
2006-11-10,22700,23000,22700,23000,160,0.004366812227074135
2006-11-13,23050,23050,21950,22350,2090,-0.02826086956521734
2006-11-14,22200,22200,21050,22200,7200,-0.006711409395973145
2006-11-15,22200,22750,21550,22700,4338,0.022522522522522515
2006-11-16,22700,22700,22000,22700,640,0.0
2006-11-17,22700,22750,22700,22750,4490,0.0022026431718060735
2006-11-20,22750,23200,22750,23200,11180,0.01978021978021971
2006-11-21,23400,23400,22700,23150,8720,-0.0021551724137931494
2006-11-22,22800,23200,22700,23100,2231,-0.002159827213822907
2006-11-23,22700,23000,22700,23000,2810,-0.0043290043290042934
2006-11-24,22950,22950,22800,22950,170,-0.0021739130434782483
2006-11-27,22700,23000,22600,23000,1290,0.002178649237472685
2006-11-28,22800,23900,22800,23900,530,0.03913043478260869
2006-11-29,23800,24500,23200,24400,6590,0.02092050209205021
2006-11-30,24400,24400,24000,24400,1530,0.0
2006-12-01,24050,24300,23000,24200,3060,-0.008196721311475419
2006-12-04,24200,24200,24000,24150,1540,-0.0020661157024793875
2006-12-05,24000,24200,24000,24150,1010,0.0
2006-12-06,23500,24000,23500,24000,610,-0.006211180124223614
2006-12-07,23600,24100,23600,24100,360,0.004166666666666652
2006-12-08,24100,24100,23600,23700,270,-0.016597510373444035
2006-12-11,23350,23800,23200,23800,230,0.00421940928270037
2006-12-12,23750,23750,23200,23750,1530,-0.0021008403361344463
2006-12-13,23750,24100,23750,24100,40,0.01473684210526316
2006-12-14,24000,24100,24000,24100,220,0.0
2006-12-15,23900,24000,23650,24000,400,-0.004149377593360981
2006-12-18,24000,24050,23500,24000,5030,0.0
2006-12-19,24000,24300,24000,24300,24010,0.012499999999999956
2006-12-20,24400,25000,24300,25000,3105,0.028806584362139898
2006-12-21,24600,26550,24600,25300,17420,0.01200000000000001
2006-12-22,25350,25950,25000,25100,29134,-0.007905138339920903
2006-12-26,25100,25500,25100,25500,18140,0.015936254980079667
2006-12-27,25500,25900,25450,25800,11500,0.0117647058823529
2006-12-28,25500,26850,25500,26700,39340,0.03488372093023262
2007-01-02,26300,27400,26200,27300,12470,0.022471910112359605
2007-01-03,27100,27300,26700,27300,9020,0.0
2007-01-04,26950,27650,26800,27550,21920,0.009157509157509125
2007-01-05,27850,27850,27500,27750,5010,0.007259528130671544
2007-01-08,27650,28000,27650,27750,2380,0.0
2007-01-09,29500,29500,27500,27500,29290,-0.009009009009009028
2007-01-10,27100,27750,26400,27750,2570,0.009090909090909038
2007-01-11,27900,27950,27750,27800,690,0.0018018018018017834
2007-01-12,27900,27900,27550,27900,2680,0.003597122302158251
2007-01-15,27600,28500,27600,28400,3152,0.017921146953405076
2007-01-16,28000,29500,28000,29300,6494,0.03169014084507049
2007-01-17,29300,29300,28850,28850,2346,-0.015358361774744034
2007-01-18,28400,28850,28400,28850,410,0.0
2007-01-19,29000,29000,27550,28000,2420,-0.029462738301559765
2007-01-22,27000,27000,26000,27000,20550,-0.0357142857142857
2007-01-23,27000,27000,26200,26800,11480,-0.007407407407407418
2007-01-24,26300,27950,26300,27950,3910,0.042910447761194126
2007-01-25,27950,28000,27250,27950,4680,0.0
2007-01-26,27100,27950,26850,27900,1870,-0.0017889087656529634
2007-01-29,27250,27500,27200,27500,1040,-0.014336917562724039
2007-01-30,26800,27450,26800,27000,1100,-0.018181818181818188
2007-01-31,27100,27100,26000,26000,6673,-0.03703703703703709
2007-02-01,27200,27200,26000,26800,3420,0.03076923076923066
2007-02-02,26200,27850,26200,27400,2390,0.02238805970149249
2007-02-05,27800,27800,27800,27800,100,0.014598540145985384
2007-02-06,26900,27800,26700,27500,5870,-0.010791366906474864
2007-02-07,27900,27900,26600,26600,8260,-0.032727272727272716
2007-02-08,26450,26900,26250,26900,7590,0.011278195488721776
2007-02-09,26200,27500,26200,27500,3230,0.02230483271375472
2007-02-12,27800,27800,27450,27450,1710,-0.0018181818181818299
2007-02-13,26950,27500,26950,27500,230,0.0018214936247722413
2007-02-14,26950,27950,26950,27950,8700,0.016363636363636358
2007-02-15,28000,28000,27400,28000,5030,0.0017889087656528524
2007-02-16,27400,28800,27350,28700,6840,0.02499999999999991
2007-02-20,28250,29000,28250,28650,4790,-0.0017421602787456303
2007-02-21,28700,29000,28500,28900,3460,0.008726003490401313
2007-02-22,28350,29000,28350,28900,3310,0.0
2007-02-23,28550,29150,28550,28800,3021,-0.0034602076124568004
2007-02-26,27850,29000,27850,28350,2970,-0.015625
2007-02-27,28250,29500,28250,29450,9840,0.03880070546737224
2007-02-28,29000,29400,28200,29400,1840,-0.001697792869269965
2007-03-02,28550,30000,28550,30000,60,0.020408163265306145
2007-03-05,29950,30100,29950,30000,680,0.0
2007-03-06,29400,30200,28200,29800,2290,-0.00666666666666671
2007-03-07,29950,31900,29150,31300,4010,0.05033557046979875
2007-03-08,31250,31300,30000,30500,2280,-0.025559105431309903
2007-03-09,29600,31000,29550,30550,4010,0.0016393442622950616
2007-03-12,30500,30500,30400,30500,2910,-0.0016366612111292644
2007-03-13,30500,30500,30000,30300,2350,-0.006557377049180357
2007-03-14,29700,30300,28800,30000,6020,-0.00990099009900991
2007-03-15,30000,30500,29500,30250,5630,0.008333333333333304
2007-03-16,30000,30100,29500,29900,6970,-0.011570247933884281
2007-03-19,29700,30900,29550,30700,5580,0.026755852842809347
2007-03-20,30900,31000,30500,30700,8460,0.0
2007-03-21,31000,31300,30750,31100,12570,0.013029315960912058
2007-03-22,31050,31900,30850,31750,9260,0.020900321543408262
2007-03-23,30000,31200,30000,30650,52817,-0.03464566929133861
2007-03-26,30400,31100,30350,30900,660,0.00815660685154973
2007-03-27,31300,31300,30500,30900,5400,0.0
2007-03-28,30900,30900,30300,30800,1590,-0.003236245954692518
2007-03-29,30600,31550,30050,31550,7090,0.024350649350649345
2007-03-30,31550,32500,31350,31350,2360,-0.006339144215530945
2007-04-02,31350,31800,31100,31800,1650,0.014354066985645897
2007-04-03,32000,32000,31300,32000,1190,0.0062893081761006275
2007-04-04,31650,33500,31550,33400,19790,0.043749999999999956
2007-04-05,33400,33950,33100,33900,16150,0.014970059880239583
2007-04-06,34000,34200,33800,34200,4246,0.008849557522123908
2007-04-09,34200,36000,34200,36000,11320,0.05263157894736836
2007-04-10,37200,40950,37200,40950,27613,0.13749999999999996
2007-04-11,41750,41900,39500,40600,17584,-0.008547008547008517
2007-04-12,41500,41500,39800,41000,9773,0.009852216748768461
2007-04-13,41500,41500,39950,40400,12951,-0.014634146341463428
2007-04-16,42000,42000,39350,40200,9710,-0.004950495049504955
2007-04-17,39400,40350,39300,40200,10130,0.0
2007-04-18,40600,45000,40000,43450,11820,0.08084577114427871
2007-04-19,44500,45000,42100,43700,13030,0.005753739930955071
2007-04-20,43400,43700,42350,43000,6050,-0.016018306636155555
2007-04-23,44400,44400,42300,43600,15305,0.013953488372093092
2007-04-24,44200,46900,42600,46750,15103,0.07224770642201839
2007-04-25,48500,48500,45950,48500,5625,0.03743315508021383
2007-04-26,48600,48850,47050,48400,7350,-0.0020618556701030855
2007-04-27,49500,49500,46600,47950,4093,-0.009297520661157077
2007-04-30,48900,48900,46500,47800,5600,-0.0031282586027111536
2007-05-02,47800,47800,47000,47750,2850,-0.0010460251046024993
2007-05-03,47700,47750,46650,47650,7060,-0.0020942408376963817
2007-05-04,47500,48450,47000,48000,5390,0.007345225603357708
2007-05-07,47000,48400,47000,48050,3520,0.0010416666666666075
2007-05-08,48000,51900,48000,50500,26039,0.05098855359001031
2007-05-09,50500,51800,50000,50900,2821,0.007920792079207928
2007-05-10,51900,53200,51000,53000,14880,0.04125736738703334
2007-05-11,52300,52700,51000,52100,8267,-0.016981132075471694
2007-05-14,53800,54500,50700,52700,7230,0.011516314779270731
2007-05-15,53700,53700,50100,51500,4898,-0.022770398481973486
2007-05-16,51000,52900,51000,52700,2724,0.023300970873786353
2007-05-17,51500,53000,51100,52800,5046,0.00189753320683117
2007-05-18,53500,53500,51800,52900,5275,0.0018939393939394478
2007-05-21,50000,53500,50000,53500,15753,0.011342155009451904
2007-05-22,54000,54600,53500,53800,8521,0.005607476635514086
2007-05-23,53800,54500,52500,54200,1946,0.0074349442379182396
2007-05-25,53000,54300,53000,54200,2839,0.0
2007-05-28,56000,56000,53600,54800,6111,0.011070110701107083
2007-05-29,54800,55200,54200,55100,5514,0.005474452554744547
2007-05-30,53600,55000,53600,55000,1135,-0.001814882032667886
2007-05-31,55000,55000,53100,55000,5917,0.0
2007-06-01,55000,55500,53300,53600,3248,-0.025454545454545507
2007-06-04,53900,53900,49800,52300,10776,-0.02425373134328357
2007-06-05,52000,52700,50500,52000,10674,-0.005736137667303964
2007-06-07,50000,52500,50000,52500,15456,0.009615384615384581
2007-06-08,51200,52000,50700,52000,2057,-0.00952380952380949
2007-06-11,51000,51500,49900,49900,7645,-0.04038461538461535
2007-06-12,50500,50700,50000,50300,2880,0.008016032064128265
2007-06-13,51400,51400,48900,49950,2865,-0.006958250497017926
2007-06-14,50300,50700,49900,50700,4150,0.01501501501501501
2007-06-15,52000,52000,49850,49950,3224,-0.014792899408283988
2007-06-18,50000,51100,49400,50300,6930,0.00700700700700696
2007-06-19,50000,50200,48900,49450,7666,-0.016898608349900646
2007-06-20,49550,49950,48000,49450,9540,0.0
2007-06-21,49750,53900,48850,51800,11166,0.04752275025278063
2007-06-22,52000,53300,51800,53000,7776,0.02316602316602312
2007-06-25,52500,55500,52300,55500,19197,0.04716981132075482
2007-06-26,54600,55400,52900,53100,5211,-0.043243243243243246
2007-06-27,52700,54800,51300,51400,1231,-0.032015065913371
2007-06-28,52700,53500,50700,53000,3625,0.03112840466926059
2007-06-29,53900,53900,52100,53300,3516,0.005660377358490676
2007-07-02,53300,54000,53300,54000,2735,0.013133208255159401
2007-07-03,55000,55000,54000,54900,2446,0.016666666666666607
2007-07-04,55800,55800,53600,54900,1375,0.0
2007-07-05,54100,55500,53000,54700,5733,-0.0036429872495445936
2007-07-06,53500,55200,53500,54800,867,0.001828153564899404
2007-07-09,53900,57400,53900,56900,60517,0.038321167883211604
2007-07-10,57200,62600,57200,60900,46967,0.07029876977152894
2007-07-11,60900,62500,60500,62400,15314,0.024630541871921263
2007-07-12,62400,68000,61600,67200,55741,0.07692307692307687
2007-07-13,69000,74900,67300,72000,12018,0.0714285714285714
2007-07-16,72000,72500,68300,71400,6677,-0.008333333333333304
2007-07-18,71200,71300,68300,69900,5229,-0.021008403361344574
2007-07-19,68400,70000,67000,69000,9425,-0.012875536480686733
2007-07-20,69000,69100,67000,68000,14156,-0.01449275362318836
2007-07-23,68000,69000,66000,67000,9472,-0.014705882352941124
2007-07-24,66800,67200,65800,67200,13156,0.0029850746268655914
2007-07-25,68500,72200,66900,70400,12244,0.04761904761904767
2007-07-26,70200,73400,69400,72900,10780,0.035511363636363535
2007-07-27,70600,73000,70000,72000,4419,-0.012345679012345734
2007-07-30,70200,72400,69000,72400,3205,0.005555555555555536
2007-07-31,72600,72900,70600,72900,3576,0.006906077348066253
2007-08-01,72900,72900,70000,71500,2409,-0.019204389574759895
2007-08-02,71500,72400,62500,71800,3411,0.00419580419580412
2007-08-03,70800,72800,69000,70600,6379,-0.01671309192200554
2007-08-06,71300,71300,69100,69700,1344,-0.012747875354107596
2007-08-07,69600,69900,66600,69000,12673,-0.010043041606886627
2007-08-08,68100,69100,67800,69100,6297,0.0014492753623187582
2007-08-09,69100,69200,67400,68500,4336,-0.00868306801736618
2007-08-10,68700,68700,65600,68500,3949,0.0
2007-08-13,68500,68500,65800,67900,7814,-0.008759124087591275
2007-08-14,68200,68200,64500,64500,3083,-0.050073637702503726
2007-08-16,63500,63700,54900,59800,14674,-0.0728682170542636
2007-08-17,59300,59300,54100,56000,4113,-0.0635451505016722
2007-08-20,58000,59900,56500,59800,4226,0.06785714285714284
2007-08-21,57800,60000,57800,58800,3492,-0.01672240802675584
2007-08-22,66000,66000,61000,61000,18406,0.03741496598639449
2007-08-23,61100,63000,59900,61000,3627,0.0
2007-08-24,61200,61200,58700,60500,1977,-0.008196721311475419
2007-08-27,61000,61000,57900,60400,3269,-0.0016528925619834212
2007-08-28,59200,61000,57500,60400,9474,0.0
2007-08-29,59200,61000,58700,60700,2306,0.004966887417218624
2007-08-30,60800,62000,60600,60900,9889,0.0032948929159801743
2007-08-31,61000,61700,60200,61700,4686,0.013136288998357948
2007-09-03,60800,64300,60800,63000,30474,0.021069692058346856
2007-09-04,64500,65700,64200,65000,14075,0.031746031746031855
2007-09-05,64200,66500,64100,66500,9299,0.023076923076922995
2007-09-06,66600,66600,64900,66200,5266,-0.004511278195488688
2007-09-07,66200,67200,64200,66200,6399,0.0
2007-09-10,64000,65900,62500,65900,1809,-0.004531722054380682
2007-09-11,67000,67000,63000,64900,2140,-0.015174506828528056
2007-09-12,64000,64800,63700,64100,993,-0.012326656394452962
2007-09-13,63000,64000,63000,63400,4996,-0.010920436817472678
2007-09-14,63500,66000,63100,63900,1278,0.007886435331230235
2007-09-17,64100,64100,62200,62500,653,-0.021909233176838794
2007-09-18,62100,63500,61500,62000,1889,-0.008000000000000007
2007-09-19,62000,63200,61200,62200,2878,0.003225806451612856
2007-09-20,62400,62400,60700,61800,4395,-0.006430868167202619
2007-09-21,61900,62000,60000,61400,9279,-0.006472491909385147
2007-09-27,62000,64000,62000,63300,3080,0.030944625407166138
2007-09-28,67000,67000,62900,64000,1793,0.011058451816745585
2007-10-01,64000,64000,62500,63100,2362,-0.014062499999999978
2007-10-02,64000,64100,61600,62400,2453,-0.011093502377179099
2007-10-04,62400,62400,60000,61500,5057,-0.014423076923076872
2007-10-05,61500,62800,60500,62600,11359,0.01788617886178856
2007-10-08,62600,63800,61100,62700,4377,0.0015974440894568342
2007-10-09,66100,70800,63500,63500,204204,0.012759170653907415
2007-10-10,64300,65700,63500,63500,35231,0.0
2007-10-11,63000,64500,61900,63900,35054,0.006299212598425141
2007-10-12,63100,64800,61100,62900,20824,-0.015649452269170583
2007-10-15,62100,62300,59400,60500,20058,-0.038155802861685184
2007-10-16,59300,60200,54100,54100,27611,-0.10578512396694217
2007-10-17,54000,54500,50300,50800,18706,-0.060998151571164505
2007-10-18,51300,54000,50200,54000,16596,0.06299212598425208
2007-10-19,54800,54800,51200,52500,7938,-0.02777777777777779
2007-10-22,48000,51500,48000,51500,9337,-0.01904761904761909
2007-10-23,52000,52800,51100,51100,7850,-0.007766990291262155
2007-10-24,52400,52400,49000,49650,20588,-0.02837573385518588
2007-10-25,49800,50000,47350,49000,28770,-0.01309164149043307
2007-10-26,49000,51000,48700,49000,60739,0.0
2007-10-29,49050,50400,47950,49000,8550,0.0
2007-10-30,49800,52000,48500,51500,10448,0.05102040816326525
2007-10-31,51900,55000,50000,54400,19761,0.056310679611650594
2007-11-01,54900,54900,53300,53700,5661,-0.012867647058823484
2007-11-02,53000,54000,51500,54000,5657,0.005586592178770999
2007-11-05,52300,55400,52000,54000,7388,0.0
2007-11-06,54000,54800,52700,54100,4670,0.0018518518518517713
2007-11-07,55000,59000,54700,56200,20284,0.038817005545286554
2007-11-08,55800,55800,52100,54200,11600,-0.03558718861209964
2007-11-09,54000,55200,52200,53800,5116,-0.0073800738007380184
2007-11-12,52100,52800,50300,51400,24089,-0.044609665427509326
2007-11-13,51000,52000,48000,50600,5631,-0.015564202334630295
2007-11-14,50600,51600,49300,49900,12450,-0.013833992094861691
2007-11-15,50000,50800,49300,49900,6375,0.0
2007-11-16,49200,50500,48500,50000,5303,0.002004008016031955
2007-11-19,50000,50000,48550,48800,5262,-0.02400000000000002
2007-11-20,47600,48300,46400,47300,9802,-0.030737704918032738
2007-11-21,47000,47000,44700,46000,15704,-0.02748414376321351
2007-11-22,44500,46000,43050,45350,12210,-0.01413043478260867
2007-11-23,45350,45350,42600,45000,6064,-0.007717750826901848
2007-11-26,40000,46950,40000,46500,8180,0.03333333333333344
2007-11-27,46300,47500,44000,47500,4721,0.021505376344086002
2007-11-28,47500,48250,46700,47500,6540,0.0
2007-11-29,48050,49000,48000,49000,2090,0.03157894736842115
2007-11-30,47900,52300,47900,52200,9120,0.06530612244897949
2007-12-03,53800,54000,50800,54000,11226,0.034482758620689724
2007-12-04,54000,54600,52200,52900,1989,-0.020370370370370372
2007-12-05,52400,54300,51000,53900,5993,0.018903591682419618
2007-12-06,54000,54400,53100,53700,5552,-0.0037105751391465214
2007-12-07,53700,55200,53000,55000,5261,0.024208566108007368
2007-12-10,53900,55400,53000,53300,1300,-0.030909090909090886
2007-12-11,54500,54500,51700,53000,1444,-0.0056285178236398226
2007-12-12,50900,52000,50900,51500,1834,-0.028301886792452824
2007-12-13,50000,51900,50000,51000,879,-0.009708737864077666
2007-12-14,50700,51900,50600,51100,514,0.0019607843137254832
2007-12-17,49900,51300,49900,50700,1348,-0.007827788649706457
2007-12-18,50600,50600,49500,50000,825,-0.013806706114398382
2007-12-20,49500,51400,49500,50600,860,0.01200000000000001
2007-12-21,49500,51000,49500,51000,3396,0.007905138339920903
2007-12-24,50700,53500,50500,53300,3250,0.045098039215686336
2007-12-26,53700,54800,51300,54800,5892,0.02814258911819878
2007-12-27,54500,54800,52500,54800,3751,0.0
2007-12-28,53600,55000,53100,53800,2514,-0.018248175182481785
2008-01-02,53100,53600,52500,53100,467,-0.013011152416356864
2008-01-03,51500,53500,51500,52100,3904,-0.01883239171374762
2008-01-04,51500,53300,50500,52400,12224,0.0057581573896352545
2008-01-07,49850,52200,49850,51000,2945,-0.026717557251908386
2008-01-08,51000,51500,50000,50300,1174,-0.013725490196078383
2008-01-09,50300,50500,48550,50000,1849,-0.005964214711729587
2008-01-10,49150,50900,49150,49450,714,-0.01100000000000001
2008-01-11,49050,50600,49050,49950,664,0.010111223458038499
2008-01-14,48300,49000,48100,49000,1626,-0.019019019019019034
2008-01-15,50800,50800,47650,49800,1080,0.01632653061224487
2008-01-16,47000,48950,47000,48350,5733,-0.029116465863453844
2008-01-17,48350,49750,47200,48000,2450,-0.007238883143743546
2008-01-18,47500,48800,46500,48800,817,0.016666666666666607
2008-01-21,48800,48800,45600,46400,2203,-0.049180327868852514
2008-01-22,45850,45850,41600,44200,2281,-0.04741379310344829
2008-01-23,44200,44950,40600,43450,10131,-0.016968325791855254
2008-01-24,42350,43900,42350,43500,1767,0.0011507479861909697
2008-01-25,43300,44800,43300,44000,640,0.011494252873563315
2008-01-28,43350,44400,42650,43900,2503,-0.002272727272727315
2008-01-29,43900,45000,43050,45000,2880,0.02505694760820054
2008-01-30,44350,45000,42200,43450,2760,-0.0344444444444445
2008-01-31,43450,44000,43450,43900,2000,0.010356731875719172
2008-02-01,43400,44800,43400,44750,540,0.019362186788154823
2008-02-04,44750,48950,43700,46750,1317,0.04469273743016755
2008-02-05,46400,46950,45650,46950,770,0.004278074866310266
2008-02-11,46000,48800,46000,48450,1370,0.03194888178913735
2008-02-12,47000,47800,47000,47650,1770,-0.016511867905056765
2008-02-13,47150,47700,46150,47700,1760,0.0010493179433368471
2008-02-14,49750,49750,47100,48500,1210,0.016771488469601747
2008-02-15,48500,48500,47500,48400,217,-0.0020618556701030855
2008-02-18,48000,48000,46800,46800,5190,-0.03305785123966942
2008-02-19,46800,47450,46700,47100,900,0.0064102564102563875
2008-02-20,46500,46500,45500,46200,825,-0.019108280254777066
2008-02-21,46150,46400,44950,46400,1500,0.0043290043290042934
2008-02-22,46000,46000,45150,45150,481,-0.026939655172413812
2008-02-25,45100,45750,44850,45650,7508,0.011074197120708673
2008-02-26,47550,47550,46750,46950,390,0.028477546549835697
2008-02-27,46950,46950,45100,45100,6600,-0.03940362087326943
2008-02-28,45100,46400,44600,46400,1250,0.02882483370288247
2008-02-29,46800,48000,45300,48000,1930,0.034482758620689724
2008-03-03,46600,47500,46550,47500,1570,-0.01041666666666663
2008-03-04,46350,46450,45500,45500,7980,-0.04210526315789476
2008-03-05,45500,46250,44300,44300,12272,-0.02637362637362639
2008-03-06,44300,44300,43300,43950,3040,-0.007900677200902928
2008-03-07,43950,45950,43900,45950,1560,0.04550625711035261
2008-03-10,45750,45750,43750,45000,771,-0.020674646354733373
2008-03-11,44200,45000,43550,45000,1150,0.0
2008-03-12,46000,46000,38250,44650,5049,-0.007777777777777772
2008-03-13,44600,45450,43500,45300,1700,0.014557670772676445
2008-03-14,45300,45700,44200,44300,3190,-0.02207505518763797
2008-03-17,44300,45000,44050,44950,2575,0.0146726862302482
2008-03-18,44150,45250,43900,44450,1320,-0.011123470522803158
2008-03-19,44900,45800,43800,45000,2970,0.012373453318335281
2008-03-20,44300,44800,44000,44800,530,-0.004444444444444473
2008-03-21,44800,45950,44000,44900,570,0.0022321428571427937
2008-03-24,44400,44550,43600,43700,1995,-0.026726057906458767
2008-03-25,44150,44400,43600,44200,645,0.011441647597254079
2008-03-26,44400,44400,43400,43900,7550,-0.006787330316742057
2008-03-27,44000,44000,43050,43700,320,-0.004555808656036442
2008-03-28,43300,44400,42800,44350,2180,0.014874141876430214
2008-03-31,44000,44300,43500,44300,930,-0.0011273957158962622
2008-04-01,43300,44300,43300,44200,890,-0.0022573363431150906
2008-04-02,44500,44500,43600,44000,1681,-0.004524886877828038
2008-04-03,44000,44000,43200,43700,1616,-0.006818181818181834
2008-04-04,43300,44000,43000,43900,1091,0.004576659038901587
2008-04-07,43900,44450,43550,43650,843,-0.005694760820045608
2008-04-08,43650,43700,43600,43600,100,-0.001145475372279492
2008-04-10,44400,44400,43900,43900,3120,0.006880733944954143
2008-04-11,43900,44300,42900,44000,3050,0.002277904328018332
2008-04-14,43250,43850,43000,43000,2200,-0.022727272727272707
2008-04-15,42000,42850,41700,41700,2770,-0.03023255813953485
2008-04-16,41600,41700,40150,40150,20280,-0.037170263788968816
2008-04-17,41300,41300,40150,40250,7721,0.00249066002490661
2008-04-18,40350,40500,40000,40500,4260,0.006211180124223503
2008-04-21,40600,41000,40300,40700,6091,0.004938271604938205
2008-04-22,40700,41000,40700,40800,7601,0.002457002457002533
2008-04-23,40800,41300,40750,41000,9352,0.004901960784313708
2008-04-24,41500,41800,40300,41100,5010,0.0024390243902439046
2008-04-25,41250,43500,41150,43250,6370,0.05231143552311446
2008-04-28,43200,44500,42100,44500,11892,0.028901734104046284
2008-04-29,44500,46300,44500,45000,4330,0.011235955056179803
2008-04-30,44500,45900,43400,44100,8480,-0.020000000000000018
2008-05-02,43900,44500,43500,43800,2410,-0.006802721088435382
2008-05-06,43150,44100,43150,43900,2370,0.0022831050228311334
2008-05-07,43900,45500,43300,45000,3710,0.02505694760820054
2008-05-08,45000,45950,43800,45950,4060,0.02111111111111108
2008-05-09,45950,51000,45500,49300,7220,0.07290533188248105
2008-05-13,49300,50300,48500,49800,9001,0.010141987829614507
2008-05-14,49800,50400,48650,50300,11276,0.010040160642570184
2008-05-15,50000,50100,47950,49600,15256,-0.013916500994035741
2008-05-16,50000,50200,48500,49900,4230,0.006048387096774244
2008-05-19,50000,50000,49000,49600,2555,-0.006012024048096198
2008-05-20,49900,49900,48000,48000,3890,-0.032258064516129004
2008-05-21,48000,48000,47300,47700,269,-0.006249999999999978
2008-05-22,46550,48200,46550,48150,759,0.009433962264151052
2008-05-23,46700,48500,46700,48150,4830,0.0
2008-05-26,47000,48150,47000,47600,5320,-0.011422637590861928
2008-05-27,47100,49900,47100,48500,4291,0.018907563025210017
2008-05-28,47600,48500,47600,47900,534,-0.012371134020618513
2008-05-29,48500,49500,48500,49500,1630,0.03340292275574108
2008-05-30,48700,50000,48700,49800,4282,0.0060606060606061
2008-06-02,49800,49800,49800,49800,540,0.0
2008-06-03,49600,49800,47050,48000,1730,-0.03614457831325302
2008-06-04,48000,48000,46500,46500,7135,-0.03125
2008-06-05,46950,47000,46000,46350,2190,-0.003225806451612856
2008-06-09,46400,48800,45500,48800,430,0.05285868392664517
2008-06-10,48700,48800,47100,48400,5130,-0.008196721311475419
2008-06-11,49000,49000,48000,48500,1330,0.0020661157024792765
2008-06-12,47700,48250,46550,48250,2771,-0.005154639175257714
2008-06-13,48800,49000,48700,48850,2551,0.012435233160621673
2008-06-16,48200,49450,48200,49000,1570,0.003070624360286489
2008-06-17,49000,49700,48050,49000,2440,0.0
2008-06-18,49800,49800,48200,49100,3375,0.0020408163265306367
2008-06-19,48000,48900,47500,48900,6562,-0.004073319755600768
2008-06-20,48500,48800,48000,48750,3268,-0.0030674846625766694
2008-06-23,47000,48250,47000,47500,2376,-0.02564102564102566
2008-06-24,47500,48500,46900,47950,1181,0.0094736842105263
2008-06-25,47100,48700,47100,48500,420,0.011470281543274341
2008-06-26,47900,48400,47900,48350,1231,-0.003092783505154628
2008-06-27,47150,47800,47150,47700,1050,-0.013443640124095158
2008-06-30,47500,47900,46900,47350,960,-0.007337526205450695
2008-07-01,46700,47550,46400,47350,2726,0.0
2008-07-02,47550,47550,46000,46900,1820,-0.009503695881731833
2008-07-03,46400,46400,44000,46200,1324,-0.014925373134328401
2008-07-04,45100,45950,44500,45150,900,-0.022727272727272707
2008-07-07,43900,44850,43000,44850,2861,-0.006644518272425293
2008-07-08,44650,44650,43000,44000,3256,-0.018952062430323324
2008-07-09,43800,45500,43650,44000,1360,0.0
2008-07-10,43800,44000,42750,44000,2110,0.0
2008-07-11,44000,45000,43800,44500,4443,0.011363636363636465
2008-07-14,44400,44400,43400,44100,3433,-0.008988764044943864
2008-07-15,44000,44000,42650,43000,4510,-0.024943310657596363
2008-07-16,43000,44500,42400,44500,2366,0.03488372093023262
2008-07-17,44100,45000,43150,43300,3900,-0.026966292134831482
2008-07-18,42850,43300,42300,42800,6382,-0.011547344110854452
2008-07-21,42800,42800,41500,41600,7310,-0.028037383177570097
2008-07-22,41600,41750,40100,40350,3720,-0.030048076923076872
2008-07-23,40600,41150,39900,40800,10998,0.011152416356877248
2008-07-24,40750,41400,40450,41100,8140,0.007352941176470562
2008-07-25,40550,41150,40550,41000,3360,-0.0024330900243308973
2008-07-28,40700,41450,40700,41000,3360,0.0
2008-07-29,40500,40950,40050,40950,4465,-0.0012195121951219523
2008-07-30,40800,43000,40500,43000,7597,0.050061050061050105
2008-07-31,41800,44950,41750,44000,8050,0.023255813953488413
2008-08-01,42200,42800,42000,42000,1421,-0.045454545454545414
2008-08-04,42000,42000,40000,40000,3270,-0.04761904761904767
2008-08-05,40000,40000,38000,38950,7211,-0.026249999999999996
2008-08-06,39000,41500,38950,41500,4110,0.06546854942233638
2008-08-07,41500,41500,41500,41500,0,0.0
2008-08-08,40500,41800,40300,41800,141,0.0072289156626506035
2008-08-11,42000,42000,41900,41900,50,0.0023923444976077235
2008-08-12,40850,41900,40500,41900,1090,0.0
2008-08-13,41000,41400,40500,40550,4800,-0.03221957040572787
2008-08-14,40700,41750,39900,41000,1720,0.011097410604192337
2008-08-18,40500,42000,40050,41650,1590,0.01585365853658538
2008-08-19,41700,41700,40000,40500,2820,-0.027611044417767072
2008-08-20,40500,40900,40500,40650,380,0.0037037037037037646
2008-08-21,40100,40700,39000,39300,2430,-0.03321033210332103
2008-08-22,39100,41400,38200,40850,3560,0.0394402035623409
2008-08-25,39600,40950,39600,40850,1822,0.0
2008-08-26,39200,40800,39200,40800,1451,-0.001223990208078285
2008-08-27,41200,41200,40000,40800,1446,0.0
2008-08-28,40300,40300,39400,39400,3000,-0.03431372549019607
2008-08-29,39550,40150,38900,38900,530,-0.012690355329949221
2008-09-01,38750,40000,38250,40000,230,0.028277634961439535
2008-09-02,39550,39900,38650,39750,1041,-0.006249999999999978
2008-09-03,39750,39950,38850,39800,2740,0.0012578616352201255
2008-09-04,39850,39900,39800,39800,410,0.0
2008-09-05,39800,39800,39800,39800,20,0.0
2008-09-08,39800,40950,39800,40100,1370,0.007537688442211143
2008-09-09,40100,40150,39400,40050,80,-0.0012468827930174342
2008-09-10,40100,40200,40100,40200,110,0.0037453183520599342
2008-09-11,40400,40500,40400,40500,110,0.00746268656716409
2008-09-12,40500,40800,40100,40800,1030,0.007407407407407307
2008-09-16,40750,40750,39100,39850,1170,-0.023284313725490224
2008-09-17,39850,39850,39600,39850,640,0.0
2008-09-18,39000,39300,38100,39150,890,-0.017565872020075313
2008-09-19,40750,40750,39250,39750,4940,0.015325670498084198
2008-09-22,39750,39750,38750,39300,880,-0.01132075471698113
2008-09-23,40500,40500,39200,40000,540,0.01781170483460559
2008-09-24,40900,40900,40100,40850,1190,0.02124999999999999
2008-09-25,39900,40700,39750,40700,530,-0.003671970624234966
2008-09-26,40700,41500,40000,41500,1130,0.019656019656019597
2008-09-29,41500,42350,41300,41500,1140,0.0
2008-09-30,43600,43600,41000,41500,2560,0.0
2008-10-01,41900,41900,40650,40650,1620,-0.02048192771084334
2008-10-02,41350,41350,40050,40850,2700,0.004920049200491938
2008-10-06,40850,40850,39600,40350,1090,-0.012239902080783405
2008-10-07,38100,39900,38100,39850,1390,-0.012391573729863659
2008-10-08,40000,40000,38000,38900,905,-0.023839397741530766
2008-10-09,38900,39900,38050,39500,743,0.015424164524421524
2008-10-10,40200,40200,35300,39500,4100,0.0
2008-10-13,39500,39500,37600,38200,1598,-0.032911392405063244
2008-10-14,39950,39950,38150,38200,1882,0.0
2008-10-15,38300,38300,38000,38300,163,0.002617801047120505
2008-10-16,38000,38200,37500,37850,713,-0.011749347258485643
2008-10-17,35350,38000,35350,37800,650,-0.0013210039630119352
2008-10-20,35600,37700,35600,35900,591,-0.050264550264550234
2008-10-21,36100,36100,34800,35750,3750,-0.004178272980501441
2008-10-22,34950,35500,33650,34000,690,-0.04895104895104896
2008-10-23,31000,33900,28900,33900,7830,-0.002941176470588225
2008-10-24,33850,33850,28850,28850,834,-0.14896755162241893
2008-10-27,28550,28550,24550,27900,9333,-0.032928942807625705
2008-10-28,25850,30200,24800,29850,10580,0.06989247311827951
2008-10-29,32000,32000,27800,29850,370,0.0
2008-10-30,31500,31500,29700,30000,3520,0.005025125628140614
2008-10-31,30000,30300,27500,30000,12390,0.0
2008-11-03,28500,29900,28500,29100,2530,-0.030000000000000027
2008-11-04,29100,29150,28100,28200,3400,-0.030927835051546393
2008-11-05,28500,29950,28500,29750,8693,0.054964539007092306
2008-11-06,29400,29400,26100,26900,1887,-0.09579831932773109
2008-11-07,25900,28950,25900,27800,3460,0.03345724907063197
2008-11-10,28200,29000,28200,29000,780,0.043165467625899234
2008-11-11,27100,29500,27100,29100,1261,0.0034482758620688614
2008-11-12,29000,29350,28450,29350,1562,0.00859106529209619
2008-11-13,28000,30350,28000,29750,3460,0.013628620102214661
2008-11-14,30100,30100,29900,30000,1120,0.008403361344537785
2008-11-17,30900,30900,29200,30850,1200,0.02833333333333332
2008-11-18,29800,29800,29750,29750,340,-0.03565640194489461
2008-11-19,29200,30450,28500,29700,470,-0.001680672268907557
2008-11-20,29700,29700,25700,25700,2810,-0.13468013468013473
2008-11-21,24000,27300,24000,26700,4590,0.03891050583657596
2008-11-24,26600,27350,24000,24000,3880,-0.101123595505618
2008-11-25,24250,25200,22750,24000,3800,0.0
2008-11-26,24000,24000,22400,22400,6193,-0.06666666666666665
2008-11-27,22950,23250,22300,22500,8200,0.0044642857142858094
2008-11-28,23000,23300,22450,22950,2852,0.020000000000000018
2008-12-01,23000,23700,22500,23450,5583,0.02178649237472774
2008-12-02,22750,23350,22350,23350,2690,-0.004264392324093813
2008-12-03,23400,23500,22500,23500,3050,0.0064239828693790635
2008-12-04,23400,24000,22000,22000,3326,-0.06382978723404253
2008-12-05,22250,22250,21350,21800,4186,-0.009090909090909038
2008-12-08,22000,22700,21700,22500,3125,0.032110091743119185
2008-12-09,22700,23000,22100,22200,3470,-0.013333333333333308
2008-12-10,22000,23050,22000,23000,3795,0.03603603603603611
2008-12-11,23000,23650,22300,22300,20801,-0.0304347826086957
2008-12-12,22000,22600,21500,21600,5840,-0.03139013452914796
2008-12-15,21900,22450,21850,22200,25594,0.02777777777777768
2008-12-16,22350,22350,21950,22000,11271,-0.009009009009009028
2008-12-17,22300,23300,22250,23300,16033,0.05909090909090908
2008-12-18,23600,25300,23600,24950,22471,0.07081545064377681
2008-12-19,25000,25000,24000,24400,11876,-0.022044088176352727
2008-12-22,24400,24700,23800,23900,14491,-0.020491803278688492
2008-12-23,23700,23800,22350,22450,24090,-0.060669456066945626
2008-12-24,22450,23200,22250,23000,3460,0.024498886414253906
2008-12-26,23000,23050,22300,22400,14780,-0.02608695652173909
2008-12-29,22050,22050,21400,21850,5584,-0.024553571428571397
2008-12-30,21450,22400,21450,22000,4660,0.006864988558352492
2009-01-02,22250,22300,21850,21900,5300,-0.004545454545454519
2009-01-05,22300,22300,21750,21800,13430,-0.004566210045662156
2009-01-06,21850,22700,21700,22600,18801,0.03669724770642202
2009-01-07,22550,22750,22250,22600,17010,0.0
2009-01-08,22500,22600,22400,22500,3070,-0.004424778761061954
2009-01-09,22400,23100,22300,22500,17613,0.0
2009-01-12,22600,22600,21200,21300,22067,-0.053333333333333344
2009-01-13,21300,21350,20400,20850,16027,-0.021126760563380254
2009-01-14,20950,21800,20800,21600,12035,0.03597122302158273
2009-01-15,21000,21200,20150,20200,19700,-0.06481481481481477
2009-01-16,20250,20550,19950,20250,22075,0.0024752475247524774
2009-01-19,20300,20600,20050,20600,76202,0.01728395061728394
2009-01-20,20800,21350,20400,21000,48582,0.01941747572815533
2009-01-21,20350,21650,20000,21500,66901,0.023809523809523725
2009-01-22,21600,23200,21600,22750,35570,0.058139534883721034
2009-01-23,22850,23400,22500,23400,44016,0.02857142857142847
2009-01-28,23750,24300,23750,23850,25772,0.019230769230769162
2009-01-29,24000,24050,22900,23950,33140,0.004192872117400492
2009-01-30,23900,24300,23500,24000,13391,0.0020876826722338038
2009-02-02,23700,24000,23300,23900,12200,-0.004166666666666652
2009-02-03,24000,25100,23750,24600,17523,0.029288702928870203
2009-02-04,25250,25600,24650,24800,10964,0.008130081300812941
2009-02-05,24400,24750,23900,24000,16470,-0.032258064516129004
2009-02-06,24400,24550,24100,24250,9477,0.01041666666666674
2009-02-09,24800,25500,24400,24750,16491,0.020618556701030855
2009-02-10,25000,25000,24100,24400,13160,-0.014141414141414121
2009-02-11,23600,24850,23600,24700,6970,0.012295081967213184
2009-02-12,24800,25500,24700,25300,13380,0.02429149797570851
2009-02-13,25400,26350,25400,26200,12716,0.035573122529644285
2009-02-16,26200,28200,26200,28000,21390,0.06870229007633588
2009-02-17,28150,28150,27000,27200,22465,-0.02857142857142858
2009-02-18,26600,27250,26100,26850,6930,-0.012867647058823484
2009-02-19,27300,27300,26050,26500,8130,-0.013035381750465591
2009-02-20,26500,26550,24100,24400,17506,-0.0792452830188679
2009-02-23,24300,25650,23250,25600,8310,0.049180327868852514
2009-02-24,24500,25000,24400,24900,3563,-0.02734375
2009-02-25,25700,25700,24100,24600,5370,-0.012048192771084376
2009-02-26,24800,26000,23600,24600,5990,0.0
2009-02-27,24600,25200,24300,24750,2329,0.0060975609756097615
2009-03-02,24750,24850,24000,24100,4550,-0.02626262626262621
2009-03-03,23100,23800,22700,23550,45074,-0.022821576763485507
2009-03-04,23550,24250,23200,24100,5040,0.023354564755838636
2009-03-05,24800,25150,24200,24500,10410,0.016597510373443924
2009-03-06,24700,24800,23750,24500,7300,0.0
2009-03-09,25300,25300,24150,24700,4640,0.008163265306122547
2009-03-10,24700,25100,24600,24900,7190,0.00809716599190291
2009-03-11,25450,25650,25000,25650,6190,0.030120481927710774
2009-03-12,25700,25950,25000,25200,4350,-0.01754385964912286
2009-03-13,25600,25600,24500,25500,10571,0.011904761904761862
2009-03-16,25200,26200,25150,25500,9240,0.0
2009-03-17,25500,26000,25050,25900,11650,0.015686274509803866
2009-03-18,26000,26400,25850,26100,4545,0.007722007722007707
2009-03-19,26450,26450,25800,26100,2150,0.0
2009-03-20,26300,26500,26000,26500,8986,0.015325670498084198
2009-03-23,26500,27500,26450,27400,8355,0.03396226415094339
2009-03-24,27650,27950,26800,27750,6510,0.012773722627737127
2009-03-25,27700,28500,27200,28500,9903,0.027027027027026973
2009-03-26,28750,28750,28000,28000,6267,-0.01754385964912286
2009-03-27,28100,30250,27900,28000,7752,0.0
2009-03-30,28000,28400,27750,28000,13180,0.0
2009-03-31,28500,31000,27900,30000,16500,0.0714285714285714
2009-04-01,31150,31450,28950,29350,28930,-0.021666666666666612
2009-04-02,29800,30850,29700,30450,9697,0.03747870528109032
2009-04-03,30400,30700,29800,30500,7684,0.0016420361247948545
2009-04-06,30400,31500,30000,30700,6316,0.006557377049180246
2009-04-07,30350,31300,30200,30650,3601,-0.0016286644951140072
2009-04-08,30250,31000,30200,30500,7280,-0.004893964110929905
2009-04-09,31000,32350,30500,31900,5020,0.04590163934426239
2009-04-10,31900,33500,31300,33300,5906,0.043887147335423204
2009-04-13,33000,34500,32600,34450,10150,0.03453453453453448
2009-04-14,34450,34900,33600,34000,3780,-0.013062409288824406
2009-04-15,33300,33700,32050,32600,21228,-0.04117647058823526
2009-04-16,32800,33500,31500,32100,12843,-0.015337423312883458
2009-04-17,32100,32900,31350,31800,11510,-0.009345794392523366
2009-04-20,31800,32300,31650,32100,6490,0.009433962264151052
2009-04-21,31750,31750,30800,31600,10415,-0.015576323987538943
2009-04-22,32300,33450,31750,33450,5570,0.058544303797468444
2009-04-23,33200,33500,32500,33000,2910,-0.013452914798206317
2009-04-24,33550,33800,32150,32200,4564,-0.024242424242424288
2009-04-27,32500,32550,31900,31950,3370,-0.00776397515527949
2009-04-28,32000,32200,28650,29900,13675,-0.06416275430359941
2009-04-29,30650,30950,29500,30950,12920,0.03511705685618738
2009-04-30,31100,32150,31100,31400,5150,0.01453957996768973
2009-05-04,31300,32500,31250,31950,8840,0.01751592356687892
2009-05-06,32000,32600,32000,32500,4800,0.017214397496087663
2009-05-07,32500,33200,32500,33000,7966,0.01538461538461533
2009-05-08,33000,33300,32500,32800,3910,-0.0060606060606061
2009-05-11,32950,33850,32000,33700,16630,0.027439024390243816
2009-05-12,33600,33800,32700,33800,5180,0.0029673590504450953
2009-05-13,33800,38850,33800,38350,26170,0.13461538461538458
2009-05-14,38000,38000,36500,37900,6961,-0.011734028683181186
2009-05-15,37900,37900,36200,36300,7742,-0.04221635883905017
2009-05-18,35000,35000,33450,34750,11354,-0.04269972451790638
2009-05-19,35000,35000,33900,34000,10132,-0.021582733812949617
2009-05-20,34150,34450,33500,34100,10391,0.002941176470588225
2009-05-21,34100,34200,33350,33700,4323,-0.011730205278592365
2009-05-22,33700,33950,32800,32800,6527,-0.02670623145400597
2009-05-25,32750,32750,31500,32350,7710,-0.013719512195121908
2009-05-26,31850,32400,31100,31150,6185,-0.037094281298299836
2009-05-27,31500,31950,30400,31150,4650,0.0
2009-05-28,31100,31500,30400,31300,1560,0.0048154093097914075
2009-05-29,31300,32600,31200,32000,2530,0.022364217252396124
2009-06-01,32000,32250,30000,32250,2481,0.0078125
2009-06-02,32600,32600,31550,31750,8909,-0.015503875968992276
2009-06-03,32100,32300,31250,31700,6732,-0.0015748031496063408
2009-06-04,31700,31750,30900,31100,3602,-0.018927444794952675
2009-06-05,30900,31600,30500,31200,3278,0.003215434083601254
2009-06-08,31200,31400,30900,30950,3460,-0.008012820512820484
2009-06-09,30950,30950,29700,30650,9121,-0.009693053311793265
2009-06-10,30350,30600,29550,30500,8511,-0.004893964110929905
2009-06-11,30100,30650,29700,29700,6053,-0.02622950819672132
2009-06-12,29700,30050,29000,29600,9836,-0.0033670033670033517
2009-06-15,29700,30700,29350,29550,4391,-0.0016891891891891442
2009-06-16,29500,29600,29000,29600,2302,0.0016920473773265332
2009-06-17,29650,29650,28450,29000,10600,-0.020270270270270285
2009-06-18,29000,29350,29000,29000,3715,0.0
2009-06-19,28750,29100,28650,29100,7379,0.0034482758620688614
2009-06-22,29250,29500,28700,29300,11010,0.0068728522336769515
2009-06-23,28550,28650,27900,27900,7921,-0.04778156996587035
2009-06-24,27600,28000,27000,27300,7661,-0.021505376344086002
2009-06-25,27600,28000,27550,27600,4067,0.01098901098901095
2009-06-26,28000,29200,27550,27800,5321,0.007246376811594235
2009-06-29,27800,28250,27600,28200,2261,0.014388489208633004
2009-06-30,28600,29300,28350,28800,1901,0.02127659574468077
2009-07-01,28800,28950,28250,28600,1887,-0.00694444444444442
2009-07-02,28600,29100,28500,29100,4471,0.0174825174825175
2009-07-03,28700,30300,28700,30300,3082,0.04123711340206193
2009-07-06,29950,30550,29900,30500,1860,0.0066006600660066805
2009-07-07,30800,30800,29800,29850,3444,-0.021311475409836023
2009-07-08,30000,30000,29200,29950,2550,0.003350083752093891
2009-07-09,29950,29950,29200,29500,2400,-0.015025041736227096
2009-07-10,29500,29500,28800,29000,1500,-0.016949152542372836
2009-07-13,28700,29000,28350,28350,18168,-0.022413793103448265
2009-07-14,28350,28500,28100,28400,3232,0.0017636684303350414
2009-07-15,28200,29050,28200,29050,1510,0.022887323943661997
2009-07-16,29050,29600,29000,29500,12000,0.015490533562822817
2009-07-17,30800,30800,29200,29500,2592,0.0
2009-07-20,29400,29800,29350,29800,2560,0.01016949152542379
2009-07-21,30000,30200,28600,29200,9440,-0.020134228187919434
2009-07-22,29650,29650,28550,29200,3602,0.0
2009-07-23,28850,29600,28850,29450,5570,0.008561643835616417
2009-07-24,29900,30000,29250,29500,21425,0.001697792869269854
2009-07-27,29550,30250,29200,29650,20572,0.005084745762711895
2009-07-28,30000,30400,29200,29700,21466,0.001686340640809414
2009-07-29,31100,31100,29950,30100,7873,0.013468013468013407
2009-07-30,30450,30500,29650,30000,5032,-0.0033222591362126463
2009-07-31,30000,30000,29350,29900,13957,-0.0033333333333332993
2009-08-03,29900,30450,29650,29950,8052,0.0016722408026756952
2009-08-04,30000,30000,29250,29850,15086,-0.0033388981636059967
2009-08-05,29850,31850,29550,29600,16980,-0.008375209380234505
2009-08-06,29600,30000,29400,29500,7020,-0.0033783783783783994
2009-08-07,29500,30100,29500,29950,10133,0.015254237288135686
2009-08-10,30450,30700,30100,30500,14240,0.01836393989983298
2009-08-11,30950,30950,30500,30800,4557,0.009836065573770592
2009-08-12,30900,31150,30650,30900,11930,0.0032467532467532756
2009-08-13,31500,31500,30950,31000,9830,0.003236245954692629
2009-08-14,31000,31250,30000,30550,16413,-0.014516129032258074
2009-08-17,30200,30300,29700,29900,12621,-0.021276595744680882
2009-08-18,29650,30050,28000,29850,6360,-0.0016722408026755842
2009-08-19,30150,31000,30050,31000,17573,0.038525963149078635
2009-08-20,31500,31700,30700,31000,21000,0.0
2009-08-21,31100,33000,31100,31850,19450,0.02741935483870961
2009-08-24,32900,33000,32200,32950,21050,0.03453689167974883
2009-08-25,32700,34300,32700,34250,13499,0.039453717754172946
2009-08-26,33900,34700,33200,34200,9926,-0.0014598540145985828
2009-08-27,34000,34000,33000,33000,6380,-0.03508771929824561
2009-08-28,33400,33450,32950,33150,4080,0.00454545454545463
2009-08-31,33300,34800,33150,33200,13460,0.0015082956259426794
2009-09-01,33150,33200,32500,32500,6940,-0.02108433734939763
2009-09-02,32450,32450,31750,31900,7312,-0.018461538461538418
2009-09-03,32000,32200,31500,32000,7795,0.0031347962382444194
2009-09-04,33050,33250,32000,32600,7680,0.018750000000000044
2009-09-07,32650,33350,32400,33350,6375,0.02300613496932513
2009-09-08,33800,33800,31800,32100,15030,-0.03748125937031488
2009-09-09,32400,32400,31900,32050,5416,-0.0015576323987538387
2009-09-10,32100,32700,32100,32650,5346,0.018720748829953227
2009-09-11,32500,33400,32400,33400,6120,0.02297090352220521
2009-09-14,33400,33550,33000,33500,9815,0.0029940119760478723
2009-09-15,33550,38450,33300,37500,48290,0.11940298507462677
2009-09-16,38000,38500,35000,36350,14663,-0.03066666666666662
2009-09-17,37000,37000,34900,36000,8770,-0.009628610729023435
2009-09-18,36000,36500,34750,34750,5460,-0.03472222222222221
2009-09-21,34750,36000,34350,34600,4350,-0.004316546762589968
2009-09-22,34600,35250,34400,35200,4700,0.01734104046242768
2009-09-23,35050,35200,34100,34200,3591,-0.02840909090909094
2009-09-24,34100,34600,33700,34000,2536,-0.005847953216374324
2009-09-25,34000,34100,33100,33700,2470,-0.008823529411764675
2009-09-28,33100,33200,32500,32950,7171,-0.022255192878338326
2009-09-29,32500,33200,32500,33100,2259,0.004552352048558417
2009-09-30,33200,34300,33200,33500,8310,0.012084592145015005
2009-10-01,34300,34300,32500,32550,4851,-0.028358208955223896
2009-10-05,32500,33900,32100,32400,11301,-0.004608294930875556
2009-10-06,32500,32650,31700,32400,12091,0.0
2009-10-07,32750,33150,31250,32950,14270,0.016975308641975273
2009-10-08,32450,33900,31700,32900,15014,-0.0015174506828528056
2009-10-09,32900,33800,32400,33300,2430,0.012158054711246091
2009-10-12,33500,33500,32500,33300,5604,0.0
2009-10-13,32750,32800,32150,32150,4154,-0.03453453453453459
2009-10-14,31850,33200,31850,32900,5582,0.023328149300155587
2009-10-15,32850,33000,32200,32800,3540,-0.003039513677811523
2009-10-16,32900,33500,32500,33000,4807,0.0060975609756097615
2009-10-19,33700,33700,32500,33150,3300,0.00454545454545463
2009-10-20,32650,33400,32550,32800,3127,-0.010558069381598756
2009-10-21,32800,33000,32300,32300,9371,-0.015243902439024404
2009-10-22,32300,32450,32050,32150,4122,-0.004643962848297267
2009-10-23,32150,32350,32000,32000,2486,-0.004665629860031051
2009-10-26,32050,32150,31850,32150,890,0.004687499999999956
2009-10-27,32200,32300,31700,31800,2630,-0.010886469673405896
2009-10-28,31800,31800,30850,31150,4710,-0.020440251572327095
2009-10-29,31000,31000,30100,30800,2840,-0.011235955056179803
2009-10-30,30650,31200,30600,31000,1220,0.006493506493506551
2009-11-02,30000,31950,30000,31950,7974,0.030645161290322687
2009-11-03,31950,32400,31600,31600,3020,-0.010954616588419452
2009-11-04,32950,32950,31350,31900,2440,0.009493670886076
2009-11-05,32300,32300,31300,31600,1590,-0.009404388714733591
2009-11-06,31600,31750,31300,31750,2560,0.004746835443038
2009-11-09,33000,33000,32000,32400,3570,0.020472440944881987
2009-11-10,32600,32650,31950,32000,2341,-0.012345679012345734
2009-11-11,32500,32900,32400,32650,2170,0.020312499999999956
2009-11-12,32700,32750,32550,32750,2090,0.003062787136294043
2009-11-13,32000,32400,32000,32200,1928,-0.016793893129770976
2009-11-16,32850,32850,31200,31450,3740,-0.02329192546583847
2009-11-17,31450,31450,31000,31250,1353,-0.006359300476947549
2009-11-18,31250,31300,30650,30950,1762,-0.009600000000000053
2009-11-19,31200,31600,30900,31600,581,0.02100161550888524
2009-11-20,31950,31950,30900,31050,830,-0.017405063291139222
2009-11-23,31150,31350,30700,31000,1243,-0.0016103059581320522
2009-11-24,31100,31400,30600,31200,1780,0.006451612903225712
2009-11-25,31000,31450,31000,31350,720,0.004807692307692291
2009-11-26,31200,31350,31050,31350,2081,0.0
2009-11-27,30600,31250,30300,30800,3620,-0.01754385964912286
2009-11-30,31100,31250,30600,31150,1970,0.011363636363636465
2009-12-01,30850,31200,30850,31200,710,0.0016051364365972098
2009-12-02,31250,31600,31250,31450,520,0.008012820512820484
2009-12-03,31300,31700,31300,31700,1360,0.007949125596184325
2009-12-04,31750,32100,31700,31950,770,0.007886435331230235
2009-12-07,31800,32050,31800,31800,1370,-0.0046948356807511304
2009-12-08,31800,32100,31600,31800,3429,0.0
2009-12-09,32500,32550,31850,32500,5410,0.022012578616352307
2009-12-10,32500,34000,32050,34000,5261,0.04615384615384621
2009-12-11,34000,34500,33700,34000,7744,0.0
2009-12-14,34100,34300,33700,34200,5000,0.00588235294117645
2009-12-15,34200,35450,34000,34850,4889,0.01900584795321647
2009-12-16,34850,34850,34400,34600,2740,-0.00717360114777621
2009-12-17,34000,34800,33500,34100,6769,-0.014450867052023142
2009-12-18,33700,34250,33100,34100,10970,0.0
2009-12-21,34900,35000,34150,34800,2770,0.02052785923753664
2009-12-22,35300,35600,33700,34800,2320,0.0
2009-12-23,34900,34900,34050,34600,1930,-0.005747126436781658
2009-12-24,34600,35000,34600,35000,1700,0.011560693641618602
2009-12-28,34500,35400,34250,35000,3010,0.0
2009-12-29,35000,35000,34000,34000,2593,-0.02857142857142858
2009-12-30,34100,34200,33600,34100,1750,0.002941176470588225
2010-01-04,34150,34350,33050,34000,1550,-0.0029325513196480912
2010-01-05,33800,34000,33200,33500,3971,-0.014705882352941124
2010-01-06,33500,33700,33200,33700,1720,0.005970149253731405
2010-01-07,33500,34400,33050,34200,10186,0.014836795252225476
2010-01-08,34200,36200,34000,35050,12680,0.024853801169590684
2010-01-11,35150,36300,35150,36000,4281,0.02710413694721825
2010-01-12,36000,36000,35100,35400,1350,-0.01666666666666672
2010-01-13,35150,35600,35000,35050,2300,-0.009887005649717562
2010-01-14,35050,35100,34700,35100,2991,0.0014265335235377208
2010-01-15,34600,35250,33800,34450,1540,-0.01851851851851849
2010-01-18,34400,35200,34200,35200,7250,0.021770682148040565
2010-01-19,35900,37300,35900,36900,9881,0.048295454545454586
2010-01-20,37350,37350,36900,37100,8480,0.005420054200542035
2010-01-21,36700,37800,36700,37200,2930,0.0026954177897573484
2010-01-22,37200,37200,36300,37050,1760,-0.0040322580645161255
2010-01-25,36950,36950,36600,36700,3760,-0.009446693657219951
2010-01-26,36350,36750,35600,36500,13400,-0.00544959128065392
2010-01-27,36500,36500,35700,36400,4470,-0.002739726027397249
2010-01-28,36500,36500,35600,36100,5660,-0.008241758241758212
2010-01-29,35600,35900,35100,35300,7960,-0.02216066481994461
2010-02-01,35050,35300,34500,35300,3130,0.0
2010-02-02,35000,35800,34650,35000,5456,-0.008498583569405138
2010-02-03,35000,35200,34550,35000,4511,0.0
2010-02-04,36300,36300,34500,35200,3600,0.005714285714285783
2010-02-05,34550,35450,34300,34700,2941,-0.014204545454545414
2010-02-08,34600,35000,34400,34700,1800,0.0
2010-02-09,34700,34700,34300,34700,1130,0.0
2010-02-10,34700,36000,34550,35250,1533,0.015850144092218965
2010-02-11,35300,35300,34750,35100,1960,-0.004255319148936176
2010-02-12,35100,35300,35100,35300,980,0.005698005698005604
2010-02-16,35400,35400,34800,35000,2030,-0.008498583569405138
2010-02-17,35100,36100,35100,36000,1480,0.02857142857142847
2010-02-18,35700,35900,35350,35700,2885,-0.008333333333333304
2010-02-19,35700,37400,35400,36450,47392,0.021008403361344463
2010-02-22,36700,37200,36000,36450,2195,0.0
2010-02-23,36050,37000,36000,36800,2563,0.009602194787379892
2010-02-24,35900,37000,35800,36050,1300,-0.020380434782608647
2010-02-25,35900,36900,35900,36750,2850,0.01941747572815533
2010-02-26,37150,37150,36200,36200,155,-0.014965986394557818
2010-03-02,36300,36950,35200,36950,5160,0.02071823204419898
2010-03-03,36900,37200,36350,37000,3641,0.0013531799729364913
2010-03-04,37000,37150,36400,37150,710,0.004054054054054124
2010-03-05,37300,37500,37000,37000,600,-0.004037685060565233
2010-03-08,37300,37550,36800,37050,839,0.0013513513513514486
2010-03-09,36600,37400,36600,36650,550,-0.010796221322537103
2010-03-10,36550,37000,36400,37000,2230,0.009549795361528002
2010-03-11,37200,38500,37200,38400,6546,0.037837837837837895
2010-03-12,39300,39300,37200,37700,8730,-0.01822916666666663
2010-03-15,37700,37950,37100,37700,3720,0.0
2010-03-16,37700,39300,37700,38850,5901,0.0305039787798409
2010-03-17,38950,41500,38900,40850,6619,0.051480051480051525
2010-03-18,41000,41000,39250,40800,8561,-0.001223990208078285
2010-03-19,40300,40800,40150,40650,2560,-0.003676470588235281
2010-03-22,40300,42400,40150,41600,5090,0.02337023370233693
2010-03-23,41600,42200,41250,42000,2552,0.009615384615384581
2010-03-24,42500,42500,41100,41850,1840,-0.0035714285714285587
2010-03-25,42000,42000,40150,40200,7384,-0.03942652329749108
2010-03-26,40300,40850,39150,39150,4610,-0.026119402985074647
2010-03-29,39150,40200,39050,39550,5437,0.010217113665389466
2010-03-30,39150,40100,38000,38950,7606,-0.015170670037926715
2010-03-31,37100,39000,37100,38850,6180,-0.0025673940949936247
2010-04-01,39000,40000,39000,39550,1391,0.018018018018018056
2010-04-02,39550,39550,38350,39400,3252,-0.0037926675094817064
2010-04-05,38800,39100,38250,38400,2331,-0.025380710659898442
2010-04-06,38400,38400,37600,37650,4685,-0.01953125
2010-04-07,37450,38400,37450,38200,2520,0.014608233731739695
2010-04-08,38200,38200,37600,37900,2661,-0.007853403141361293
2010-04-09,37800,38100,37450,38000,3240,0.0026385224274405594
2010-04-12,37900,38700,37750,37900,1450,-0.0026315789473684292
2010-04-13,37850,37850,37500,37600,2410,-0.0079155672823219
2010-04-14,38000,38350,37900,37950,1450,0.009308510638297962
2010-04-15,37200,38800,37200,38300,2465,0.00922266139657446
2010-04-16,39600,39600,38300,39000,3760,0.018276762402088753
2010-04-19,39000,39000,37600,38000,1920,-0.02564102564102566
2010-04-20,38500,40000,38400,39400,3817,0.03684210526315779
2010-04-21,40500,40600,39650,40350,6640,0.024111675126903487
2010-04-22,41000,45700,40550,43950,9933,0.08921933085501865
2010-04-23,44800,44800,43200,44000,8830,0.0011376564277587597
2010-04-26,44150,45300,43200,43700,7470,-0.006818181818181834
2010-04-27,43800,43800,42600,43500,3672,-0.004576659038901587
2010-04-28,43300,43300,41750,42050,3434,-0.033333333333333326
2010-04-29,42050,42050,40850,41300,4570,-0.017835909631391256
2010-04-30,41300,42750,40200,41650,4910,0.008474576271186418
2010-05-03,41650,42100,39200,39300,5365,-0.056422569027611
2010-05-04,39250,41200,39250,40750,6122,0.03689567430025442
2010-05-06,40750,42350,40700,41950,4287,0.02944785276073625
2010-05-07,40000,42450,40000,41100,5430,-0.020262216924910592
2010-05-10,41500,42700,40800,42400,2050,0.031630170316301776
2010-05-11,43000,43500,42650,43000,5391,0.014150943396226356
2010-05-12,43000,43000,42100,42400,3960,-0.013953488372092981
2010-05-13,42400,43850,42400,42850,4340,0.010613207547169878
2010-05-14,41700,42550,41700,42500,2070,-0.008168028004667427
2010-05-17,43500,43500,41650,41850,2540,-0.015294117647058791
2010-05-18,41900,42350,40200,40200,2657,-0.03942652329749108
2010-05-19,40200,41900,39900,41900,4710,0.04228855721393043
2010-05-20,41000,41350,39300,39300,2941,-0.06205250596658707
2010-05-24,39000,39450,38600,38950,4401,-0.008905852417302795
2010-05-25,38950,39400,36350,38300,5650,-0.016688061617458283
2010-05-26,38300,39000,38300,38900,4986,0.015665796344647598
2010-05-27,38800,40450,37900,39300,3350,0.010282776349614497
2010-05-28,39800,40300,39400,39750,700,0.011450381679389388
2010-05-31,39750,40400,39750,40350,330,0.015094339622641506
2010-06-01,40750,40750,39600,39700,1230,-0.01610904584882278
2010-06-03,39750,40400,39000,40400,8850,0.017632241813602123
2010-06-04,40050,40750,39650,40000,431,-0.00990099009900991
2010-06-07,39200,39300,38300,38850,1374,-0.028750000000000053
2010-06-08,39400,39400,38700,38950,915,0.002574002574002643
2010-06-09,39950,39950,38600,38650,1560,-0.007702182284980763
2010-06-10,38750,39950,38350,38600,1700,-0.001293661060802087
2010-06-11,39300,39850,38700,39000,1880,0.010362694300518172
2010-06-14,38800,39250,38800,39150,230,0.0038461538461538325
2010-06-15,39150,39150,38800,39100,510,-0.0012771392081737387
2010-06-16,39200,39200,38450,39050,1300,-0.0012787723785165905
2010-06-17,39400,41000,39300,40000,3170,0.02432778489116516
2010-06-18,40500,41500,40000,40100,976,0.0024999999999999467
2010-06-21,40100,40100,39400,39500,1990,-0.014962593516209433
2010-06-22,38150,39450,38150,38700,3491,-0.020253164556962022
2010-06-23,38700,39300,38500,39050,1570,0.009043927648578753
2010-06-24,39200,39750,38750,39300,2902,0.006402048655569814
2010-06-25,39350,39750,38400,39300,3230,0.0
2010-06-28,39350,40000,38700,38750,1384,-0.013994910941475869
2010-06-29,39000,39550,38500,38500,2680,-0.006451612903225823
2010-06-30,38400,40050,38050,39700,6731,0.03116883116883118
2010-07-01,39700,39700,38700,38700,4550,-0.02518891687657432
2010-07-02,38700,39300,38550,39000,2960,0.007751937984496138
2010-07-05,38650,39800,38650,39800,980,0.02051282051282044
2010-07-06,39800,40000,38650,39900,820,0.002512562814070307
2010-07-07,39900,40050,38750,39800,1420,-0.0025062656641604564
2010-07-08,39800,39900,38900,39900,470,0.002512562814070307
2010-07-09,39900,40000,39100,39100,251,-0.020050125313283207
2010-07-12,39150,39950,38750,39950,1240,0.021739130434782705
2010-07-13,39900,39900,39000,39000,3540,-0.02377972465581979
2010-07-14,39000,39200,38800,38900,815,-0.002564102564102555
2010-07-15,38900,39150,38800,39150,3192,0.006426735218509005
2010-07-16,39150,39150,38550,38700,1112,-0.011494252873563204
2010-07-19,39000,39000,38050,38050,2746,-0.01679586563307489
2010-07-20,37850,37900,37500,37550,1563,-0.013140604467805517
2010-07-21,37400,38000,37350,37500,2050,-0.0013315579227696217
2010-07-22,37300,37500,36500,36900,7752,-0.016000000000000014
2010-07-23,36900,36900,36500,36800,3233,-0.0027100271002710175
2010-07-26,36550,37350,35900,37350,6950,0.014945652173913082
2010-07-27,37650,37650,36750,37150,2481,-0.0053547523427041055
2010-07-28,36800,36950,36650,36650,999,-0.013458950201884257
2010-07-29,36500,37250,36300,37250,4360,0.016371077762619368
2010-07-30,37250,37600,36550,36600,4332,-0.01744966442953022
2010-08-02,37000,38900,37000,37400,1281,0.021857923497267784
2010-08-03,37100,37350,36650,37200,3640,-0.005347593582887722
2010-08-04,36950,37650,36600,36850,3731,-0.009408602150537626
2010-08-05,36850,37000,36350,36350,4879,-0.013568521031207648
2010-08-06,36350,37000,36200,37000,3710,0.017881705639614776
2010-08-09,37000,37350,37000,37000,630,0.0
2010-08-10,37000,37100,36700,37000,1442,0.0
2010-08-11,37000,37100,36700,37000,1284,0.0
2010-08-12,37000,37250,36850,36950,8273,-0.0013513513513513375
2010-08-13,36900,37600,36900,37500,2400,0.014884979702300516
2010-08-16,38000,38000,37450,37500,1050,0.0
2010-08-17,37500,37600,37500,37500,1250,0.0
2010-08-18,37500,37800,37500,37800,980,0.008000000000000007
2010-08-19,37800,37850,37800,37850,1100,0.001322751322751392
2010-08-20,37950,37950,37750,37850,2310,0.0
2010-08-23,37850,37900,37250,37500,1210,-0.009247027741083214
2010-08-24,37500,37500,37050,37350,520,-0.0040000000000000036
2010-08-25,36200,37300,36200,36500,900,-0.022757697456492587
2010-08-26,37200,37200,36500,36500,410,0.0
2010-08-27,36300,36550,36150,36550,510,0.00136986301369868
2010-08-30,36900,37300,36900,37300,900,0.020519835841313228
2010-08-31,37300,38750,36950,38750,1860,0.03887399463806962
2010-09-01,38750,38750,37200,37500,5190,-0.032258064516129004
2010-09-02,38250,38250,36650,37000,2640,-0.013333333333333308
2010-09-03,36650,36650,35400,35400,8265,-0.043243243243243246
2010-09-06,35400,36100,35400,36100,1770,0.019774011299435124
2010-09-07,35750,36700,35550,36350,3030,0.006925207756232732
2010-09-08,36100,36100,35500,35500,722,-0.023383768913342484
2010-09-09,35650,36200,35650,36200,810,0.019718309859154903
2010-09-10,36000,36050,35800,35950,1812,-0.006906077348066253
2010-09-13,35600,36350,35400,36350,5500,0.011126564673157091
2010-09-14,36350,36350,35700,35850,781,-0.01375515818431916
2010-09-15,35850,36350,35600,36150,1760,0.008368200836819994
2010-09-16,36150,36350,35750,36100,3520,-0.0013831258644536604
2010-09-17,35800,36100,35800,36100,658,0.0
2010-09-20,36100,37200,35850,36900,2502,0.02216066481994461
2010-09-24,36900,36900,36900,36900,540,0.0
2010-09-27,37000,37100,36800,37000,1220,0.0027100271002709064
2010-09-28,37050,37050,35700,36750,9480,-0.006756756756756799
2010-09-29,37000,37000,36450,36800,990,0.0013605442176871652
2010-09-30,36850,36850,36200,36300,750,-0.013586956521739135
2010-10-01,36300,36300,35950,36050,4804,-0.00688705234159781
2010-10-04,36150,36250,36050,36250,1211,0.00554785020804438
2010-10-05,36200,37500,36200,37200,6360,0.026206896551724146
2010-10-06,37000,38100,37000,38000,5240,0.021505376344086002
2010-10-07,38100,38900,37650,38750,5010,0.019736842105263053
2010-10-08,39300,39950,39200,39500,3050,0.019354838709677358
2010-10-11,39500,40500,39400,39800,707,0.0075949367088608
2010-10-12,38900,39800,38900,39800,2367,0.0
2010-10-13,40400,40550,39750,40550,7061,0.018844221105527748
2010-10-14,40150,40300,39500,39850,4380,-0.01726263871763256
2010-10-15,39950,40000,39800,39850,414,0.0
2010-10-18,39200,40950,39100,40350,2770,0.012547051442910906
2010-10-19,40050,41450,40050,40800,4310,0.011152416356877248
2010-10-20,41250,41400,40550,41000,2580,0.004901960784313708
2010-10-21,41000,41000,40600,41000,470,0.0
2010-10-22,41000,41600,40700,40850,3470,-0.003658536585365857
2010-10-25,40500,40800,40200,40650,823,-0.004895960832313362
2010-10-26,40350,41450,40350,41100,2717,0.011070110701107083
2010-10-27,41200,42000,40500,40950,4790,-0.0036496350364964014
2010-10-28,40700,41150,39850,41050,1610,0.0024420024420024333
2010-10-29,40400,41000,40100,41000,1660,-0.0012180267965895553
2010-11-01,41000,41000,40100,40100,2514,-0.02195121951219514
2010-11-02,40000,40000,39350,39850,4432,-0.006234413965087282
2010-11-03,39850,40750,39850,40350,9384,0.012547051442910906
2010-11-04,39900,40200,39100,39400,1574,-0.023543990086741018
2010-11-05,39600,40250,39500,39600,1901,0.0050761421319796
2010-11-08,41000,41300,40850,41200,10800,0.04040404040404044
2010-11-09,40700,42550,40700,42000,6803,0.01941747572815533
2010-11-10,42000,42450,41150,41650,6300,-0.008333333333333304
2010-11-11,41700,42000,41000,41200,4880,-0.010804321728691502
2010-11-12,41200,41750,39500,40000,3531,-0.029126213592232997
2010-11-15,40000,40550,39500,40300,1000,0.007500000000000062
2010-11-16,40300,40450,38800,39800,2331,-0.012406947890818865
2010-11-17,39000,39950,39000,39050,1270,-0.018844221105527637
2010-11-18,39400,40000,39400,39800,1650,0.019206145966709443
2010-11-19,41700,41700,40400,41500,1140,0.04271356783919589
2010-11-22,41650,41650,38550,40250,2171,-0.030120481927710885
2010-11-23,40600,40600,39400,39950,1100,-0.007453416149068359
2010-11-24,39900,39900,38500,38500,2101,-0.03629536921151444
2010-11-25,38900,40200,38850,40000,3020,0.03896103896103886
2010-11-26,39900,39900,38550,38750,1489,-0.03125
2010-11-29,39000,39000,38700,38800,70,0.001290322580645098
2010-11-30,38150,38800,37900,38800,5593,0.0
2010-12-01,38400,39000,38400,39000,170,0.005154639175257714
2010-12-02,39900,39950,39150,39150,1250,0.0038461538461538325
2010-12-03,39250,39250,37950,38000,2730,-0.02937420178799488
2010-12-06,38200,38200,37250,37250,8200,-0.019736842105263164
2010-12-07,37250,37250,36300,36800,17181,-0.012080536912751683
2010-12-08,36500,37100,36500,36750,20932,-0.0013586956521739468
2010-12-09,36950,36950,36550,36750,85000,0.0
2010-12-10,36750,37950,36400,37900,3561,0.0312925170068028
2010-12-13,38000,38650,37900,38400,1792,0.013192612137203241
2010-12-14,38000,38600,38000,38600,1030,0.005208333333333259
2010-12-15,38600,39000,38600,39000,88610,0.010362694300518172
2010-12-16,39700,39900,39200,39400,4262,0.01025641025641022
2010-12-17,39700,39750,39300,39700,858,0.0076142131979695105
2010-12-20,39450,39700,38100,38600,1760,-0.027707808564231717
2010-12-21,38700,38800,37600,38050,4216,-0.014248704663212486
2010-12-22,38150,40000,37550,39600,5490,0.04073587385019706
2010-12-23,40400,40400,38700,39000,6489,-0.015151515151515138
2010-12-24,38750,39500,38200,39500,15650,0.012820512820512775
2010-12-27,39750,40050,38250,38500,3101,-0.025316455696202556
2010-12-28,38850,39500,38850,39400,2361,0.023376623376623273
2010-12-29,38500,39400,38350,39400,1860,0.0
2010-12-30,39000,39500,38900,39500,4118,0.002538071065989911
2011-01-03,40300,40500,39500,39500,1670,0.0
2011-01-04,39050,39900,38400,39100,1976,-0.010126582278481067
2011-01-05,39450,39450,38150,38200,2130,-0.023017902813299185
2011-01-06,38200,38250,37200,37300,4262,-0.023560209424083767
2011-01-07,37300,38000,37000,37150,7158,-0.004021447721179627
2011-01-10,37100,37200,36800,36800,6130,-0.009421265141319024
2011-01-11,36800,36950,36200,36500,9719,-0.008152173913043459
2011-01-12,37000,37000,36250,36950,5720,0.012328767123287676
2011-01-13,36900,36900,36150,36500,6510,-0.012178619756427644
2011-01-14,36300,36950,35900,36800,5050,0.008219178082191858
2011-01-17,36850,37400,36850,37300,5760,0.013586956521739024
2011-01-18,36800,37600,36800,37400,3940,0.002680965147453085
2011-01-19,37400,37400,36850,37300,2940,-0.002673796791443861
2011-01-20,37000,37250,36900,37200,1330,-0.002680965147453085
2011-01-21,37200,37300,36250,36800,5425,-0.010752688172043001
2011-01-24,36800,37900,36800,37400,12150,0.016304347826086918
2011-01-25,37800,37900,36900,37200,3560,-0.005347593582887722
2011-01-26,37250,37250,36650,36650,3301,-0.014784946236559127
2011-01-27,37100,37100,36350,36650,4580,0.0
2011-01-28,37000,37000,36650,36700,1360,0.0013642564802183177
2011-01-31,36700,36750,36000,36000,2680,-0.019073569482288777
2011-02-01,36200,36250,35600,35900,4300,-0.002777777777777768
2011-02-07,36400,36750,36000,36350,3150,0.012534818941504211
2011-02-08,36350,37400,36200,36700,2240,0.009628610729023324
2011-02-09,36700,36700,36550,36700,1700,0.0
2011-02-10,37100,37100,36500,37100,3050,0.01089918256130784
2011-02-11,37150,37500,36750,37100,2050,0.0
2011-02-14,37100,37400,36700,37400,2920,0.008086253369272267
2011-02-15,37400,37450,36700,37450,2350,0.0013368983957218195
2011-02-16,37700,37700,36800,37400,1201,-0.001335113484646211
2011-02-17,37350,37350,36250,36250,2170,-0.03074866310160429
2011-02-18,36300,36600,35650,36150,3160,-0.0027586206896551557
2011-02-21,36150,36400,35650,35650,3360,-0.013831258644536604
2011-02-22,35150,35950,35150,35600,1380,-0.0014025245441795509
2011-02-23,35500,36200,35300,35600,2180,0.0
2011-02-24,36050,36400,35650,36350,2210,0.02106741573033699
2011-02-25,35950,35950,35500,35950,1430,-0.011004126547455306
2011-02-28,36150,37100,36100,37100,1220,0.03198887343532686
2011-03-02,36800,37000,36300,36900,942,-0.005390835579514808
2011-03-03,36500,37550,36150,37550,1361,0.017615176151761558
2011-03-04,37550,37550,37300,37450,1380,-0.0026631158455392434
2011-03-07,36700,37850,36700,37700,1800,0.006675567423231055
2011-03-08,38000,38000,37200,38000,4570,0.007957559681697646
2011-03-09,37550,37800,37100,37450,26360,-0.014473684210526305
2011-03-10,37450,38100,37100,37350,23930,-0.002670226969292422
2011-03-11,37200,37700,37000,37700,1760,0.009370816599732157
2011-03-14,38500,38900,37800,37850,4954,0.003978779840848823
2011-03-15,37850,37850,36900,37350,1350,-0.013210039630118908
2011-03-16,37700,38500,37300,38150,3486,0.021419009370816644
2011-03-17,37900,37900,36800,37600,1740,-0.014416775884665833
2011-03-18,37250,37750,37250,37600,1420,0.0
2011-03-21,37400,37400,37000,37350,861,-0.0066489361702127825
2011-03-22,37450,37500,37200,37500,1950,0.004016064257028162
2011-03-23,37500,38200,37200,37200,7422,-0.008000000000000007
2011-03-24,37000,37500,37000,37200,3521,0.0
2011-03-25,37200,37400,37100,37200,490,0.0
2011-03-28,37900,37900,36700,37050,2021,-0.0040322580645161255
2011-03-29,37200,37250,36850,37000,1200,-0.0013495276653171517
2011-03-30,37000,38300,37000,37650,3640,0.0175675675675675
2011-03-31,37550,38900,37450,37700,8722,0.0013280212483399723
2011-04-01,37700,38700,37550,38250,1853,0.01458885941644561
2011-04-04,38250,38350,37700,38250,2321,0.0
2011-04-05,38800,39450,38500,39400,3033,0.030065359477124076
2011-04-06,39400,43000,39400,42700,16910,0.08375634517766506
2011-04-07,43050,43050,40300,42950,4560,0.005854800936768045
2011-04-08,42550,43900,41500,43700,11500,0.017462165308498312
2011-04-11,42600,43700,42600,43200,3220,-0.011441647597253968
2011-04-12,43450,43450,41450,42050,6770,-0.02662037037037035
2011-04-13,42450,42450,41350,42050,6050,0.0
2011-04-14,42100,45000,42100,45000,7583,0.07015457788347201
2011-04-15,45900,46950,45000,45900,4950,0.020000000000000018
2011-04-18,45900,48000,43850,45400,17816,-0.01089324618736387
2011-04-19,44550,45800,44550,45700,2200,0.0066079295154184425
2011-04-20,46000,48000,45850,47850,4500,0.04704595185995619
2011-04-21,49300,55000,49250,54200,88546,0.13270637408568442
2011-04-22,54500,55500,50000,52000,18605,-0.040590405904059046
2011-04-25,53800,59800,52300,58700,56530,0.12884615384615383
2011-04-26,58200,62700,57100,60300,34028,0.027257240204429323
2011-04-27,60300,61800,57700,58700,8756,-0.026533996683250405
2011-04-28,57100,60600,56000,60000,14256,0.022146507666098714
2011-04-29,61700,61700,57400,61100,14129,0.018333333333333313
2011-05-02,61100,62200,58400,58800,9084,-0.03764320785597386
2011-05-03,58100,60000,56100,56300,8243,-0.04251700680272108
2011-05-04,56600,59900,56100,56700,11199,0.007104795737122638
2011-05-06,55000,59000,53500,58200,7994,0.02645502645502651
2011-05-09,58000,59000,56600,57500,3612,-0.012027491408934665
2011-05-11,58400,58400,56300,56500,2350,-0.017391304347826098
2011-05-12,54900,60900,54900,59200,9855,0.04778761061946901
2011-05-13,58700,60500,58700,59000,5400,-0.0033783783783783994
2011-05-16,60000,62400,59700,60400,24645,0.023728813559322104
2011-05-17,60400,62000,59600,60900,15424,0.008278145695364225
2011-05-18,62000,62000,60000,61700,15022,0.013136288998357948
2011-05-19,62500,70000,62000,66500,38691,0.07779578606158832
2011-05-20,67500,68600,65900,68000,25335,0.022556390977443552
2011-05-23,68900,68900,65700,65900,9257,-0.030882352941176472
2011-05-24,64500,66000,63600,64400,6887,-0.022761760242792084
2011-05-25,64600,66800,64100,65400,9896,0.01552795031055898
2011-05-26,65400,67700,64000,66100,7568,0.010703363914372988
2011-05-27,67400,67400,63000,64300,6995,-0.027231467473525006
2011-05-30,64300,65600,63900,64500,5475,0.0031104199066873672
2011-05-31,64400,64800,62300,64000,9467,-0.007751937984496138
2011-06-01,64500,64500,61900,62300,15487,-0.026562500000000044
2011-06-02,61500,61500,60000,60900,7806,-0.022471910112359605
2011-06-03,61300,62000,60200,60500,3519,-0.006568144499178974
2011-06-07,59200,61500,58000,58000,7611,-0.04132231404958675
2011-06-08,57600,60200,57500,59700,4314,0.02931034482758621
2011-06-09,60400,61500,59600,60400,3850,0.011725293132328396
2011-06-10,61200,62700,60900,61100,5672,0.011589403973509826
2011-06-13,62000,62000,59100,59900,2465,-0.019639934533551506
2011-06-14,59300,61800,58700,60800,2543,0.015025041736226985
2011-06-15,60300,61000,58900,61000,15013,0.00328947368421062
2011-06-16,58400,60700,58400,59600,2314,-0.022950819672131195
2011-06-17,59200,61200,58200,60000,3259,0.006711409395973256
2011-06-20,60700,60800,58700,60200,3403,0.0033333333333334103
2011-06-21,60900,60900,59300,60200,4579,0.0
2011-06-22,61000,61800,60300,61000,3997,0.013289036544850585
2011-06-23,60100,62000,60100,60900,3224,-0.0016393442622950616
2011-06-24,60300,64000,60000,62400,7366,0.024630541871921263
2011-06-27,63200,63200,61800,62400,4098,0.0
2011-06-28,63000,63000,61000,61300,4532,-0.017628205128205177
2011-06-29,62500,62500,60700,61400,1927,0.0016313213703098572
2011-06-30,61400,62800,61000,62600,2907,0.019543973941368087
2011-07-01,62600,63000,61700,62600,7203,0.0
2011-07-04,63300,63300,61700,62500,4441,-0.0015974440894568342
2011-07-05,62500,64700,62200,64500,7232,0.03200000000000003
2011-07-06,63600,66500,63600,66400,6261,0.029457364341085368
2011-07-07,65700,67500,65700,66700,3350,0.004518072289156683
2011-07-08,66800,67500,65000,66500,2485,-0.0029985007496251548
2011-07-11,67000,67100,65200,66400,6105,-0.0015037593984962294
2011-07-12,66400,67000,65300,66200,7592,-0.003012048192771122
2011-07-13,65800,68000,65400,66400,7628,0.0030211480362538623
2011-07-14,66100,68900,66100,68200,8019,0.027108433734939652
2011-07-15,68700,69500,67800,68400,4741,0.0029325513196480912
2011-07-18,68800,69600,67400,67700,3541,-0.010233918128654929
2011-07-19,68200,69300,67700,68900,12083,0.017725258493352936
2011-07-20,68900,71900,68900,69700,13406,0.011611030478954953
2011-07-21,70100,71000,67700,68200,6181,-0.021520803443328518
2011-07-22,70000,70000,67200,68900,4236,0.01026392961876832
2011-07-25,69400,69900,67300,68800,12313,-0.0014513788098693414
2011-07-26,68800,69300,68000,69300,32230,0.007267441860465018
2011-07-27,68600,71700,67700,71400,61821,0.030303030303030276
2011-07-28,71300,73700,70900,71700,18854,0.004201680672268893
2011-07-29,73200,75700,72100,74900,28301,0.04463040446304034
2011-08-01,75600,75800,74100,75200,15970,0.004005340453938633
2011-08-02,74600,74600,72000,73000,23434,-0.0292553191489362
2011-08-03,70600,72500,69200,71300,12332,-0.023287671232876672
2011-08-04,71100,71300,65000,65400,20673,-0.08274894810659184
2011-08-05,61500,64500,55600,60000,26729,-0.08256880733944949
2011-08-08,58500,61800,52000,55900,25539,-0.06833333333333336
2011-08-09,55000,57000,48000,56900,30642,0.017889087656529412
2011-08-10,61300,61300,57300,57300,19401,0.007029876977152849
2011-08-11,54100,59800,54100,58800,8418,0.02617801047120416
2011-08-12,59500,67000,59500,61900,20726,0.05272108843537415
2011-08-16,64400,65400,62800,63800,22557,0.030694668820678617
2011-08-17,63600,67500,63300,67100,17591,0.051724137931034475
2011-08-18,66600,68400,65800,68400,22273,0.019374068554396384
2011-08-19,63700,66100,62700,64500,20441,-0.05701754385964908
2011-08-22,62400,64400,58600,58900,14480,-0.08682170542635659
2011-08-23,59300,60300,57600,58600,24427,-0.005093378607809895
2011-08-24,59700,60300,57000,58800,12756,0.0034129692832765013
2011-08-25,60300,60300,58000,58800,6459,0.0
2011-08-26,58800,59600,57000,59400,22736,0.010204081632652962
2011-08-29,60400,61100,59400,60400,9355,0.01683501683501687
2011-08-30,60600,61600,59400,59400,7043,-0.01655629139072845
2011-08-31,59500,60600,58000,59200,9218,-0.0033670033670033517
2011-09-01,58500,60700,58500,58500,12327,-0.011824324324324342
2011-09-02,58500,58900,57600,58000,9528,-0.008547008547008517
2011-09-05,57500,58000,56100,56200,5808,-0.03103448275862064
2011-09-06,54500,54500,51200,52000,24393,-0.07473309608540923
2011-09-07,52500,55100,52300,54600,14541,0.050000000000000044
2011-09-08,56800,56800,52700,53700,17436,-0.016483516483516536
2011-09-09,52600,54100,52000,53500,6823,-0.003724394785847296
2011-09-14,52600,53200,50000,50000,8819,-0.06542056074766356
2011-09-15,50600,51800,48950,48950,3936,-0.02100000000000002
2011-09-16,51200,51200,50000,50600,5099,0.03370786516853941
2011-09-19,51100,51200,49700,50000,4121,-0.011857707509881465
2011-09-20,49650,50900,49200,50400,2560,0.008000000000000007
2011-09-21,50300,52800,50300,52400,5456,0.039682539682539764
2011-09-22,51300,51500,50000,50500,4048,-0.0362595419847328
2011-09-23,47600,50200,46800,47000,6579,-0.06930693069306926
2011-09-26,46950,48100,43000,43100,7298,-0.08297872340425527
2011-09-27,45650,47500,43750,47500,7845,0.10208816705336421
2011-09-28,47500,48800,46500,46500,1374,-0.021052631578947323
2011-09-29,46500,49000,45100,48800,2581,0.04946236559139794
2011-09-30,48800,48800,47000,48500,5298,-0.006147540983606592
2011-10-04,45400,46300,44800,46250,3270,-0.046391752577319534
2011-10-05,48600,48600,42400,46200,3970,-0.00108108108108107
2011-10-06,46300,48000,45000,48000,7064,0.03896103896103886
2011-10-07,49150,49300,47600,49000,2190,0.02083333333333326
2011-10-10,47800,49800,47800,49550,1791,0.011224489795918391
2011-10-11,49700,51000,48650,49000,4280,-0.011099899091826404
2011-10-12,48550,50300,47800,49400,2866,0.008163265306122547
2011-10-13,50200,50200,48700,49750,4372,0.007085020242914908
2011-10-14,48950,49250,48000,48800,4398,-0.019095477386934623
2011-10-17,48900,50000,48900,50000,3803,0.024590163934426146
2011-10-18,48200,49450,48200,48350,5484,-0.03300000000000003
2011-10-19,48400,49300,47350,47500,3760,-0.0175801447776629
2011-10-20,48300,48450,45650,45650,6204,-0.03894736842105262
2011-10-21,46000,47950,46000,47400,4532,0.0383351588170866
2011-10-24,47550,49300,46000,48400,5011,0.021097046413502074
2011-10-25,49500,49500,48400,49000,12312,0.012396694214876103
2011-10-26,48900,54000,48000,51900,15487,0.0591836734693878
2011-10-27,53400,56000,52700,54600,24077,0.052023121387283267
2011-10-28,56000,56000,53100,53100,6798,-0.027472527472527486
2011-10-31,53100,54800,50500,52200,6707,-0.016949152542372836
2011-11-01,50800,58000,50800,55100,10472,0.05555555555555558
2011-11-02,54500,55800,51900,54800,6923,-0.005444646098003658
2011-11-03,54600,55800,53000,54500,5564,-0.005474452554744547
2011-11-04,57000,57000,54200,55000,4318,0.00917431192660545
2011-11-07,55500,55500,53500,54200,3489,-0.014545454545454528
2011-11-08,54200,54200,53000,53100,6041,-0.020295202952029467
2011-11-09,54300,54300,52500,53500,5151,0.007532956685499137
2011-11-10,52300,52300,49450,50900,11779,-0.04859813084112152
2011-11-11,51000,53600,50900,52900,18883,0.03929273084479368
2011-11-14,54400,56400,53700,55200,11659,0.04347826086956519
2011-11-15,54400,56000,54400,55000,6916,-0.0036231884057971175
2011-11-16,55600,55700,53500,53500,7289,-0.027272727272727226
2011-11-17,53500,54100,52900,53100,5356,-0.00747663551401867
2011-11-18,52700,53100,51900,52600,2717,-0.00941619585687381
2011-11-21,51000,53300,51000,52500,3993,-0.0019011406844106071
2011-11-22,52500,52600,51000,52200,5275,-0.005714285714285672
2011-11-23,51800,52700,51000,51100,4176,-0.021072796934865856
2011-11-24,50100,51500,49600,50400,5983,-0.013698630136986356
2011-11-25,50800,52500,49150,49550,3916,-0.016865079365079416
2011-11-28,49750,50900,49700,50000,2380,0.00908173562058523
2011-11-29,50500,51200,49400,49450,7174,-0.01100000000000001
2011-11-30,49450,49450,48650,48700,3763,-0.015166835187057637
2011-12-01,50200,50400,49100,50300,9444,0.03285420944558526
2011-12-02,49800,50700,49550,49950,4218,-0.006958250497017926
2011-12-05,49950,50100,49450,50100,5771,0.0030030030030030463
2011-12-06,50100,50400,49600,49900,5297,-0.003992015968063867
2011-12-07,49900,51300,49500,51000,3193,0.022044088176352616
2011-12-08,51300,53000,51100,51800,10105,0.015686274509803866
2011-12-09,51900,51900,50200,50200,2515,-0.030888030888030937
2011-12-12,51200,51800,50300,51500,4118,0.02589641434262946
2011-12-13,51300,51300,50500,50900,2761,-0.011650485436893177
2011-12-14,50900,51400,49850,50400,2923,-0.00982318271119842
2011-12-15,50100,50100,47350,47600,9161,-0.05555555555555558
2011-12-16,48400,48600,45750,45850,8297,-0.03676470588235292
2011-12-19,46100,46200,42300,44900,6467,-0.02071973827699014
2011-12-20,43300,45800,43300,44800,10329,-0.00222717149220486
2011-12-21,46200,46200,44300,45000,11230,0.0044642857142858094
2011-12-22,45300,45300,43900,44150,5113,-0.018888888888888844
2011-12-23,44150,45050,43000,44800,6945,0.014722536806341946
2011-12-26,44950,45900,44750,45050,6188,0.005580357142857206
2011-12-27,45100,45700,44650,45000,7637,-0.0011098779134295356
2011-12-28,44150,45300,43750,44150,6433,-0.018888888888888844
2011-12-29,44150,45500,44150,44850,3413,0.015855039637599155
2012-01-02,44850,45750,44700,45100,2650,0.00557413600891854
2012-01-03,45000,46150,45000,45500,8421,0.008869179600886845
2012-01-04,45500,45800,45000,45100,11782,-0.00879120879120876
2012-01-05,45150,45600,45150,45500,2743,0.008869179600886845
2012-01-06,45500,46000,45100,45700,2942,0.00439560439560438
2012-01-09,45450,45450,44750,45150,1726,-0.012035010940919078
2012-01-10,45200,46150,45200,45650,2892,0.011074197120708673
2012-01-11,45600,45800,45250,45550,1795,-0.0021905805038334725
2012-01-12,45500,46150,45400,45850,2030,0.00658616904500553
2012-01-13,45600,46850,45600,46350,2684,0.010905125408942284
2012-01-16,45650,46400,44600,45300,2682,-0.02265372168284785
2012-01-17,45300,46000,45100,45200,3576,-0.002207505518763808
2012-01-18,45300,45800,44750,45150,4060,-0.0011061946902655162
2012-01-19,45650,45650,44800,44850,6580,-0.006644518272425293
2012-01-20,44850,45250,43550,44700,5922,-0.0033444816053511683
2012-01-25,44300,44850,43650,43900,4823,-0.017897091722595126
2012-01-26,43550,44350,43550,44300,3295,0.009111617312072884
2012-01-27,43850,45200,43850,45050,3823,0.016930022573363512
2012-01-30,45550,45650,44650,45000,2983,-0.0011098779134295356
2012-01-31,44750,45500,44700,45150,2510,0.0033333333333334103
2012-02-01,45150,45500,45150,45150,2164,0.0
2012-02-02,45300,48000,45150,48000,15306,0.06312292358803995
2012-02-03,47800,48500,47600,48150,7303,0.0031250000000000444
2012-02-06,48500,49550,48400,48600,6336,0.009345794392523255
2012-02-07,48600,48600,47800,48250,2832,-0.007201646090534974
2012-02-08,48400,49200,48200,48950,2955,0.014507772020725396
2012-02-09,49000,49500,48200,48500,3021,-0.009193054136874323
2012-02-10,48250,49000,47850,48600,9366,0.0020618556701030855
2012-02-13,48400,48900,47900,47900,2193,-0.014403292181069949
2012-02-14,47950,48350,47500,47500,4120,-0.008350730688935326
2012-02-15,47600,48400,47600,48200,4764,0.01473684210526316
2012-02-16,47700,48500,47700,47800,4296,-0.008298755186721962
2012-02-17,48000,49700,48000,49650,8335,0.03870292887029292
2012-02-20,50500,51000,49750,50700,6819,0.02114803625377637
2012-02-21,50700,51200,49900,50700,6878,0.0
2012-02-22,51000,51000,49900,50300,3936,-0.007889546351084853
2012-02-23,50100,51800,49450,51800,10515,0.02982107355864816
2012-02-24,52200,55000,51800,54200,14010,0.04633204633204624
2012-02-27,55700,55700,52600,53000,11085,-0.022140221402214055
2012-02-28,53600,55500,52400,54700,9917,0.03207547169811331
2012-02-29,54000,55700,53600,55600,13032,0.01645338208409508
2012-03-02,55900,58400,55600,58300,17413,0.04856115107913661
2012-03-05,59000,59700,57500,58500,6285,0.0034305317324185847
2012-03-06,58400,58500,54900,55900,10779,-0.0444444444444444
2012-03-07,55000,57500,54800,57500,7849,0.028622540250447193
2012-03-08,58000,58300,56200,57500,8858,0.0
2012-03-09,58000,58000,55400,55600,11299,-0.03304347826086962
2012-03-12,54800,56600,54100,55800,7563,0.003597122302158251
2012-03-13,56400,56400,55300,55400,8585,-0.007168458781361964
2012-03-14,56500,56500,54600,55700,14507,0.005415162454873723
2012-03-15,55900,55900,54900,55200,12184,-0.008976660682226245
2012-03-16,55700,56500,55100,56000,8487,0.01449275362318847
2012-03-19,56800,56800,55600,56000,7341,0.0
2012-03-20,56000,56000,55500,55600,6762,-0.0071428571428571175
2012-03-21,55600,55800,54500,55300,5154,-0.0053956834532373765
2012-03-22,55700,55700,54300,54600,4542,-0.012658227848101222
2012-03-23,54600,56800,54000,56400,4729,0.03296703296703307
2012-03-26,56100,57300,52100,55800,21381,-0.010638297872340385
2012-03-27,55400,56000,55300,55800,2754,0.0
2012-03-28,55900,57500,55800,57200,14353,0.02508960573476693
2012-03-29,57300,58600,55800,58100,18015,0.01573426573426584
2012-03-30,58500,58500,57000,57000,4026,-0.018932874354561147
2012-04-02,57000,57000,54200,54400,11871,-0.04561403508771933
2012-04-03,54300,55000,53000,53500,6574,-0.016544117647058876
2012-04-04,52700,53300,50000,51900,22278,-0.029906542056074792
2012-04-05,51000,51900,50000,51600,22022,-0.005780346820809301
2012-04-06,51500,53500,51100,51100,12624,-0.009689922480620172
2012-04-09,50100,51700,49900,51600,15690,0.009784735812133016
2012-04-10,51600,52300,51200,51400,9242,-0.003875968992248069
2012-04-12,51000,51800,50200,51800,10319,0.0077821011673151474
2012-04-13,52800,53200,52300,53200,4233,0.027027027027026973
2012-04-16,53000,55100,52300,54600,4725,0.026315789473684292
2012-04-17,55100,55500,54300,54800,3692,0.00366300366300365
2012-04-18,55500,55700,54100,54900,5638,0.0018248175182482562
2012-04-19,54900,54900,53100,53900,3804,-0.01821493624772308
2012-04-20,52800,53600,52600,52700,5719,-0.02226345083487946
2012-04-23,53400,53500,52100,52400,739,-0.005692599620493399
2012-04-24,51300,53500,51300,51600,1910,-0.01526717557251911
2012-04-25,51900,53600,51300,53500,4388,0.036821705426356655
2012-04-26,53200,53400,51700,51700,2177,-0.03364485981308407
2012-04-27,51500,52500,51500,51700,1528,0.0
2012-04-30,51500,52700,50500,51700,2223,0.0
2012-05-02,52600,52600,51400,52100,3299,0.007736943907156624
2012-05-03,52900,52900,51700,51800,2091,-0.0057581573896353655
2012-05-04,51800,52200,50900,51700,4273,-0.0019305019305019266
2012-05-07,50800,51400,50700,51300,2045,-0.007736943907156624
2012-05-08,51200,52700,51200,51900,1023,0.011695906432748648
2012-05-09,51100,52600,50500,51200,2318,-0.013487475915221592
2012-05-10,51100,51100,50000,50900,3042,-0.005859375
2012-05-11,50500,51000,48900,50000,8183,-0.017681728880157177
2012-05-14,50000,50400,48800,49900,2727,-0.0020000000000000018
2012-05-15,49000,49550,48500,49300,2060,-0.012024048096192397
2012-05-16,48500,48500,47400,48000,3067,-0.026369168356997985
2012-05-17,47500,48000,46600,47450,6098,-0.011458333333333348
2012-05-18,46900,48450,46050,47100,2298,-0.00737618545837726
2012-05-21,46150,47700,46100,47000,1793,-0.002123142250530785
2012-05-22,47500,47500,45700,46050,4360,-0.02021276595744681
2012-05-23,46000,46100,44800,45150,2558,-0.019543973941368087
2012-05-24,45100,45400,44250,45100,8082,-0.001107419712070845
2012-05-25,45100,46200,44900,46100,5234,0.022172949002217335
2012-05-29,45600,47300,45600,47050,1916,0.020607375271149753
2012-05-30,46500,47000,46300,46900,4463,-0.0031880977683315104
2012-05-31,45200,46750,45200,46600,4542,-0.006396588486140775
2012-06-01,46600,47600,46250,47600,1930,0.02145922746781115
2012-06-04,46600,46600,45550,46500,2921,-0.02310924369747902
2012-06-05,46500,46500,45500,46000,1480,-0.010752688172043001
2012-06-07,46250,46250,44450,44550,49502,-0.03152173913043477
2012-06-08,44300,44800,43100,43800,11231,-0.01683501683501687
2012-06-11,43800,44450,43700,44100,4515,0.006849315068493178
2012-06-12,44100,44650,43800,44250,7659,0.00340136054421758
2012-06-13,44850,45250,44000,45100,3760,0.019209039548022666
2012-06-14,45050,45600,44500,45600,3870,0.011086474501108556
2012-06-15,45650,45650,44950,44950,2047,-0.014254385964912242
2012-06-18,45000,45450,44800,45000,1599,0.0011123470522802492
2012-06-19,45050,46100,45050,45900,4665,0.020000000000000018
2012-06-20,46300,46400,45250,46000,3943,0.002178649237472685
2012-06-21,46000,46000,45150,45250,2792,-0.016304347826086918
2012-06-22,45000,45050,44600,44650,3175,-0.013259668508287303
2012-06-25,44900,44900,44200,44500,4750,-0.0033594624860022737
2012-06-26,43650,44300,43250,43900,3460,-0.013483146067415741
2012-06-27,43650,43800,43400,43550,2589,-0.007972665148063829
2012-06-28,43850,43850,42300,42800,11907,-0.01722158438576349
2012-06-29,42900,42900,42200,42750,9321,-0.001168224299065379
2012-07-02,43550,43800,42800,43550,5754,0.01871345029239757
2012-07-03,43550,44300,43250,44300,3820,0.01722158438576349
2012-07-04,44300,44400,43400,44300,4420,0.0
2012-07-05,44300,44800,43850,44550,2230,0.0056433408577878375
2012-07-06,44900,44900,43950,44100,2760,-0.010101010101010055
2012-07-09,43600,43700,43000,43100,3658,-0.0226757369614512
2012-07-10,43000,43650,42800,43550,3488,0.010440835266821269
2012-07-11,43100,43800,42850,43400,3240,-0.003444316877152742
2012-07-12,43300,43300,42500,42850,2840,-0.012672811059907807
2012-07-13,43000,43000,41800,42400,3390,-0.010501750291715295
2012-07-16,42800,42800,42150,42500,2919,0.002358490566037652
2012-07-17,42500,43150,42500,42950,2210,0.010588235294117565
2012-07-18,42800,42950,42300,42350,1730,-0.01396973224679865
2012-07-19,42600,42750,42100,42150,3530,-0.0047225501770956635
2012-07-20,42200,42750,41900,42750,2439,0.014234875444839812
2012-07-23,42800,42800,41800,42750,7006,0.0
2012-07-24,41850,42900,41500,42900,4270,0.0035087719298245723
2012-07-25,42500,42800,41600,42800,2701,-0.002331002331002363
2012-07-26,42000,42550,41900,42400,1441,-0.009345794392523366
2012-07-27,42050,42850,42050,42650,1636,0.005896226415094352
2012-07-30,42500,42900,42500,42550,595,-0.0023446658851113966
2012-07-31,42150,42850,42150,42850,1080,0.007050528789659172
2012-08-01,42400,42650,41800,41800,4412,-0.02450408401400228
2012-08-02,41250,41800,41150,41450,3183,-0.00837320574162681
2012-08-03,41150,41700,41100,41550,1724,0.0024125452352230514
2012-08-06,41800,42500,41800,42500,2330,0.022864019253910906
2012-08-07,42500,42750,42200,42250,1653,-0.00588235294117645
2012-08-08,42050,43000,42050,42800,3445,0.013017751479289963
2012-08-09,42500,43000,42200,42400,3030,-0.009345794392523366
2012-08-10,42650,42650,42400,42650,1202,0.005896226415094352
2012-08-13,42850,42900,42650,42650,2392,0.0
2012-08-14,42550,43200,42550,43150,1250,0.011723329425556761
2012-08-16,42900,42900,42000,42000,5449,-0.02665121668597914
2012-08-17,42000,42650,41750,42600,3977,0.014285714285714235
2012-08-20,42200,42600,42150,42150,1450,-0.010563380281690127
2012-08-21,42150,42200,41700,42000,6280,-0.003558718861209953
2012-08-22,41750,41800,41400,41600,3878,-0.00952380952380949
2012-08-23,41600,41850,41550,41550,3748,-0.0012019230769231282
2012-08-24,41550,42000,41200,41500,2622,-0.001203369434416346
2012-08-27,41550,41700,41050,41600,2326,0.002409638554216942
2012-08-28,41250,41500,40700,41000,9600,-0.014423076923076872
2012-08-29,41200,41750,41100,41750,3270,0.018292682926829285
2012-08-30,41750,41750,40700,41050,3744,-0.016766467065868262
2012-08-31,40800,41450,40800,41450,2450,0.00974421437271622
2012-09-03,41050,43000,40700,42150,4290,0.016887816646562026
2012-09-04,42150,42150,41250,41250,4003,-0.02135231316725983
2012-09-05,41250,41500,40800,41000,4874,-0.0060606060606061
2012-09-06,41000,41500,40900,41450,2880,0.01097560975609757
2012-09-07,41450,42200,41450,42200,4911,0.018094089264173663
2012-09-10,42200,42750,41500,41550,8008,-0.0154028436018957
2012-09-11,41550,41550,41200,41200,6749,-0.008423586040914532
2012-09-12,41700,42250,41200,41800,3723,0.014563106796116498
2012-09-13,42200,42600,41900,42500,4160,0.01674641148325362
2012-09-14,42650,43700,42650,43650,5760,0.027058823529411802
2012-09-17,43700,43750,42800,43600,8808,-0.001145475372279492
2012-09-18,43600,43800,43150,43550,5885,-0.0011467889908256534
2012-09-19,43550,43900,43000,43750,7257,0.004592422502870175
2012-09-20,44000,45300,43750,44450,10421,0.016000000000000014
2012-09-21,44600,44850,44200,44400,3148,-0.0011248593925758943
2012-09-24,44650,44800,43400,44800,5008,0.009009009009008917
2012-09-25,45200,45200,44050,44300,3540,-0.011160714285714302
2012-09-26,43500,44100,43500,43850,2146,-0.010158013544018019
2012-09-27,43400,44250,43150,44000,7883,0.003420752565564511
2012-09-28,44150,44150,43200,43600,2959,-0.009090909090909038
2012-10-02,43550,43900,43100,43700,2903,0.002293577981651307
2012-10-04,43700,43700,43000,43250,3935,-0.010297482837528626
2012-10-05,43450,43650,42950,43400,2721,0.003468208092485492
2012-10-08,44400,44400,43350,44100,3450,0.016129032258064502
2012-10-09,43900,44200,43600,44150,4251,0.0011337868480725266
2012-10-10,44150,44150,43400,43500,1972,-0.014722536806342057
2012-10-11,43600,43600,43000,43100,2029,-0.00919540229885063
2012-10-12,43100,43150,42850,43000,1453,-0.002320185614849146
2012-10-15,42850,43700,42600,43400,5194,0.009302325581395321
2012-10-16,43350,43500,42850,43400,1630,0.0
2012-10-17,43400,43750,43200,43200,1914,-0.004608294930875556
2012-10-18,43000,43300,42900,42950,2344,-0.0057870370370370905
2012-10-19,42950,43400,42800,43100,941,0.0034924330616996624
2012-10-22,42300,42900,42300,42650,1210,-0.01044083526682138
2012-10-23,42450,42600,42400,42450,1210,-0.004689331770222793
2012-10-24,42450,42450,41800,41900,2425,-0.012956419316843326
2012-10-25,42000,42000,41600,41900,2940,0.0
2012-10-26,41750,41750,41100,41650,3010,-0.005966587112171795
2012-10-29,41600,41650,40950,40950,2390,-0.01680672268907568
2012-10-30,41050,42500,40900,42350,2470,0.03418803418803429
2012-10-31,42350,43150,41950,42350,3560,0.0
2012-11-01,41900,41950,41000,41550,3460,-0.018890200708382543
2012-11-02,41550,42300,41450,42200,1290,0.01564380264741283
2012-11-05,42000,42400,41550,42400,1490,0.004739336492890933
2012-11-06,42400,42500,41700,42200,925,-0.004716981132075526
2012-11-07,42200,42200,41800,42000,2377,-0.004739336492891044
2012-11-08,41600,41700,41200,41700,3043,-0.0071428571428571175
2012-11-09,41250,41950,41050,41950,2520,0.005995203836930418
2012-11-12,41950,43450,41600,43300,6599,0.03218116805721105
2012-11-13,43800,44150,43200,44000,6801,0.01616628175519641
2012-11-14,43900,44950,43700,44950,6111,0.021590909090908994
2012-11-15,44900,46900,44000,44700,15240,-0.005561735261401579
2012-11-16,44700,44700,43050,44300,4085,-0.008948545861297563
2012-11-19,43150,44300,43150,44300,1081,0.0
2012-11-20,43350,43800,43350,43800,519,-0.011286681715575675
2012-11-21,43400,43650,43150,43600,341,-0.004566210045662156
2012-11-22,42300,43000,42300,42450,1335,-0.026376146788990806
2012-11-23,42450,42550,41950,42050,893,-0.009422850412249661
2012-11-26,42050,42150,41900,41900,1194,-0.003567181926278251
2012-11-27,41900,42350,41900,42100,142,0.004773269689737569
2012-11-28,42150,42150,41800,41800,290,-0.0071258907363420665
2012-11-29,41850,42850,41850,42850,1003,0.02511961722488043
2012-11-30,42100,42900,42100,42800,883,-0.001166861143523934
2012-12-03,42100,42300,41450,41800,2680,-0.02336448598130836
2012-12-04,41700,41900,41500,41700,1360,-0.0023923444976076125
2012-12-05,41900,41900,41400,41600,633,-0.0023980815347721673
2012-12-06,41600,41600,41350,41350,2000,-0.006009615384615419
2012-12-07,41700,41800,41200,41800,1632,0.010882708585247869
2012-12-10,41800,41800,41400,41400,1310,-0.009569377990430672
2012-12-11,41400,41400,41150,41150,1961,-0.006038647342995196
2012-12-12,41150,41400,40900,40900,3133,-0.0060753341433779084
2012-12-13,40900,41400,40900,41400,3075,0.012224938875305513
2012-12-14,41400,42400,41350,42350,2760,0.022946859903381744
2012-12-17,42100,42150,41900,41900,662,-0.010625737898465215
2012-12-18,41950,42400,41900,42200,1001,0.007159904534606243
2012-12-20,42200,42250,41600,42050,1362,-0.0035545023696682554
2012-12-21,41750,42350,41650,41750,918,-0.007134363852556502
2012-12-24,41750,42700,41750,42700,51372,0.022754491017964007
2012-12-26,42350,43050,42350,43000,1860,0.007025761124121788
2012-12-27,42950,42950,42350,42350,794,-0.015116279069767424
2012-12-28,43000,43000,41950,42950,1660,0.01416765053128688
2013-01-02,43500,43500,42950,43100,2171,0.0034924330616996624
2013-01-03,43100,43550,42950,43500,3540,0.009280742459396807
2013-01-04,43550,44500,43550,44300,6120,0.01839080459770126
2013-01-07,44300,44600,43350,43450,2970,-0.019187358916478603
2013-01-08,43100,43550,43100,43450,930,0.0
2013-01-09,43900,43900,43050,43400,610,-0.0011507479861909697
2013-01-10,43500,44850,43450,44800,7679,0.032258064516129004
2013-01-11,44750,46650,44750,46400,7670,0.03571428571428581
2013-01-14,47400,47850,46500,47750,9592,0.02909482758620685
2013-01-15,47750,48800,47750,48200,8210,0.009424083769633551
2013-01-16,48350,48650,48000,48000,6078,-0.004149377593360981
2013-01-17,48000,48000,46700,47800,1510,-0.004166666666666652
2013-01-18,46650,47750,46000,47750,8500,-0.0010460251046024993
2013-01-21,46600,48350,46600,48350,8200,0.012565445026178068
2013-01-22,49000,49300,47600,48050,6990,-0.006204756980351611
2013-01-23,47250,48200,47100,47800,190,-0.005202913631633721
2013-01-24,47800,47800,46800,46800,390,-0.02092050209205021
2013-01-25,46800,47500,45750,47450,1824,0.01388888888888884
2013-01-28,47450,48050,45850,47950,2590,0.010537407797681864
2013-01-29,47950,48100,46900,47950,1701,0.0
2013-01-30,47400,47950,47000,47000,1121,-0.019812304483837306
2013-01-31,47000,48000,45600,48000,1873,0.02127659574468077
2013-02-01,47900,48000,46850,47400,147,-0.012499999999999956
2013-02-04,47400,47400,45800,47100,1320,-0.006329113924050667
2013-02-05,47100,47500,46550,47350,543,0.005307855626327074
2013-02-06,47350,47450,46000,47400,3180,0.001055966209081216
2013-02-07,47400,47400,46400,47000,1413,-0.008438818565400852
2013-02-08,46500,46950,46300,46850,240,-0.0031914893617021045
2013-02-12,46450,46850,46450,46700,753,-0.0032017075773745907
2013-02-13,47050,47150,46650,46700,1521,0.0
2013-02-14,46200,46400,45950,45950,1360,-0.016059957173447548
2013-02-15,45950,45950,44700,44950,3165,-0.021762785636561532
2013-02-18,45000,45000,44500,44500,2442,-0.010011123470522798
2013-02-19,44200,44300,43800,43800,2861,-0.01573033707865168
2013-02-20,44300,44300,43650,43950,1244,0.003424657534246478
2013-02-21,43900,44550,43450,44550,5492,0.013651877133105783
2013-02-22,44150,44700,44050,44400,1886,-0.0033670033670033517
2013-02-25,44150,44400,43900,44250,520,-0.0033783783783783994
2013-02-26,44000,44700,43700,44700,2810,0.01016949152542379
2013-02-27,44100,44600,44100,44450,1630,-0.005592841163310935
2013-02-28,44800,45100,44450,45050,5140,0.013498312710911176
2013-03-04,44500,44700,44250,44300,1141,-0.01664816870144281
2013-03-05,43900,44600,43900,44250,1575,-0.0011286681715575453
2013-03-06,44000,44450,43300,43700,6530,-0.012429378531073398
2013-03-07,43700,43700,43000,43700,3750,0.0
2013-03-08,43650,43850,43350,43850,5690,0.003432494279176135
2013-03-11,43850,44950,43200,44050,5948,0.004561003420752607
2013-03-12,43650,43900,43500,43650,3600,-0.009080590238365494
2013-03-13,43650,44050,43550,44050,2550,0.009163802978235935
2013-03-14,44100,44300,43600,44100,2601,0.0011350737797957144
2013-03-15,44550,44900,43900,44200,3110,0.0022675736961450532
2013-03-18,44150,44350,43550,43950,1650,-0.005656108597285048
2013-03-19,44000,44700,43850,44400,4924,0.010238907849829282
2013-03-20,44500,44500,42000,43400,5421,-0.022522522522522515
2013-03-21,43500,43950,43200,43950,1831,0.012672811059907918
2013-03-22,44600,44600,43050,43700,4250,-0.005688282138794132
2013-03-25,43450,43850,43450,43750,1090,0.0011441647597254523
2013-03-26,43750,44300,43300,43500,3950,-0.005714285714285672
2013-03-27,43350,44400,43300,44300,3596,0.01839080459770126
2013-03-28,44350,44800,44000,44550,1170,0.0056433408577878375
2013-03-29,44550,46000,44550,45100,4886,0.012345679012345734
2013-04-01,45150,45950,44900,45800,1550,0.015521064301552201
2013-04-02,45850,46000,44800,45150,2020,-0.014192139737991272
2013-04-03,45200,45250,44800,45250,1720,0.00221483942414169
2013-04-04,45050,45150,44200,45150,2010,-0.0022099447513812542
2013-04-05,44550,44900,43800,43900,3970,-0.027685492801771905
2013-04-08,43850,44550,43850,43900,1926,0.0
2013-04-09,43400,45100,42600,45000,5942,0.02505694760820054
2013-04-10,44050,44650,44050,44600,200,-0.008888888888888835
2013-04-11,45100,45100,44800,45050,1108,0.010089686098654793
2013-04-12,44800,47800,44800,47100,6001,0.045504994450610514
2013-04-15,47700,47700,46600,47200,920,0.002123142250530785
2013-04-16,46200,46800,46150,46300,789,-0.01906779661016944
2013-04-17,45850,46050,45450,45750,1671,-0.011879049676025932
2013-04-18,45050,45050,44500,44550,1952,-0.02622950819672132
2013-04-19,44100,44400,43500,43750,3706,-0.017957351290684653
2013-04-22,44500,44500,42800,44400,8740,0.014857142857142902
2013-04-23,44350,44350,42700,44300,17770,-0.0022522522522522292
2013-04-24,44000,45750,43700,45300,4988,0.02257336343115135
2013-04-25,45150,46900,45150,46900,10950,0.03532008830022071
2013-04-26,46650,46900,46050,46550,2030,-0.007462686567164201
2013-04-29,46550,46550,45700,45950,4796,-0.012889366272824887
2013-04-30,46400,47500,46350,47000,10440,0.02285092491838947
2013-05-02,46700,47700,46050,47000,5840,0.0
2013-05-03,47000,47300,46650,46950,1788,-0.0010638297872340718
2013-05-06,46900,46900,45650,45950,11906,-0.021299254526091604
2013-05-07,46300,46350,45650,45950,13774,0.0
2013-05-08,45950,47900,45700,47900,7021,0.042437431991294794
2013-05-09,47900,48900,47600,48900,2380,0.02087682672233826
2013-05-10,48900,48900,47300,48400,3640,-0.010224948875255602
2013-05-13,47700,50000,47700,50000,6680,0.03305785123966931
2013-05-14,49200,51000,49050,51000,2552,0.020000000000000018
2013-05-15,50100,51000,50100,50800,2006,-0.0039215686274509665
2013-05-16,51000,51200,50100,50600,2224,-0.003937007874015741
2013-05-20,50500,51200,49750,51200,5067,0.011857707509881354
2013-05-21,50500,51200,50200,51000,2768,-0.00390625
2013-05-22,51400,52300,50100,52200,5238,0.0235294117647058
2013-05-23,51500,53600,51500,52500,5540,0.005747126436781658
2013-05-24,52600,52700,51000,52700,4379,0.003809523809523707
2013-05-27,51800,53000,50300,53000,2428,0.005692599620493288
2013-05-28,52500,53600,52200,53400,3662,0.007547169811320753
2013-05-29,53300,54000,52500,52600,4066,-0.014981273408239737
2013-05-30,52500,53500,44800,52600,14948,0.0
2013-05-31,52000,52100,50700,50800,2948,-0.034220532319391594
2013-06-03,50100,51800,49700,50800,5905,0.0
2013-06-04,50800,50800,49450,50100,4008,-0.013779527559055094
2013-06-05,49450,49600,47250,47250,3858,-0.05688622754491013
2013-06-07,47500,48450,47500,48400,2344,0.024338624338624326
2013-06-10,48450,49100,48450,49000,670,0.012396694214876103
2013-06-11,48950,50000,48250,50000,2290,0.020408163265306145
2013-06-12,48300,49850,48300,49200,240,-0.016000000000000014
2013-06-13,49200,49750,48600,48600,930,-0.012195121951219523
2013-06-14,49450,49450,48600,49450,2330,0.017489711934156382
2013-06-17,48350,49950,48300,49400,3074,-0.0010111223458038054
2013-06-18,49800,50500,49500,50400,5170,0.020242914979757165
2013-06-19,50100,50600,49650,50200,1834,-0.003968253968253954
2013-06-20,50200,50500,49550,50300,2138,0.0019920318725099584
2013-06-21,50200,50200,48500,49900,4209,-0.007952286282306154
2013-06-24,49050,49950,48900,49950,2480,0.0010020040080160886
2013-06-25,49550,49550,47800,47950,1400,-0.040040040040040026
2013-06-26,47800,48800,47650,48800,380,0.01772679874869665
2013-06-27,50000,50100,47900,48900,11907,0.002049180327868827
2013-06-28,48600,49450,48600,49250,1995,0.007157464212679043
2013-07-01,49250,49800,49250,49500,585,0.0050761421319796
2013-07-02,49800,49950,49350,49800,1552,0.0060606060606061
2013-07-03,50000,50000,48550,49000,2121,-0.016064257028112428
2013-07-04,49350,49700,48450,48600,2500,-0.008163265306122436
2013-07-05,48600,50400,48200,50400,4875,0.03703703703703698
2013-07-08,49500,52500,49300,51400,8697,0.01984126984126977
2013-07-09,51300,52200,49250,49250,10583,-0.04182879377431903
2013-07-10,49000,49300,48900,49000,1691,-0.005076142131979711
2013-07-11,48900,49800,48650,48650,1662,-0.0071428571428571175
2013-07-12,49650,49650,48550,49450,3975,0.016443987667009274
2013-07-15,49600,49600,48600,49200,6196,-0.005055611729019249
2013-07-16,49150,49200,48650,48900,853,-0.0060975609756097615
2013-07-17,48900,48900,48400,48600,920,-0.006134969325153339
2013-07-18,48600,49800,48600,49250,1091,0.01337448559670773
2013-07-19,49800,49800,48500,49250,3070,0.0
2013-07-22,48750,49800,48750,49600,795,0.007106598984771617
2013-07-23,49900,49900,49150,49800,1002,0.0040322580645162365
2013-07-24,49800,50200,49700,50000,3030,0.004016064257028162
2013-07-25,50100,50500,49700,50300,1532,0.006000000000000005
2013-07-26,50700,50700,49700,50300,548,0.0
2013-07-29,50600,50600,50100,50100,589,-0.003976143141153132
2013-07-30,50900,50900,49400,50200,236,0.001996007984031989
2013-07-31,50200,51200,49000,51000,2376,0.015936254980079667
2013-08-01,51300,51600,50500,51200,717,0.0039215686274509665
2013-08-02,51900,51900,50100,51300,839,0.001953125
2013-08-05,51100,51800,50100,51300,3569,0.0
2013-08-06,50700,51900,50700,51400,1178,0.0019493177387914784
2013-08-07,51300,51500,50100,50100,2519,-0.02529182879377434
2013-08-08,51000,51000,50000,50400,781,0.0059880239520957446
2013-08-09,50800,50800,49950,50300,447,-0.001984126984126977
2013-08-12,50200,51000,49500,50400,897,0.001988071570576455
2013-08-13,50800,50800,49750,50100,469,-0.005952380952380931
2013-08-14,50400,50800,49500,50600,2468,0.009980039920159722
2013-08-16,50600,50600,49700,50000,722,-0.011857707509881465
2013-08-19,50700,52300,50500,52300,10953,0.04600000000000004
2013-08-20,53500,60100,53500,60100,88792,0.1491395793499044
2013-08-21,61500,64800,56200,59200,183854,-0.014975041597337757
2013-08-22,56500,57300,51700,51800,82304,-0.125
2013-08-23,52500,52900,50500,51100,31959,-0.013513513513513487
2013-08-26,51600,52600,50900,50900,18107,-0.003913894324853229
2013-08-27,51200,54900,50600,51500,40706,0.011787819253438192
2013-08-28,51500,51500,49000,49950,13860,-0.030097087378640808
2013-08-29,50000,51100,49850,50900,10802,0.019019019019018923
2013-08-30,50900,51500,50100,51400,8113,0.00982318271119853
2013-09-02,51700,51700,50400,50600,8046,-0.015564202334630295
2013-09-03,50500,53900,50000,53000,24996,0.04743083003952564
2013-09-04,53000,54300,52400,52600,13190,-0.007547169811320753
2013-09-05,52100,53500,52100,52900,6271,0.005703422053231932
2013-09-06,52700,52800,50900,51300,7613,-0.03024574669187141
2013-09-09,51800,53000,51400,51400,9463,0.0019493177387914784
2013-09-10,51400,52800,51200,51700,4352,0.005836575875486361
2013-09-11,51700,53600,51300,53300,6785,0.030947775628626717
2013-09-12,54000,54000,52500,52700,4025,-0.011257035647279534
2013-09-13,52200,55900,52200,55200,14034,0.04743833017077792
2013-09-16,55600,56400,55100,56000,14774,0.01449275362318847
2013-09-17,55800,56000,54600,54700,2230,-0.023214285714285743
2013-09-23,55700,55700,54200,55100,1972,0.007312614259597838
2013-09-24,55100,55400,53100,53200,8759,-0.03448275862068961
2013-09-25,53200,53500,52000,53400,7638,0.003759398496240518
2013-09-26,53600,54000,53000,53900,2870,0.009363295880149725
2013-09-27,53700,54300,53000,54200,2470,0.005565862708719838
2013-09-30,53700,54000,52300,52300,4657,-0.035055350553505504
2013-10-01,53000,53900,52100,53800,3149,0.028680688336520044
2013-10-02,53500,54000,53000,53200,2408,-0.01115241635687736
2013-10-04,52700,53200,52100,52700,2114,-0.009398496240601517
2013-10-07,52500,52700,51500,51900,3312,-0.015180265654648917
2013-10-08,51500,52500,51000,52500,3376,0.011560693641618602
2013-10-10,52200,53900,51900,52600,1381,0.0019047619047618536
2013-10-11,53600,53600,52400,52900,2147,0.005703422053231932
2013-10-14,52600,52900,52000,52200,997,-0.013232514177693777
2013-10-15,52100,52500,51700,52000,2417,-0.003831417624521105
2013-10-16,52500,52500,50700,50800,1943,-0.023076923076923106
2013-10-17,50500,50900,48900,49900,13833,-0.017716535433070835
2013-10-18,49600,50700,49550,50700,3065,0.01603206412825653
2013-10-21,50700,51000,50300,51000,1534,0.00591715976331364
2013-10-22,51400,51500,50200,50900,1294,-0.0019607843137254832
2013-10-23,50900,50900,49800,49850,10324,-0.02062868369351667
2013-10-24,50000,51000,49600,50800,4350,0.01905717151454356
2013-10-25,50900,51500,50200,50900,2066,0.0019685039370078705
2013-10-28,50900,52500,49900,50200,5318,-0.013752455795677854
2013-10-29,50200,50900,50000,50700,1679,0.009960159362549792
2013-10-30,51200,51300,50500,51100,2482,0.007889546351084853
2013-10-31,51000,52000,50500,51700,2660,0.011741682974559797
2013-11-01,51400,51900,50800,51000,2597,-0.013539651837524147
2013-11-04,50700,51400,50200,50200,1123,-0.015686274509803977
2013-11-05,50100,50500,49650,50200,1461,0.0
2013-11-06,49700,52700,49600,51900,9695,0.03386454183266929
2013-11-07,51500,51800,50100,50100,1635,-0.034682080924855474
2013-11-08,49800,50100,49600,49600,3028,-0.009980039920159722
2013-11-11,49550,50000,48650,50000,4350,0.008064516129032251
2013-11-12,49300,50400,49300,50400,2119,0.008000000000000007
2013-11-13,49850,50300,49000,50000,2885,-0.007936507936507908
2013-11-14,49700,50000,49150,49900,2417,-0.0020000000000000018
2013-11-15,49400,49900,49300,49900,1760,0.0
2013-11-18,49900,50000,49250,49500,490,-0.008016032064128265
2013-11-19,49250,50000,48500,50000,5612,0.010101010101010166
2013-11-20,49400,49550,49050,49150,1364,-0.017000000000000015
2013-11-21,49000,49250,48700,49200,1962,0.0010172939979653517
2013-11-22,49200,49200,48700,48700,960,-0.010162601626016232
2013-11-25,48600,49400,48300,48500,4485,-0.004106776180698102
2013-11-26,48550,49000,48300,48600,1570,0.0020618556701030855
2013-11-27,48500,48700,48000,48000,2151,-0.012345679012345734
2013-11-28,48950,49400,48750,49300,3512,0.027083333333333348
2013-11-29,49150,49200,48850,49200,2400,-0.0020283975659228792
2013-12-02,49000,49000,48250,48350,2852,-0.017276422764227695
2013-12-03,48400,48800,48200,48750,1493,0.008273009307135482
2013-12-04,48750,49050,48600,48950,1942,0.004102564102564044
2013-12-05,48950,49100,48500,48500,2193,-0.009193054136874323
2013-12-06,48500,49000,48300,48900,1310,0.008247422680412342
2013-12-09,48600,49300,48600,49300,1276,0.008179959100204526
2013-12-10,48700,49250,48700,49000,585,-0.006085192697768749
2013-12-11,48650,48900,48500,48700,1243,-0.006122448979591799
2013-12-12,48250,48800,48250,48750,772,0.0010266940451746365
2013-12-13,48500,49500,48450,49450,1330,0.014358974358974264
2013-12-16,48900,49200,48850,49100,373,-0.00707785642062686
2013-12-17,49300,49450,49200,49300,1483,0.004073319755600879
2013-12-18,48300,49200,48300,48900,1242,-0.008113590263691739
2013-12-19,49150,49450,48450,48900,890,0.0
2013-12-20,49200,49400,49100,49350,1246,0.009202453987730008
2013-12-23,49500,49850,49500,49700,2890,0.007092198581560183
2013-12-24,49700,50200,49650,50200,1341,0.010060362173038184
2013-12-26,49850,50000,48650,49850,1633,-0.006972111553784854
2013-12-27,50100,50200,49000,49950,2827,0.0020060180541625616
2013-12-30,50000,50300,49550,49950,520,0.0
2014-01-02,50600,50700,49100,50100,3047,0.0030030030030030463
2014-01-03,50000,50300,49200,50300,848,0.003992015968063978
2014-01-06,50400,50600,49150,49700,563,-0.011928429423459286
2014-01-07,50100,50100,49300,49950,3186,0.005030181086519203
2014-01-08,49350,49950,49250,49300,1031,-0.013013013013013053
2014-01-09,49250,49750,49100,49650,1050,0.007099391480730244
2014-01-10,49100,49400,48850,49200,1160,-0.009063444108761365
2014-01-13,48800,49800,48800,49700,720,0.010162601626016343
2014-01-14,49700,50400,49700,50100,2830,0.008048289738430636
2014-01-15,50300,51500,50000,51500,4186,0.027944111776447178
2014-01-16,51500,51800,50400,51400,3062,-0.001941747572815511
2014-01-17,51000,52700,51000,51400,4952,0.0
2014-01-20,51200,51600,50800,50800,735,-0.011673151750972721
2014-01-21,50700,51700,50200,51100,463,0.0059055118110236116
2014-01-22,51000,51600,50400,51000,1018,-0.00195694716242667
2014-01-23,50700,51800,49900,49950,2858,-0.020588235294117685
2014-01-24,49950,51100,49800,51000,2365,0.021021021021021102
2014-01-27,50300,51000,49750,50800,2221,-0.0039215686274509665
2014-01-28,50700,51300,50100,51100,1028,0.0059055118110236116
2014-01-29,51400,51600,50600,51600,1049,0.009784735812133016
2014-02-03,51600,51600,51100,51400,715,-0.003875968992248069
2014-02-04,51300,51500,49900,50800,2954,-0.011673151750972721
2014-02-05,51200,51200,50100,50800,1276,0.0
2014-02-06,50300,51400,50000,51100,998,0.0059055118110236116
2014-02-07,50900,51100,50300,51000,721,-0.00195694716242667
2014-02-10,51800,51800,50700,51700,3365,0.013725490196078383
2014-02-11,51100,51700,50800,51500,1004,-0.003868471953578312
2014-02-12,51400,52000,51100,51800,1627,0.005825242718446644
2014-02-13,51500,52000,51400,51900,1124,0.0019305019305020377
2014-02-14,51700,52000,51100,52000,1988,0.0019267822736031004
2014-02-17,51900,52100,51500,51500,839,-0.009615384615384581
2014-02-18,51600,52000,50900,52000,2518,0.009708737864077666
2014-02-19,52300,52500,51600,51600,4225,-0.007692307692307665
2014-02-20,51600,52100,51300,52100,640,0.009689922480620172
2014-02-21,52200,52200,51800,51900,220,-0.0038387715930902067
2014-02-24,51900,52300,51600,51900,957,0.0
2014-02-25,51800,52300,51600,52000,2567,0.0019267822736031004
2014-02-26,51700,52100,51700,52100,670,0.0019230769230769162
2014-02-27,52100,52300,51800,51900,698,-0.0038387715930902067
2014-02-28,52000,52000,51500,51800,2302,-0.0019267822736031004
2014-03-03,51800,51800,50900,51500,2094,-0.00579150579150578
2014-03-04,51000,51400,50800,51200,1492,-0.005825242718446644
2014-03-05,50300,51400,50300,51300,1304,0.001953125
2014-03-06,51300,51800,50900,51700,648,0.007797270955165692
2014-03-07,50900,51600,50700,51400,1912,-0.005802707930367523
2014-03-10,51200,51500,51100,51500,1683,0.0019455252918287869
2014-03-11,51500,52200,50700,52100,1557,0.011650485436893288
2014-03-12,52100,52100,51000,51000,763,-0.021113243761996192
2014-03-13,51000,52200,50700,52000,1736,0.019607843137254832
2014-03-14,52300,53300,51700,52100,10427,0.0019230769230769162
2014-03-17,52100,52900,52100,52800,1686,0.013435700575815668
2014-03-18,53000,54300,52400,54300,8949,0.02840909090909083
2014-03-19,54400,54400,53100,53400,3005,-0.016574585635359074
2014-03-20,53200,54000,52600,53700,2458,0.00561797752808979
2014-03-21,53600,53900,52800,53500,878,-0.003724394785847296
2014-03-24,53500,53900,52700,52700,1361,-0.01495327102803734
2014-03-25,52900,52900,52000,52400,1837,-0.005692599620493399
2014-03-26,52200,53100,52200,52900,1524,0.009541984732824416
2014-03-27,52500,52800,52100,52800,1239,-0.001890359168241984
2014-03-28,52800,53600,52700,53200,1680,0.007575757575757569
2014-03-31,53300,53600,52600,53000,1980,-0.003759398496240629
2014-04-01,52900,53400,52400,52800,1540,-0.0037735849056603765
2014-04-02,52500,53800,52400,53800,3934,0.018939393939394034
2014-04-03,53900,53900,53300,53700,637,-0.0018587360594795044
2014-04-04,53900,53900,52600,53000,2381,-0.013035381750465591
2014-04-07,52500,54000,52500,53800,1288,0.015094339622641506
2014-04-08,53800,53800,52500,53700,2548,-0.0018587360594795044
2014-04-09,53700,54000,53100,53900,1152,0.003724394785847407
2014-04-10,53900,54200,53100,54100,1439,0.0037105751391466324
2014-04-11,53600,54100,53100,54000,361,-0.001848428835489857
2014-04-14,54000,54000,52700,53500,846,-0.0092592592592593
2014-04-15,53800,54200,53200,53700,1068,0.0037383177570093906
2014-04-16,54000,54200,53100,53600,1287,-0.0018621973929237035
2014-04-17,53600,54200,52900,53600,3070,0.0
2014-04-18,53600,53600,53200,53500,642,-0.001865671641791078
2014-04-21,53500,53900,53300,53500,1424,0.0
2014-04-22,53800,53800,53300,53300,453,-0.0037383177570093906
2014-04-23,53900,53900,52800,53000,1944,-0.0056285178236398226
2014-04-24,53300,53900,52900,53400,1013,0.007547169811320753
2014-04-25,53100,53400,51600,52700,6614,-0.01310861423220977
2014-04-28,52700,53300,52700,53000,596,0.005692599620493288
2014-04-29,53000,53500,53000,53100,1067,0.0018867924528302993
2014-04-30,53000,53500,53000,53200,614,0.0018832391713747842
2014-05-02,53200,53200,52200,52700,880,-0.009398496240601517
2014-05-07,52700,53500,52400,53400,1187,0.013282732447817747
2014-05-08,53400,53400,52500,53200,374,-0.0037453183520599342
2014-05-09,53200,53400,53000,53200,2188,0.0
2014-05-12,53200,53400,52800,52900,622,-0.005639097744360888
2014-05-13,53400,53400,52800,53300,1973,0.007561436672967936
2014-05-14,53300,53700,53100,53500,2248,0.0037523452157599557
2014-05-15,53100,53300,52800,53100,1587,-0.00747663551401867
2014-05-16,53100,53100,52200,52900,4989,-0.0037664783427495685
2014-05-19,52800,53300,52300,53200,901,0.005671077504725952
2014-05-20,53200,53400,52700,53000,3643,-0.003759398496240629
2014-05-21,53000,53500,52800,53500,2545,0.009433962264151052
2014-05-22,53400,53600,53000,53500,918,0.0
2014-05-23,53500,53800,53200,53700,3490,0.0037383177570093906
2014-05-26,54000,54400,53900,54000,2197,0.005586592178770999
2014-05-27,54000,58800,53500,56800,14750,0.051851851851851816
2014-05-28,56800,57400,56000,56400,8188,-0.007042253521126751
2014-05-29,57000,57900,56100,56800,7099,0.007092198581560183
2014-05-30,57500,57900,56300,57700,5917,0.015845070422535246
2014-06-02,58900,62400,58900,60800,25071,0.05372616984402079
2014-06-03,61200,61200,59300,59900,9406,-0.014802631578947345
2014-06-05,60000,60000,58300,58900,5755,-0.016694490818030094
2014-06-09,58900,60000,58100,58900,4320,0.0
2014-06-10,60200,60400,58900,60300,3884,0.02376910016977929
2014-06-11,60400,62800,60000,62100,9273,0.029850746268656803
2014-06-12,62500,63100,61500,63100,9697,0.016103059581320522
2014-06-13,63100,64300,62500,64000,9767,0.014263074484944571
2014-06-16,63100,64300,63100,64100,10501,0.0015624999999999112
2014-06-17,64500,64500,63300,63800,7325,-0.004680187207488307
2014-06-18,65000,65000,63600,63900,5530,0.0015673981191222097
2014-06-19,63900,64000,62800,63500,3160,-0.006259780907668211
2014-06-20,63900,63900,61500,61500,9213,-0.03149606299212604
2014-06-23,61700,62500,61500,62500,4120,0.016260162601626105
2014-06-24,63000,63400,61800,63300,4003,0.012799999999999923
2014-06-25,63800,64200,61800,62300,3696,-0.01579778830963663
2014-06-26,62700,63700,62200,63500,7527,0.019261637239165408
2014-06-27,64500,64600,63500,64500,3885,0.015748031496062964
2014-06-30,64900,65000,64400,64600,2515,0.0015503875968991832
2014-07-01,65200,65800,64800,65500,4616,0.01393188854489158
2014-07-02,65900,66100,64900,65700,4912,0.003053435114503733
2014-07-03,66000,66400,64900,66200,4958,0.007610350076103556
2014-07-04,66700,66900,66200,66900,4831,0.010574018126888296
2014-07-07,67000,67500,65500,66600,6448,-0.004484304932735439
2014-07-08,66600,66600,65200,65800,6134,-0.012012012012011963
2014-07-09,65200,66400,64400,66400,4920,0.00911854103343468
2014-07-10,67000,67000,66100,67000,1075,0.009036144578313143
2014-07-11,66900,67000,65300,66900,2156,-0.0014925373134327957
2014-07-14,67700,67700,66300,67500,3099,0.008968609865470878
2014-07-15,68400,68400,65400,66300,3929,-0.01777777777777778
2014-07-16,65500,67000,65500,66500,2704,0.003016591251885359
2014-07-17,66000,67400,65900,66000,2005,-0.007518796992481258
2014-07-18,65800,66900,65100,66200,3256,0.003030303030302939
2014-07-21,65300,66100,64000,64500,4745,-0.025679758308157052
2014-07-22,64000,65200,64000,64500,4534,0.0
2014-07-23,64400,65000,64100,64500,5939,0.0
2014-07-24,64000,64800,64000,64700,3222,0.0031007751937983663
2014-07-25,65300,66100,64200,64300,1889,-0.0061823802163832875
2014-07-28,64300,65500,63000,64800,6309,0.007776049766718529
2014-07-29,62400,65600,62400,64300,4240,-0.007716049382716084
2014-07-30,63500,63900,60800,62600,6926,-0.026438569206842955
2014-07-31,62200,62800,61200,62600,1981,0.0
2014-08-01,61900,64400,61900,62800,2952,0.0031948881789136685
2014-08-04,62000,64500,62000,64500,2222,0.027070063694267565
2014-08-05,64600,65100,63500,64500,1650,0.0
2014-08-06,65600,65600,63700,65200,3399,0.010852713178294504
2014-08-07,65200,65700,64200,64900,2057,-0.004601226993865004
2014-08-08,65200,65500,63800,64800,2497,-0.0015408320493066618
2014-08-11,64900,65500,63300,63300,1333,-0.02314814814814814
2014-08-12,64900,68000,64500,67400,11340,0.06477093206951023
2014-08-13,67500,69200,67500,69000,12238,0.023738872403560762
2014-08-14,69800,70000,68000,68900,5485,-0.0014492753623188692
2014-08-18,69000,69400,66900,67000,3427,-0.027576197387518153
2014-08-19,67600,67600,65900,66800,6227,-0.0029850746268657025
2014-08-20,66800,67000,65300,65900,4567,-0.013473053892215536
2014-08-21,65500,67800,65500,67500,2893,0.02427921092564489
2014-08-22,67400,68000,65600,67400,4415,-0.001481481481481528
2014-08-25,67100,67900,65500,66000,5435,-0.020771513353115778
2014-08-26,66100,67500,65600,66600,11457,0.009090909090909038
2014-08-27,66600,69600,66600,69300,9718,0.04054054054054057
2014-08-28,70500,72800,69600,71300,12727,0.02886002886002892
2014-08-29,70800,72500,68300,70000,22431,-0.018232819074333828
2014-09-01,70900,71700,68300,71700,9130,0.024285714285714244
2014-09-02,71500,72800,70800,72000,11054,0.004184100418409997
2014-09-03,72000,73800,71900,73800,12920,0.02499999999999991
2014-09-04,73800,73800,71900,72600,9476,-0.016260162601625994
2014-09-05,72100,73600,71800,73500,3920,0.012396694214876103
2014-09-11,72600,75300,72600,74700,5211,0.01632653061224487
2014-09-12,74200,75300,74200,74800,4528,0.0013386880856760541
2014-09-15,74800,75300,73500,75200,4525,0.005347593582887722
2014-09-16,75200,75200,72000,72100,6489,-0.04122340425531912
2014-09-17,72100,72500,70700,72000,8835,-0.001386962552011095
2014-09-18,71900,75000,71300,74200,10540,0.030555555555555447
2014-09-19,75000,75000,72800,74200,4796,0.0
2014-09-22,74500,75900,73900,75300,4209,0.014824797843665749
2014-09-23,74900,77900,74100,75400,6583,0.0013280212483399723
2014-09-24,75300,79200,75000,79200,11858,0.05039787798408479
2014-09-25,80000,80000,78500,78500,5022,-0.008838383838383868
2014-09-26,78600,78600,77500,78300,4050,-0.002547770700636942
2014-09-29,78300,80700,78000,79400,7393,0.01404853128991057
2014-09-30,80100,80200,77500,77500,2520,-0.023929471032745564
2014-10-01,77500,78800,75400,76800,3300,-0.00903225806451613
2014-10-02,75600,78500,74800,78300,5018,0.01953125
2014-10-06,78300,79200,77600,78300,1750,0.0
2014-10-07,79200,79200,74400,75800,6262,-0.03192848020434225
2014-10-08,74900,76400,74800,75400,2435,-0.00527704485488123
2014-10-10,75400,75400,73200,74500,7423,-0.011936339522546469
2014-10-13,74500,74500,71100,72600,2451,-0.025503355704697972
2014-10-14,72600,73100,70700,72000,3337,-0.008264462809917328
2014-10-15,72700,73200,70800,71700,2686,-0.004166666666666652
2014-10-16,71700,71700,70500,71500,1564,-0.002789400278940035
2014-10-17,71500,72700,70600,71400,3112,-0.0013986013986013734
2014-10-20,71400,71400,70500,71200,2924,-0.0028011204481792618
2014-10-21,71600,72700,69700,72000,5141,0.011235955056179803
2014-10-22,72400,72800,71100,71200,3716,-0.011111111111111072
2014-10-23,71800,71800,67600,67800,10584,-0.047752808988763995
2014-10-24,67800,68100,65600,66100,5690,-0.02507374631268433
2014-10-27,66100,67000,65600,65900,2324,-0.00302571860816947
2014-10-28,66300,66500,63000,63500,8469,-0.036418816388467334
2014-10-29,64200,64900,63500,64900,7006,0.022047244094488105
2014-10-30,65800,65800,62500,65200,10855,0.0046224961479199855
2014-10-31,65200,68800,64100,68800,8255,0.05521472392638027
2014-11-03,68800,70700,68800,69600,11710,0.011627906976744207
2014-11-04,69600,70400,68100,70200,9546,0.008620689655172376
2014-11-05,70700,71000,67500,69300,10652,-0.012820512820512775
2014-11-06,69800,70300,66100,68700,6842,-0.008658008658008698
2014-11-07,68700,69200,67100,67900,1665,-0.011644832605531286
2014-11-10,67500,68800,66500,67300,2998,-0.008836524300441795
2014-11-11,67600,70800,66700,70200,5336,0.043090638930163516
2014-11-12,70700,71000,69600,69900,4485,-0.004273504273504258
2014-11-13,69500,70200,68600,68900,5686,-0.014306151645207432
2014-11-14,68600,69800,67800,69100,2199,0.002902757619738683
2014-11-17,68600,69900,67000,67000,1520,-0.03039073806078152
2014-11-18,68300,68300,66500,67800,939,0.011940298507462588
2014-11-19,69200,69300,68000,68700,775,0.01327433628318575
2014-11-20,69700,69700,67200,69400,2216,0.010189228529839944
2014-11-21,69400,69600,67200,68900,3199,-0.007204610951008661
2014-11-24,68900,69500,67600,68200,2686,-0.010159651669085612
2014-11-25,68200,69000,67600,68000,1155,-0.0029325513196480912
2014-11-26,69300,69300,67300,68100,1186,0.0014705882352941124
2014-11-27,68100,69400,67700,68800,1141,0.010279001468428861
2014-11-28,69300,69300,67000,67800,2152,-0.014534883720930258
2014-12-01,68200,69200,67000,67700,2568,-0.001474926253687281
2014-12-02,68600,70000,66100,69800,4940,0.03101920236336775
2014-12-03,69800,70000,68400,69500,3097,-0.004297994269340966
2014-12-04,69500,69500,68300,68700,1661,-0.01151079136690647
2014-12-05,67900,69400,66700,67100,3371,-0.02328966521106257
2014-12-08,67200,67500,66200,66700,1561,-0.005961251862891204
2014-12-09,66100,66500,65600,65700,2394,-0.014992503748125885
2014-12-10,66000,66000,64200,64500,3070,-0.0182648401826484
2014-12-11,66200,66200,64200,65000,3069,0.007751937984496138
2014-12-12,66100,66100,64700,64900,1285,-0.0015384615384614886
2014-12-15,64900,65000,63500,63800,2638,-0.016949152542372836
2014-12-16,63200,63900,61400,61400,4224,-0.037617554858934144
2014-12-17,61300,62600,61300,61800,6409,0.006514657980456029
2014-12-18,62300,62300,61200,61600,3392,-0.003236245954692518
2014-12-19,61500,63200,61500,62400,2628,0.01298701298701288
2014-12-22,62900,63000,62300,62300,2881,-0.0016025641025640969
2014-12-23,62400,64100,62400,64100,4575,0.028892455858748
2014-12-24,64100,64800,63700,63900,2495,-0.0031201248049922414
2014-12-26,63900,64800,63900,64100,1982,0.003129890453834161
2014-12-29,64000,64800,64000,64800,3153,0.010920436817472678
2014-12-30,65100,65100,63800,64700,1911,-0.0015432098765432167
2015-01-02,64700,66400,64100,65900,1424,0.018547140649149974
2015-01-05,66900,66900,65500,66000,2024,0.0015174506828528056
2015-01-06,66000,66200,63600,64100,3269,-0.028787878787878807
2015-01-07,64000,65400,63500,65000,2282,0.014040561622464809
2015-01-08,65100,65100,63600,64200,3166,-0.012307692307692353
2015-01-09,63800,65100,62900,63400,6118,-0.012461059190031154
2015-01-12,63200,65100,63100,65100,3255,0.02681388012618302
2015-01-13,65200,65700,64500,65500,1741,0.006144393241167334
2015-01-14,65500,67200,64800,66600,2649,0.016793893129771087
2015-01-15,66900,67200,64400,65500,5547,-0.016516516516516533
2015-01-16,64700,65700,63500,63600,5480,-0.02900763358778624
2015-01-19,63700,65000,63500,63800,2071,0.003144654088050425
2015-01-20,63900,64800,63200,64800,2408,0.01567398119122254
2015-01-21,64800,65800,63800,65700,2286,0.01388888888888884
2015-01-22,66000,66000,64700,65600,930,-0.0015220700152207556
2015-01-23,65600,67100,65500,66600,2297,0.015243902439024293
2015-01-26,66300,66500,64500,64500,4408,-0.03153153153153154
2015-01-27,64600,65600,64200,65100,3873,0.009302325581395321
2015-01-28,65100,66000,64100,65700,5059,0.009216589861751112
2015-01-29,65000,65700,64400,65500,4791,-0.0030441400304414
2015-01-30,65500,65900,64700,64900,2372,-0.009160305343511421
2015-02-02,64900,66100,64500,66100,4048,0.018489984591679498
2015-02-03,65800,66400,65300,66300,2228,0.00302571860816947
2015-02-04,66300,67500,66000,66600,4300,0.004524886877828038
2015-02-05,66500,67400,66000,67200,2240,0.009009009009008917
2015-02-06,66500,68500,66500,68300,4741,0.016369047619047672
2015-02-09,68000,69500,67500,69100,9116,0.01171303074670571
2015-02-10,69000,69200,67500,69000,4220,-0.0014471780028944004
2015-02-11,68300,68800,67000,67700,3008,-0.018840579710144967
2015-02-12,68300,68300,66600,67800,5269,0.001477104874446189
2015-02-13,67800,68400,66500,67500,3832,-0.004424778761061954
2015-02-16,67700,68200,66200,66400,4770,-0.016296296296296253
2015-02-17,67100,67100,65400,66000,8185,-0.0060240963855421326
2015-02-23,66500,66500,65700,66000,6661,0.0
2015-02-24,66400,68500,66100,68400,5158,0.036363636363636376
2015-02-25,68300,69200,68000,68700,2277,0.004385964912280604
2015-02-26,68700,68900,67500,68100,3568,-0.008733624454148492
2015-02-27,68100,68900,67500,68700,1976,0.008810572687224738
2015-03-02,68600,68700,67600,67600,2563,-0.01601164483260553
2015-03-03,67600,68400,66700,66700,3604,-0.013313609467455634
2015-03-04,66600,68300,66600,67800,2704,0.016491754122938573
2015-03-05,67800,68400,66400,68400,4283,0.008849557522123908
2015-03-06,68300,68300,67200,67900,4134,-0.007309941520467822
2015-03-09,67800,67800,66800,67400,3828,-0.007363770250368162
2015-03-10,67700,67700,65300,65300,7811,-0.03115727002967361
2015-03-11,65300,66900,65100,65500,10830,0.003062787136294043
2015-03-12,66700,67700,65800,67300,7218,0.027480916030534264
2015-03-13,67500,68900,67500,68100,7255,0.011887072808320909
2015-03-16,69400,69400,68100,68900,6506,0.011747430249632984
2015-03-17,69100,69100,67400,68600,10330,-0.004354136429608135
2015-03-18,68600,71000,68400,69200,6654,0.008746355685131268
2015-03-19,70000,70000,67600,69500,6041,0.004335260115607031
2015-03-20,69500,69500,68500,69100,2797,-0.0057553956834532904
2015-03-23,70000,70000,67900,68000,5435,-0.01591895803183796
2015-03-24,68100,69000,67800,68300,5523,0.004411764705882337
2015-03-25,68900,71400,68300,71400,11778,0.04538799414348471
2015-03-26,71300,71800,71000,71800,11379,0.0056022408963585235
2015-03-27,71700,75000,71200,74300,15416,0.03481894150417819
2015-03-30,74500,77600,74000,76200,13021,0.025572005383580176
2015-03-31,76000,79500,75500,79400,13415,0.04199475065616798
2015-04-01,79600,80200,75500,77000,16813,-0.030226700251889116
2015-04-02,77000,78100,76300,77400,7169,0.0051948051948051965
2015-04-03,76800,79300,76800,77000,9370,-0.0051679586563307955
2015-04-06,77600,79300,76900,79200,3473,0.02857142857142847
2015-04-07,79200,79200,76700,77000,6532,-0.02777777777777779
2015-04-08,77000,79600,76000,79400,7190,0.03116883116883118
2015-04-09,78900,79900,77000,78900,5215,-0.006297229219143552
2015-04-10,79400,79400,77500,78600,5049,-0.0038022813688213253
2015-04-13,79000,79200,75600,75600,6170,-0.03816793893129766
2015-04-14,75700,78000,75200,75200,5522,-0.005291005291005346
2015-04-15,75600,76600,75100,75900,3900,0.009308510638297962
2015-04-16,76500,76500,74100,74600,6058,-0.017127799736495364
2015-04-17,74400,74500,73300,74000,8766,-0.008042895442359255
2015-04-20,74000,75600,72700,74300,5025,0.004054054054054124
2015-04-21,74300,77700,74200,77600,9242,0.044414535666218
2015-04-22,78200,78300,72500,77800,10323,0.002577319587628857
2015-04-23,77000,77200,74900,75800,7248,-0.02570694087403602
2015-04-24,76500,77500,74100,75000,2847,-0.01055408970976257
2015-04-27,75900,75900,73100,73600,5245,-0.01866666666666672
2015-04-28,74100,75100,73100,74300,6602,0.009510869565217295
2015-04-29,75000,75400,73600,74300,4534,0.0
2015-04-30,74300,74800,73400,73600,5266,-0.009421265141319024
2015-05-04,73400,74000,72000,73900,5648,0.0040760869565217295
2015-05-06,73200,73900,72200,72200,3196,-0.023004059539918797
2015-05-07,72200,72200,69800,71300,3780,-0.012465373961218829
2015-05-08,71600,72900,70000,72300,5858,0.014025245441795287
2015-05-11,72900,74000,71500,73900,3181,0.022130013831258566
2015-05-12,73900,74300,73000,73400,1968,-0.006765899864682012
2015-05-13,72900,74300,72700,73700,2594,0.004087193460490468
2015-05-14,73700,75700,73100,75600,5722,0.02578018995929443
2015-05-15,75500,75600,72000,72000,5659,-0.04761904761904767
2015-05-18,72500,73300,70700,71000,6258,-0.01388888888888884
2015-05-19,71300,71800,69900,70000,2645,-0.014084507042253502
2015-05-20,70100,71000,69900,71000,1153,0.014285714285714235
2015-05-21,71100,71900,70200,71100,3035,0.0014084507042253502
2015-05-22,70200,72900,70200,71400,2768,0.00421940928270037
2015-05-26,70600,72200,70500,71700,2148,0.004201680672268893
2015-05-27,71700,71700,70100,70700,2816,-0.013947001394700176
2015-05-28,70700,72000,69600,70000,4019,-0.00990099009900991
2015-05-29,70100,71300,69800,70800,2702,0.011428571428571344
2015-06-01,70800,70800,68000,68200,8168,-0.03672316384180796
2015-06-02,68000,71000,68000,70700,5418,0.03665689149560114
2015-06-03,71200,71400,69600,70600,2562,-0.0014144271570014633
2015-06-04,70000,71100,69300,71100,2004,0.007082152974504208
2015-06-05,71000,71000,68800,68800,3967,-0.03234880450070321
2015-06-08,68900,69700,68400,68700,1673,-0.0014534883720930258
2015-06-09,68200,69600,68000,68100,2342,-0.008733624454148492
2015-06-10,68200,69300,67700,69000,1674,0.013215859030837107
2015-06-11,68400,69500,68000,68600,2476,-0.005797101449275366
2015-06-12,68600,69700,68100,68700,942,0.001457725947521915
2015-06-15,67900,69500,67900,68000,1767,-0.010189228529839833
2015-06-16,67900,68600,66000,66300,3192,-0.025000000000000022
2015-06-17,67600,68500,65900,68100,1714,0.02714932126696823
2015-06-18,67300,70600,67300,69500,2580,0.0205580029368575
2015-06-19,68500,70200,67900,69400,4729,-0.0014388489208633226
2015-06-22,68500,70200,67700,69900,1379,0.007204610951008661
2015-06-23,69600,71100,69400,70500,2364,0.008583690987124415
2015-06-24,70500,71700,70000,71000,3891,0.007092198581560183
2015-06-25,70100,71700,70000,71100,2844,0.0014084507042253502
2015-06-26,71100,71100,69800,70200,4348,-0.012658227848101222
2015-06-29,69800,71000,69000,70800,3249,0.008547008547008517
2015-06-30,69900,70700,68400,69500,3210,-0.01836158192090398
2015-07-01,69800,72600,69500,71500,4530,0.02877697841726623
2015-07-02,71500,72700,71400,72000,1291,0.006993006993007089
2015-07-03,71400,72700,70800,72000,1435,0.0
2015-07-06,72000,72000,70100,70300,1776,-0.023611111111111138
2015-07-07,71800,71800,69000,71000,1941,0.009957325746799528
2015-07-08,71700,71900,69900,71400,2239,0.005633802816901401
2015-07-09,71000,71700,69000,69800,3771,-0.022408963585434205
2015-07-10,71000,72100,69800,70800,1253,0.014326647564469885
2015-07-13,70800,71700,69900,71100,713,0.004237288135593209
2015-07-14,71600,71600,69800,70000,3742,-0.015471167369901506
2015-07-15,70200,71300,69300,70000,4655,0.0
2015-07-16,71000,71000,69500,70000,1971,0.0
2015-07-17,70200,71200,69500,70000,3034,0.0
2015-07-20,70000,70800,68300,68800,3341,-0.017142857142857126
2015-07-21,68500,70000,67500,69000,2751,0.0029069767441860517
2015-07-22,69000,69100,68000,68600,2799,-0.005797101449275366
2015-07-23,68600,69700,67600,69200,1738,0.008746355685131268
2015-07-24,69200,69200,67100,68500,1539,-0.010115606936416222
2015-07-27,68500,68800,67700,67700,1580,-0.011678832116788329
2015-07-28,67700,70000,66500,69700,2746,0.02954209748892178
2015-07-29,70400,70400,67500,68100,2227,-0.022955523672883782
2015-07-30,67700,68300,65900,66000,2888,-0.03083700440528636
2015-07-31,67300,67300,65000,66400,2332,0.0060606060606061
2015-08-03,67100,67100,59300,61100,22473,-0.07981927710843373
2015-08-04,61000,61600,58200,59500,9110,-0.026186579378068786
2015-08-05,58700,60800,58700,59300,10486,-0.003361344537815114
2015-08-06,59300,61700,59300,61500,4604,0.03709949409780777
2015-08-07,61500,63800,60400,63000,13692,0.024390243902439046
2015-08-10,63500,63500,60400,60500,4014,-0.03968253968253965
2015-08-11,62000,62800,61100,62800,4842,0.0380165289256198
2015-08-12,62800,64600,60100,64300,7157,0.023885350318471277
2015-08-13,64000,66000,63300,65500,4886,0.018662519440124425
2015-08-17,65500,66200,63100,65300,2816,-0.003053435114503844
2015-08-18,65700,66000,64100,64300,1346,-0.015313935681470103
2015-08-19,63000,64700,61700,63100,3690,-0.018662519440124425
2015-08-20,63100,64000,61500,63900,5493,0.01267828843106189
2015-08-21,61000,64200,61000,64200,5753,0.0046948356807512415
2015-08-24,63900,63900,61500,62000,2397,-0.034267912772585674
2015-08-25,62000,64500,61100,64000,2920,0.032258064516129004
2015-08-26,65000,65000,62200,64200,3343,0.0031250000000000444
2015-08-27,64200,64500,62700,64200,1641,0.0
2015-08-28,64500,65700,64200,65400,1794,0.01869158878504673
2015-08-31,64300,66100,64300,65600,2125,0.003058103975535076
2015-09-01,65500,65700,64400,65200,874,-0.0060975609756097615
2015-09-02,64500,65700,63800,64100,1367,-0.016871165644171793
2015-09-03,64900,65200,62100,63200,2433,-0.01404056162246492
2015-09-04,63000,63900,61500,61500,2094,-0.026898734177215222
2015-09-07,62100,62100,60500,61200,6281,-0.004878048780487809
2015-09-08,62000,62000,60800,61100,11980,-0.0016339869281045694
2015-09-09,61600,63100,61300,62900,1905,0.029459901800327426
2015-09-10,62300,63400,62200,62200,1476,-0.011128775834658211
2015-09-11,63500,64000,61700,63700,1946,0.02411575562700974
2015-09-14,65200,65200,63500,63800,849,0.0015698587127157548
2015-09-15,63800,64000,62800,64000,726,0.0031347962382444194
2015-09-16,64000,65000,63600,64600,1013,0.009374999999999911
2015-09-17,64600,65900,64200,65400,1223,0.01238390092879249
2015-09-18,64600,65300,63600,63900,3269,-0.022935779816513735
2015-09-21,63800,63900,62900,63900,923,0.0
2015-09-22,63600,64700,63400,64600,848,0.010954616588419341
2015-09-23,63200,64400,62900,63200,1424,-0.021671826625387025
2015-09-24,63200,64100,61700,63800,5396,0.009493670886076
2015-09-25,64000,65700,62600,64700,1498,0.014106583072100332
2015-09-30,64700,65600,64400,65500,1205,0.012364760432766575
2015-10-01,65200,65800,64400,65600,1728,0.0015267175572519776
2015-10-02,65600,65800,64400,64800,1432,-0.012195121951219523
2015-10-05,64800,66200,64600,65100,430,0.004629629629629539
2015-10-06,65100,65900,64800,65900,1390,0.01228878648233489
2015-10-07,65900,66400,64900,65000,875,-0.01365705614567525
2015-10-08,64900,66800,63300,66000,1825,0.01538461538461533
2015-10-12,66000,66100,65100,65800,2297,-0.00303030303030305
2015-10-13,65800,67000,65100,66700,2097,0.013677811550151908
2015-10-14,65500,66600,65300,66600,2059,-0.0014992503748125774
2015-10-15,66500,66600,65300,65500,1012,-0.016516516516516533
2015-10-16,65400,65600,64700,64700,2207,-0.012213740458015265
2015-10-19,64600,65900,64100,64700,459,0.0
2015-10-20,64700,66200,64000,66000,1883,0.020092735703245657
2015-10-21,67000,67500,64200,65600,3463,-0.0060606060606061
2015-10-22,65200,66400,65200,65800,970,0.0030487804878047697
2015-10-23,66000,66000,64500,64600,2673,-0.018237082066869248
2015-10-26,64500,66200,64500,64700,2715,0.001547987616099089
2015-10-27,64800,65700,64300,65000,1583,0.004636785162287493
2015-10-28,65000,65000,64000,64100,1323,-0.013846153846153841
2015-10-29,64100,64600,64000,64500,921,0.006240249609984483
2015-10-30,64500,65300,62100,62200,3840,-0.03565891472868221
2015-11-02,63900,64000,62600,64000,976,0.02893890675241151
2015-11-03,64000,64000,62100,63000,3112,-0.015625
2015-11-04,62900,63800,62400,63800,1543,0.012698412698412653
2015-11-05,63800,63800,61300,61900,8202,-0.029780564263322873
2015-11-06,61900,62500,61100,61400,1171,-0.008077544426494332
2015-11-09,61400,61400,59700,60000,2638,-0.0228013029315961
2015-11-10,60000,60000,54800,58700,6208,-0.021666666666666612
2015-11-11,58300,59600,57200,58700,1490,0.0
2015-11-12,57900,59300,57900,59000,2110,0.005110732538330387
2015-11-13,57800,59700,57800,58400,762,-0.01016949152542368
2015-11-16,57500,58000,55300,57200,2491,-0.020547945205479423
2015-11-17,56200,57600,56200,56800,1242,-0.006993006993006978
2015-11-18,56100,56200,54900,55700,4196,-0.01936619718309862
2015-11-19,55800,56300,53300,53400,12451,-0.04129263913824055
2015-11-20,53800,53900,52500,53100,10686,-0.005617977528089901
2015-11-23,53000,53700,52200,52800,6049,-0.005649717514124242
2015-11-24,52800,53900,52400,53000,3385,0.0037878787878788955
2015-11-25,53700,54100,53000,53400,2988,0.007547169811320753
2015-11-26,53400,53800,53100,53500,2168,0.001872659176029856
2015-11-27,52800,53400,52300,52500,4641,-0.01869158878504673
2015-11-30,52800,53500,52200,52500,2563,0.0
2015-12-01,53200,53700,52700,52800,4397,0.005714285714285783
2015-12-02,53600,53600,52300,53000,3240,0.0037878787878788955
2015-12-03,53100,53800,53100,53500,1522,0.009433962264151052
2015-12-04,53300,53400,52000,53000,2645,-0.009345794392523366
2015-12-07,53000,53600,52700,53400,2307,0.007547169811320753
2015-12-08,53100,53700,52800,52900,1651,-0.009363295880149836
2015-12-09,52900,52900,51700,52300,1492,-0.011342155009451793
2015-12-10,53200,53200,52100,52700,1683,0.007648183556405286
2015-12-11,52500,54100,52500,53600,3640,0.017077798861480087
2015-12-14,53500,53800,52900,53800,1873,0.003731343283582156
2015-12-15,53700,54600,53100,53400,2071,-0.0074349442379182396
2015-12-16,53300,54400,53300,54100,2726,0.013108614232209659
2015-12-17,54600,54700,53500,54500,1466,0.007393715341959428
2015-12-18,54200,55000,54200,55000,1512,0.00917431192660545
2015-12-21,55000,55000,53700,54300,2317,-0.012727272727272698
2015-12-22,54000,54300,53500,53600,2932,-0.012891344383057057
2015-12-23,54000,55000,53100,54400,2634,0.014925373134328401
2015-12-24,54300,54900,54000,54200,2255,-0.003676470588235281
2015-12-28,54200,55000,54200,55000,1533,0.014760147601476037
2015-12-29,55000,55000,53900,54600,973,-0.0072727272727273196
2015-12-30,54300,55000,54000,55000,1568,0.0073260073260073
2016-01-04,54000,54800,53800,53800,2173,-0.021818181818181848
2016-01-05,54400,54400,53200,53700,1022,-0.0018587360594795044
2016-01-06,53500,53500,52100,52600,3016,-0.020484171322160183
2016-01-07,52600,52900,52000,52100,2899,-0.009505703422053258
2016-01-08,50800,52000,50800,52000,3659,-0.0019193857965451588
2016-01-11,52000,52000,51000,51400,1549,-0.011538461538461497
2016-01-12,51400,52200,51400,51500,975,0.0019455252918287869
2016-01-13,51500,53000,51500,52600,1380,0.021359223300970953
2016-01-14,52600,53100,51000,52600,3126,0.0
2016-01-15,52600,52600,51500,51600,3166,-0.019011406844106515
2016-01-18,52700,53300,51700,53300,673,0.032945736434108586
2016-01-19,53800,53800,52100,53300,1458,0.0
2016-01-20,53700,54100,49300,51000,7314,-0.04315196998123827
2016-01-21,51500,51900,50400,51500,1387,0.009803921568627416
2016-01-22,51000,52700,51000,52200,1364,0.013592233009708687
2016-01-25,52500,52600,51000,52000,1380,-0.003831417624521105
2016-01-26,52000,52000,51000,51400,468,-0.011538461538461497
2016-01-27,51600,52000,51400,52000,434,0.011673151750972721
2016-01-28,51100,52000,51100,51800,1377,-0.0038461538461538325
2016-01-29,51300,52000,51300,52000,645,0.0038610038610038533
2016-02-01,51300,53000,51200,53000,1223,0.019230769230769162
2016-02-02,52900,53000,51500,51500,1767,-0.028301886792452824
2016-02-03,51500,51900,50500,50800,1558,-0.013592233009708687
2016-02-04,51800,52200,51700,52000,4346,0.023622047244094446
2016-02-05,52000,52600,51500,52100,728,0.0019230769230769162
2016-02-11,51500,51500,50700,50700,850,-0.026871401151631447
2016-02-12,50700,51300,49700,50700,5898,0.0
2016-02-15,51000,51500,50700,51500,981,0.015779092702169706
2016-02-16,51600,52900,50900,51100,1122,-0.007766990291262155
2016-02-17,51100,51500,49950,51300,4105,0.00391389432485334
2016-02-18,51100,52300,50600,52200,1801,0.01754385964912286
2016-02-19,52200,52500,51200,52300,480,0.0019157088122605526
2016-02-22,51100,54000,51100,54000,1901,0.03250478011472269
2016-02-23,53300,54400,53000,54000,1998,0.0
2016-02-24,54000,54700,54000,54700,2442,0.012962962962963065
2016-02-25,54700,55100,50500,55100,3358,0.007312614259597838
2016-02-26,54200,55300,54200,54400,238,-0.012704174228675091
2016-02-29,53700,54400,53700,54000,1744,-0.007352941176470562
2016-03-02,54000,54700,53700,54400,1646,0.007407407407407307
2016-03-03,54400,54600,53300,53700,1949,-0.012867647058823484
2016-03-04,53700,55900,52100,55600,5022,0.035381750465549366
2016-03-07,55500,56300,55200,56300,2003,0.012589928057553879
2016-03-08,56200,56600,55600,56300,689,0.0
2016-03-09,56000,57100,56000,57100,1683,0.014209591474245054
2016-03-10,58500,58700,55400,58300,5598,0.021015761821365997
2016-03-11,58200,58600,57700,58600,483,0.005145797598627766
2016-03-14,57500,58900,57500,57600,1232,-0.017064846416382284
2016-03-15,57300,57500,57000,57300,473,-0.00520833333333337
2016-03-16,58000,58000,55400,55400,3460,-0.03315881326352532
2016-03-17,56000,57000,56000,57000,1017,0.028880866425992746
2016-03-18,57100,57100,55500,56300,1793,-0.012280701754386003
2016-03-21,56300,58000,55700,57800,2103,0.026642984014209503
2016-03-22,57700,58100,56000,56700,1497,-0.01903114186851207
2016-03-23,56500,57600,56100,57500,2320,0.014109347442680775
2016-03-24,57500,57500,56600,56600,1062,-0.01565217391304352
2016-03-25,56300,57900,56000,57800,1259,0.021201413427561766
2016-03-28,57800,58200,56100,58100,2453,0.00519031141868509
2016-03-29,58000,58000,57000,57900,979,-0.0034423407917383297
2016-03-30,58000,58000,57100,57500,560,-0.006908462867012077
2016-03-31,57500,57900,56700,57800,3968,0.00521739130434784
2016-04-01,58200,58200,56700,56800,2321,-0.01730103806228378
2016-04-04,56400,57000,56000,56700,4068,-0.0017605633802817433
2016-04-05,55900,57000,55500,55500,5464,-0.021164021164021163
2016-04-06,55400,56300,55300,55800,2423,0.00540540540540535
2016-04-07,55300,56800,55000,56500,5088,0.012544802867383575
2016-04-08,55600,56500,55000,55300,2995,-0.0212389380530974
2016-04-11,55100,55900,54900,55000,2492,-0.005424954792043413
2016-04-12,55000,55900,54800,55700,4361,0.012727272727272698
2016-04-14,55600,55700,55000,55500,2480,-0.0035906642728904536
2016-04-15,55200,56000,54400,55600,4991,0.0018018018018017834
2016-04-18,55600,55600,54500,54900,4384,-0.01258992805755399
2016-04-19,55100,56300,54900,55700,3186,0.014571948998178597
2016-04-20,55500,56300,55000,56000,3166,0.0053859964093356805
2016-04-21,56000,56300,55300,55900,2584,-0.0017857142857142794
2016-04-22,55700,56200,54800,56100,4715,0.003577817531305927
2016-04-25,55700,55800,54900,55100,4768,-0.017825311942959
2016-04-26,55500,55700,54900,55400,1740,0.005444646098003547
2016-04-27,55600,56800,55200,56000,4385,0.010830324909747224
2016-04-28,56000,56800,54900,55300,10055,-0.012499999999999956
2016-04-29,55000,55300,54700,55000,3865,-0.005424954792043413
2016-05-02,55000,55400,53400,54800,3645,-0.0036363636363636598
2016-05-03,54900,56700,54800,55500,5319,0.012773722627737127
2016-05-04,55400,56200,55100,55500,2902,0.0
2016-05-09,55500,56700,55500,56100,4369,0.0108108108108107
2016-05-10,56100,56900,56000,56300,2974,0.0035650623885918886
2016-05-11,56300,57300,56000,56500,1808,0.003552397868561208
2016-05-12,56100,56500,56000,56500,547,0.0
2016-05-13,55800,56900,55500,55600,1945,-0.015929203539822967
2016-05-16,55300,55300,54500,54700,2689,-0.01618705035971224
2016-05-17,54700,54700,53400,53900,3504,-0.014625228519195566
2016-05-18,53700,53900,52800,53700,5569,-0.0037105751391465214
2016-05-19,53700,53700,53100,53400,1040,-0.005586592178770999
2016-05-20,53800,53800,52500,53300,3042,-0.0018726591760299671
2016-05-23,53300,53500,53100,53100,617,-0.0037523452157598447
2016-05-24,53100,53100,52400,52400,1986,-0.013182674199623379
2016-05-25,52500,52600,51600,52600,2586,0.003816793893129722
2016-05-26,52600,52800,51800,52000,1667,-0.011406844106463865
2016-05-27,52000,52700,51700,52600,989,0.011538461538461497
2016-05-30,52600,52600,52400,52500,1007,-0.0019011406844106071
2016-05-31,52700,53000,51500,51700,5238,-0.015238095238095273
2016-06-01,51700,53700,51200,53500,3842,0.03481624758220514
2016-06-02,53500,53800,52000,52300,3694,-0.02242990654205612
2016-06-03,52300,52300,51600,52100,1481,-0.003824091778202643
2016-06-07,52000,52400,51600,52200,2059,0.0019193857965451588
2016-06-08,52200,52600,52100,52400,469,0.003831417624521105
2016-06-09,52200,52400,51600,52400,1911,0.0
2016-06-10,52200,52600,52100,52300,1245,-0.001908396946564861
2016-06-13,51600,52400,51600,52400,979,0.0019120458891013214
2016-06-14,51900,52400,51900,52400,1094,0.0
2016-06-15,51900,52300,51500,52300,1287,-0.001908396946564861
2016-06-16,52000,52000,51300,52000,2040,-0.005736137667303964
2016-06-17,52000,52000,51300,51800,1280,-0.0038461538461538325
2016-06-20,51800,52000,51400,52000,1556,0.0038610038610038533
2016-06-21,51700,52000,51500,52000,1415,0.0
2016-06-22,51900,52000,51800,52000,1012,0.0
2016-06-23,52000,52000,51200,51800,1978,-0.0038461538461538325
2016-06-24,51800,51800,50100,50300,4994,-0.02895752895752901
2016-06-27,50100,50400,49500,49900,1691,-0.007952286282306154
2016-06-28,49900,49900,49400,49800,2166,-0.002004008016032066
2016-06-29,50000,51300,50000,51300,1155,0.030120481927710774
2016-06-30,51700,51700,50700,51400,1162,0.0019493177387914784
2016-07-01,51100,51700,50600,50900,1622,-0.009727626459143934
2016-07-04,50900,50900,50100,50700,3559,-0.003929273084479323
2016-07-05,49900,50800,49900,50800,1524,0.0019723865877712132
2016-07-06,50800,50800,49600,50300,2570,-0.009842519685039353
2016-07-07,50300,50300,49850,50000,1750,-0.005964214711729587
2016-07-08,50000,50300,49350,50300,1681,0.006000000000000005
2016-07-11,50100,50300,49850,50200,1959,-0.001988071570576566
2016-07-12,50200,50200,49850,50200,1610,0.0
2016-07-13,50100,51000,49750,50000,5438,-0.003984063745019917
2016-07-14,49900,50600,49700,50600,2340,0.01200000000000001
2016-07-15,50300,50800,50300,50800,1046,0.0039525691699604515
2016-07-18,50800,50800,49900,50200,1780,-0.011811023622047223
2016-07-19,49950,50200,49850,50200,1905,0.0
2016-07-20,49900,50200,49850,50200,1672,0.0
2016-07-21,50200,50500,49750,50300,2054,0.0019920318725099584
2016-07-22,50200,50200,49750,50200,2088,-0.001988071570576566
2016-07-25,50200,51000,50200,50900,4127,0.013944223107569709
2016-07-26,50900,50900,50000,50500,1534,-0.007858546168958758
2016-07-27,50300,50700,50200,50500,576,0.0
2016-07-28,50500,50500,49900,50000,4197,-0.00990099009900991
2016-07-29,50000,50200,49600,49950,3580,-0.0010000000000000009
2016-08-01,50100,50100,49900,50100,1229,0.0030030030030030463
2016-08-02,50100,50100,49500,50000,4036,-0.001996007984031989
2016-08-03,49800,50100,49650,50100,978,0.0020000000000000018
2016-08-04,49800,50100,49800,50000,2282,-0.001996007984031989
2016-08-05,50000,50800,49950,50800,1355,0.016000000000000014
2016-08-08,50800,51900,50600,51800,5347,0.019685039370078705
2016-08-09,51900,51900,51100,51800,1560,0.0
2016-08-10,51800,51800,50600,51400,5183,-0.007722007722007707
2016-08-11,50900,51100,50100,51100,7749,-0.005836575875486361
2016-08-12,50800,50800,50400,50700,861,-0.007827788649706457
2016-08-16,51100,51100,50000,50300,6374,-0.007889546351084853
2016-08-17,50400,50700,50200,50500,16772,0.003976143141153132
2016-08-18,51000,51000,49950,51000,8219,0.00990099009900991
2016-08-19,50900,51200,50600,51200,2907,0.0039215686274509665
2016-08-22,51200,51200,50700,50900,3230,-0.005859375
2016-08-23,50900,51500,50400,51300,4533,0.007858546168958647
2016-08-24,51300,51400,50600,51100,1672,-0.003898635477582846
2016-08-25,51100,51500,50900,51400,2093,0.005870841487279899
2016-08-26,51300,51700,51000,51700,2860,0.005836575875486361
2016-08-29,51700,52400,51100,51500,2344,-0.003868471953578312
2016-08-30,51700,52400,51200,52000,5111,0.009708737864077666
2016-08-31,52100,52100,50900,51500,6610,-0.009615384615384581
2016-09-01,51400,51900,51200,51400,2933,-0.001941747572815511
2016-09-02,51400,52000,50700,51700,3155,0.005836575875486361
2016-09-05,51400,52200,51400,51800,3220,0.0019342359767891004
2016-09-06,51800,52100,51500,51600,2416,-0.0038610038610038533
2016-09-07,51900,51900,51300,51700,2081,0.0019379844961240345
2016-09-08,51700,51700,50900,51500,1533,-0.003868471953578312
2016-09-09,51200,51300,50800,51100,1704,-0.007766990291262155
2016-09-12,50600,51000,50400,51000,1109,-0.00195694716242667
2016-09-13,51000,51400,50600,51100,699,0.0019607843137254832
2016-09-19,51100,51300,50500,51200,1856,0.001956947162426559
2016-09-20,51200,51400,50700,51000,1483,-0.00390625
2016-09-21,50900,51400,50400,51400,2425,0.007843137254901933
2016-09-22,51200,52000,51200,51400,3521,0.0
2016-09-23,51600,52400,51300,52000,6050,0.011673151750972721
2016-09-26,52100,52200,51100,51200,2044,-0.01538461538461533
2016-09-27,51500,51900,51300,51500,1746,0.005859375
2016-09-28,51300,52100,51300,51900,2006,0.007766990291262044
2016-09-29,52100,52800,51500,52500,3684,0.011560693641618602
2016-09-30,52200,52600,52100,52300,1699,-0.003809523809523818
2016-10-04,51800,52600,51500,51600,5420,-0.013384321223709361
2016-10-05,51900,51900,50600,50900,7061,-0.013565891472868241
2016-10-06,51100,51300,50500,51000,4769,0.0019646365422396617
2016-10-07,50600,51400,50400,50600,5379,-0.007843137254901933
2016-10-10,50800,51000,50500,51000,2118,0.007905138339920903
2016-10-11,51000,51300,50400,51000,2658,0.0
2016-10-12,51000,51000,50800,51000,795,0.0
2016-10-13,50800,51100,50500,50600,1772,-0.007843137254901933
2016-10-14,50600,51000,50400,51000,1498,0.007905138339920903
2016-10-17,50700,51000,50500,50800,1322,-0.0039215686274509665
2016-10-18,50800,51200,50600,51100,2620,0.0059055118110236116
2016-10-19,51100,51200,50600,50900,2123,-0.003913894324853229
2016-10-20,50700,51100,50500,50800,1766,-0.0019646365422396617
2016-10-21,50700,51000,50500,50900,1600,0.0019685039370078705
2016-10-24,50700,51000,50400,50500,2466,-0.007858546168958758
2016-10-25,50200,50700,50200,50300,3205,-0.003960396039603964
2016-10-26,50300,50600,50000,50400,5814,0.001988071570576455
2016-10-27,50400,51200,50400,50800,2293,0.007936507936507908
2016-10-28,50600,51300,50500,50700,2116,-0.0019685039370078705
2016-10-31,50700,50700,50100,50200,3283,-0.009861932938856066
2016-11-01,50200,50500,49950,50400,4897,0.003984063745019917
2016-11-02,50400,50600,49950,49950,1489,-0.008928571428571397
2016-11-03,50000,50000,49750,49800,3661,-0.0030030030030030463
2016-11-04,49800,50200,49650,50200,3103,0.008032128514056325
2016-11-07,49800,50400,49800,49900,2008,-0.005976095617529875
2016-11-08,49900,50000,49750,49850,2095,-0.0010020040080159776
2016-11-09,49750,50000,48750,48850,4949,-0.02006018054162484
2016-11-10,49050,49800,49050,49550,2074,0.014329580348004134
2016-11-11,49550,50100,49550,50000,1557,0.00908173562058523
2016-11-14,49100,50500,48950,50300,6650,0.006000000000000005
2016-11-15,49900,50000,49400,49700,1382,-0.011928429423459286
2016-11-16,49400,49700,49400,49600,1363,-0.002012072434607659
2016-11-17,49650,49900,49600,49900,1623,0.006048387096774244
2016-11-18,49900,50000,49350,49400,2021,-0.01002004008016033
2016-11-21,49700,49700,48250,48250,5466,-0.023279352226720618
2016-11-22,48300,48600,48000,48350,3500,0.002072538860103723
2016-11-23,48350,48550,48200,48500,1533,0.0031023784901758056
2016-11-24,48400,49100,48300,48950,1734,0.009278350515463885
2016-11-25,49000,49000,48400,48700,1076,-0.005107252298263587
2016-11-28,49000,49350,48600,49100,1793,0.008213552361396204
2016-11-29,49000,49300,49000,49050,840,-0.0010183299389001643
2016-11-30,49300,49300,48700,48950,1263,-0.0020387359836900876
2016-12-01,48350,49300,48350,49100,1856,0.003064351378958108
2016-12-02,48900,48900,48500,48900,1478,-0.004073319755600768
2016-12-05,48700,48700,48000,48600,2432,-0.006134969325153339
2016-12-06,48500,48900,48050,48450,2090,-0.0030864197530864335
2016-12-07,48750,48750,48150,48150,1333,-0.006191950464396245
2016-12-08,48450,48800,48400,48800,2691,0.01349948078920038
2016-12-09,48300,49600,48300,49550,2233,0.015368852459016313
2016-12-12,49550,49900,49250,49850,2160,0.006054490413723412
2016-12-13,49450,49550,48950,49550,1747,-0.006018054162487463
2016-12-14,49550,49650,49100,49500,2458,-0.0010090817356205317
2016-12-15,49500,49850,49300,49750,2302,0.005050505050504972
2016-12-16,49450,49850,49200,49850,1755,0.0020100502512563345
2016-12-19,49700,49900,49700,49850,1976,0.0
2016-12-20,49700,50000,49350,49900,1528,0.0010030090270811698
2016-12-21,49900,50100,49550,49950,1688,0.0010020040080160886
2016-12-22,49700,50100,49700,50100,1460,0.0030030030030030463
2016-12-23,50200,50300,49800,49800,2437,-0.005988023952095856
2016-12-26,49750,50300,49750,50300,1434,0.010040160642570184
2016-12-27,50000,50400,49950,50000,1658,-0.005964214711729587
2016-12-28,49700,50100,49550,49900,4727,-0.0020000000000000018
2016-12-29,50000,50600,49650,50400,1012,0.01002004008016022
2017-01-02,50000,51000,49800,51000,2491,0.011904761904761862
2017-01-03,51100,51300,50500,51200,1665,0.0039215686274509665
2017-01-04,51100,51500,50700,51200,1205,0.0
2017-01-05,50700,51100,50100,50800,1722,-0.0078125
2017-01-06,50800,51200,50600,51200,2051,0.007874015748031482
2017-01-09,51700,51700,51000,51300,2265,0.001953125
2017-01-10,50600,51400,50600,50800,2084,-0.00974658869395717
2017-01-11,51300,51300,50700,51000,1780,0.003937007874015741
2017-01-12,51200,54300,50000,50900,7678,-0.0019607843137254832
2017-01-13,50800,51500,50500,51100,1063,0.003929273084479323
2017-01-16,50800,51400,50500,51400,1388,0.005870841487279899
2017-01-17,51400,51600,51000,51600,2330,0.0038910505836575737
2017-01-18,51700,51800,50800,50900,2273,-0.013565891472868241
2017-01-19,51000,51100,50800,51100,1379,0.003929273084479323
2017-01-20,50800,51500,50800,51200,1689,0.001956947162426559
2017-01-23,51200,51300,51100,51200,871,0.0
2017-01-24,51200,51200,50000,50400,1716,-0.015625
2017-01-25,50300,51500,50300,51400,2497,0.01984126984126977
2017-01-26,51400,51600,51000,51600,1087,0.0038910505836575737
2017-01-31,51700,52500,51700,51900,3019,0.005813953488372103
2017-02-01,51900,52300,51700,51700,1681,-0.003853564547206201
2017-02-02,51700,52000,51000,51300,2384,-0.007736943907156624
2017-02-03,51700,51800,51100,51600,1484,0.005847953216374213
2017-02-06,51400,52000,51400,51600,1770,0.0
2017-02-07,52100,52100,51500,51800,1449,0.003875968992248069
2017-02-08,51800,52100,51800,52000,1539,0.0038610038610038533
2017-02-09,51500,52200,51100,52100,1349,0.0019230769230769162
2017-02-10,51900,52400,51700,52400,1652,0.0057581573896352545
2017-02-13,51800,52700,51800,52400,1752,0.0
2017-02-14,52500,52600,52100,52500,1555,0.001908396946564972
2017-02-15,52400,52700,52100,52700,1670,0.003809523809523707
2017-02-16,52700,53000,52500,52800,1524,0.00189753320683117
2017-02-17,52900,53000,52500,52600,1473,-0.0037878787878787845
2017-02-20,52600,52700,52000,52200,614,-0.0076045627376425395
2017-02-21,52500,52600,52000,52600,731,0.00766283524904221
2017-02-22,52100,52900,52000,52700,1509,0.0019011406844107182
2017-02-23,52300,52600,52200,52300,931,-0.007590132827324458
2017-02-24,52200,52400,51300,51300,1743,-0.019120458891013437
2017-02-27,51300,51600,51300,51500,1514,0.003898635477582957
2017-02-28,51300,51700,51300,51700,3073,0.003883495145631022
2017-03-02,51700,52600,51700,52500,1894,0.015473887814313247
2017-03-03,52500,53900,52000,53600,4683,0.020952380952381056
2017-03-06,53500,53900,52000,52100,1347,-0.027985074626865725
2017-03-07,52100,52400,51400,52400,838,0.0057581573896352545
2017-03-08,52700,53900,51400,53800,2973,0.026717557251908497
2017-03-09,54000,54000,52000,53000,695,-0.014869888475836479
2017-03-10,52300,53300,52300,53000,1404,0.0
2017-03-13,53200,53200,52800,53000,1113,0.0
2017-03-14,53000,53100,51900,52100,1902,-0.016981132075471694
2017-03-15,51900,53300,51900,52600,1670,0.009596928982725572
2017-03-16,52600,52800,52000,52700,313,0.0019011406844107182
2017-03-17,52700,52700,52000,52000,806,-0.013282732447817858
2017-03-20,51800,51800,50300,51700,5823,-0.005769230769230749
2017-03-21,51100,51500,50800,51200,549,-0.009671179883945835
2017-03-22,51200,51200,49950,50200,4839,-0.01953125
2017-03-23,50200,50500,49950,50100,969,-0.0019920318725099584
2017-03-24,50100,50400,50100,50200,458,0.001996007984031989
2017-03-27,50200,50500,50000,50300,600,0.0019920318725099584
2017-03-28,50400,50400,50000,50000,650,-0.005964214711729587
2017-03-29,50000,50100,49900,49950,836,-0.0010000000000000009
2017-03-30,49950,50100,49800,49950,535,0.0
2017-03-31,49950,50700,49950,50400,498,0.009009009009008917
2017-04-03,49900,50400,49850,50400,847,0.0
2017-04-04,50400,52200,50400,52200,4176,0.03571428571428581
2017-04-05,51600,51800,51000,51300,606,-0.017241379310344862
2017-04-06,51100,51500,50700,51500,1915,0.003898635477582957
2017-04-07,51500,52000,51200,52000,549,0.009708737864077666
2017-04-10,51700,51700,50700,50900,768,-0.02115384615384619
2017-04-11,50600,51200,49400,49800,13532,-0.0216110019646365
2017-04-12,50100,50300,49700,50000,4461,0.004016064257028162
2017-04-13,50000,50000,49100,49400,5795,-0.01200000000000001
2017-04-14,49300,49700,49150,49250,1284,-0.0030364372469635637
2017-04-17,49600,49700,49250,49400,274,0.003045685279187804
2017-04-18,49800,49800,48850,49400,1012,0.0
2017-04-19,49400,49400,49050,49300,865,-0.002024291497975672
2017-04-20,49300,50400,49150,50300,3908,0.020283975659229236
2017-04-21,50300,51000,50100,50800,1975,0.00994035785288272
2017-04-24,50600,50600,49850,50000,1515,-0.015748031496062964
2017-04-25,50000,50300,49950,49950,505,-0.0010000000000000009
2017-04-26,50000,51000,50000,50700,2093,0.01501501501501501
2017-04-27,50700,52200,50600,51600,4278,0.01775147928994092
2017-04-28,51300,52100,51300,51300,3258,-0.005813953488372103
2017-05-02,51100,51800,51100,51300,1385,0.0
2017-05-04,51100,51500,50400,50900,2097,-0.007797270955165692
2017-05-08,51100,52200,51100,52000,1833,0.0216110019646365
2017-05-10,51800,51900,50800,50900,789,-0.02115384615384619
2017-05-11,50900,51800,50900,51200,1987,0.005893909626718985
2017-05-12,51800,51800,51000,51000,921,-0.00390625
2017-05-15,50900,51300,50700,51200,2011,0.0039215686274509665
2017-05-16,51100,51300,51000,51300,1208,0.001953125
2017-05-17,51300,52400,51300,52400,2883,0.021442495126705596
2017-05-18,51900,52100,51500,52100,1908,-0.005725190839694694
2017-05-19,52100,52400,52100,52200,982,0.0019193857965451588
2017-05-22,52200,53600,52100,53600,8123,0.026819923371647514
2017-05-23,53600,53600,52700,53200,1681,-0.007462686567164201
2017-05-24,53000,54200,53000,54000,4453,0.015037593984962516
2017-05-25,54200,54200,53000,54000,2003,0.0
2017-05-26,53900,54100,53400,54100,1408,0.0018518518518517713
2017-05-29,54100,54200,53400,53700,758,-0.007393715341959317
2017-05-30,53100,53800,52700,53600,2809,-0.0018621973929237035
2017-05-31,52900,53300,52600,53200,656,-0.007462686567164201
2017-06-01,53600,53600,52600,53300,433,0.001879699248120259
2017-06-02,53000,53200,52600,52600,1621,-0.013133208255159512
2017-06-05,52700,52700,52300,52700,744,0.0019011406844107182
2017-06-07,52800,53100,52700,52700,1169,0.0
2017-06-08,53100,53100,52300,52800,1402,0.00189753320683117
2017-06-09,53000,53200,52500,53200,2293,0.007575757575757569
2017-06-12,53200,53700,52800,53000,2782,-0.003759398496240629
2017-06-13,52400,53800,52400,53600,1114,0.01132075471698113
2017-06-14,53600,54100,53400,54100,5136,0.009328358208955168
2017-06-15,54100,54100,52800,53400,1192,-0.012939001848428888
2017-06-16,53700,54100,53100,53700,3362,0.00561797752808979
2017-06-19,53700,55000,53700,54300,4966,0.011173184357541999
2017-06-20,54400,54900,54400,54900,2214,0.011049723756906049
2017-06-21,55000,56200,54800,56200,8801,0.023679417122040025
2017-06-22,56300,56300,55800,56200,1442,0.0
2017-06-23,56200,56300,55900,56200,1081,0.0
2017-06-26,56200,56300,55700,56000,1975,-0.003558718861209953
2017-06-27,56000,56200,55600,56000,1759,0.0
2017-06-28,56200,56700,55600,56500,2168,0.008928571428571397
2017-06-29,56500,57800,56500,57100,7966,0.010619469026548645
2017-06-30,57800,57800,53100,55900,889,-0.021015761821365997
2017-07-03,56700,56700,55500,55500,875,-0.007155635062611854
2017-07-04,55400,55400,54000,54700,1870,-0.014414414414414378
2017-07-05,54800,55500,54600,55300,1364,0.010968921389396646
2017-07-06,55400,55600,55000,55600,3832,0.005424954792043302
2017-07-07,55800,55900,54800,55900,1333,0.0053956834532373765
2017-07-10,55900,56600,55400,55400,2115,-0.008944543828264706
2017-07-11,55500,55600,54400,55200,1118,-0.0036101083032491488
2017-07-12,55200,55200,53600,53700,1591,-0.02717391304347827
2017-07-13,53700,53900,53100,53500,3251,-0.003724394785847296
2017-07-14,53500,53600,51900,52500,3305,-0.01869158878504673
2017-07-17,52200,54100,52000,54000,3831,0.02857142857142847
2017-07-18,54300,54800,53600,54200,2296,0.0037037037037037646
2017-07-19,54000,54300,53800,54300,454,0.0018450184501845879
2017-07-20,54000,58500,54000,58000,9973,0.06813996316758741
2017-07-21,58000,58000,56300,57200,2334,-0.01379310344827589
2017-07-24,57200,57400,56000,56600,1559,-0.010489510489510523
2017-07-25,57200,57700,56100,57500,13083,0.01590106007067127
2017-07-26,57500,59000,57200,58600,6647,0.019130434782608674
2017-07-27,59100,59100,57100,58800,3503,0.0034129692832765013
2017-07-28,58800,59400,58400,59200,2666,0.006802721088435382
2017-07-31,58400,59500,56100,59400,2762,0.0033783783783782884
2017-08-01,59600,59600,59200,59400,2758,0.0
2017-08-02,59400,60700,59300,60500,3872,0.0185185185185186
2017-08-03,60500,61200,59600,60300,9106,-0.0033057851239669533
2017-08-04,60900,60900,60100,60400,4822,0.0016583747927032544
2017-08-07,60800,60800,58600,58600,3283,-0.0298013245033113
2017-08-08,58600,60700,57400,60400,3698,0.030716723549488067
2017-08-09,60500,60700,57700,60100,12102,-0.004966887417218513
2017-08-10,60300,60300,57700,57800,4697,-0.038269550748752046
2017-08-11,57700,58900,57400,57800,1744,0.0
2017-08-14,58700,58900,57500,58400,2897,0.01038062283737018
2017-08-16,58000,58900,58000,58500,4007,0.001712328767123239
2017-08-17,58500,59300,58400,58400,8126,-0.0017094017094017033
2017-08-18,58000,58000,57000,57700,2850,-0.011986301369863006
2017-08-21,57700,59200,57000,59200,2480,0.025996533795493937
2017-08-22,59200,59200,57200,57800,1058,-0.023648648648648685
2017-08-23,57800,60300,57800,60200,6290,0.04152249134948094
2017-08-24,60200,60700,59500,59900,3698,-0.004983388704318914
2017-08-25,59900,60300,59600,59600,2466,-0.005008347245408995
2017-08-28,59600,60400,59600,60000,1651,0.006711409395973256
2017-08-29,60000,60400,59500,60300,2982,0.004999999999999893
2017-08-30,58900,60400,58900,60200,2702,-0.0016583747927031434
2017-08-31,60100,61000,59600,60500,1299,0.004983388704318914
2017-09-01,60500,60900,60300,60700,1012,0.0033057851239668423
2017-09-04,60500,60900,59200,60400,2429,-0.0049423393739703725
2017-09-05,60400,61000,60300,60900,2167,0.008278145695364225
2017-09-06,61100,61100,59800,61100,1939,0.003284072249589487
2017-09-07,61200,61200,59500,59500,1416,-0.026186579378068786
2017-09-08,59500,59800,58400,59300,1434,-0.003361344537815114
2017-09-11,58700,59900,58000,58000,1101,-0.021922428330522714
2017-09-12,58800,58800,57100,58000,2063,0.0
2017-09-13,58000,58000,55900,56000,2840,-0.03448275862068961
2017-09-14,55500,56700,55300,55900,1988,-0.0017857142857142794
2017-09-15,55900,57000,55100,55700,2012,-0.003577817531305927
2017-09-18,56900,56900,55600,55800,2077,0.0017953321364452268
2017-09-19,55800,56500,55600,55900,1243,0.0017921146953405742
2017-09-20,55600,57100,55600,56200,135,0.005366726296958779
2017-09-21,56000,56000,53700,53700,1686,-0.04448398576512458
2017-09-22,54600,54700,52100,52400,3299,-0.02420856610800748
2017-09-25,52000,52600,50900,51600,3049,-0.01526717557251911
2017-09-26,51000,51800,50700,51700,851,0.0019379844961240345
2017-09-27,51800,52400,51300,52200,1427,0.009671179883945946
2017-09-28,51800,53100,51800,53100,627,0.01724137931034475
2017-09-29,53200,53500,52300,53100,1664,0.0
2017-10-10,52900,52900,51200,51400,3578,-0.032015065913371
2017-10-11,51100,51800,50700,51800,2928,0.0077821011673151474
2017-10-12,52000,52100,51000,51200,3021,-0.01158301158301156
2017-10-13,51200,51900,51100,51800,570,0.01171875
2017-10-16,51800,52600,51300,52300,1695,0.009652509652509744
2017-10-17,52700,52700,51500,52600,442,0.005736137667303964
2017-10-18,52500,52500,51400,51700,679,-0.017110266159695797
2017-10-19,51700,54500,51300,54300,2727,0.05029013539651839
2017-10-20,54200,54300,53400,54200,680,-0.0018416206261510082
2017-10-23,54000,54200,52500,52600,511,-0.029520295202952074
2017-10-24,52500,52700,51900,52300,246,-0.005703422053231932
2017-10-25,52300,53100,52300,52400,494,0.0019120458891013214
2017-10-26,52400,52400,51200,52000,3536,-0.007633587786259555
2017-10-27,52000,52100,51300,51800,2451,-0.0038461538461538325
2017-10-30,52000,52300,51400,51800,892,0.0
2017-10-31,51800,52100,51800,51900,607,0.0019305019305020377
2017-11-01,52000,52400,51700,52000,2248,0.0019267822736031004
2017-11-02,52600,52900,51300,52800,2383,0.01538461538461533
2017-11-03,52800,53200,51600,51700,1051,-0.02083333333333337
2017-11-06,51800,53900,51800,53300,1450,0.030947775628626717
2017-11-07,53400,54000,52100,53700,699,0.007504690431519689
2017-11-08,53700,53900,53500,53900,876,0.003724394785847407
2017-11-09,54000,54900,54000,54200,3044,0.005565862708719838
2017-11-10,53900,54800,53700,54200,746,0.0
2017-11-13,54200,54300,52200,52700,1675,-0.027675276752767486
2017-11-14,53000,55300,52500,55300,2990,0.04933586337760909
2017-11-15,55800,59700,55700,57900,17254,0.047016274864376095
2017-11-16,57900,58100,57300,58100,3811,0.003454231433505983
2017-11-17,58300,59800,57300,59800,3948,0.029259896729776358
2017-11-20,59100,60000,58300,59900,2987,0.0016722408026756952
2017-11-21,59200,60000,58000,59700,3861,-0.0033388981636059967
2017-11-22,59700,60000,59500,59900,3010,0.003350083752093891
2017-11-23,59900,59900,58200,59500,2286,-0.006677796327211993
2017-11-24,59500,59600,56900,58000,7441,-0.025210084033613467
2017-11-27,58300,58700,57100,58600,1399,0.010344827586206806
2017-11-28,58600,58600,57300,58000,2023,-0.010238907849829393
2017-11-29,58000,58000,57500,58000,1394,0.0
2017-11-30,58600,59100,57500,58700,4605,0.012068965517241459
2017-12-01,58700,58900,57700,58500,1294,-0.0034071550255536653
2017-12-04,58500,58800,58000,58500,2805,0.0
2017-12-05,58400,58700,56300,56600,5244,-0.032478632478632474
2017-12-06,56800,57300,56000,57200,5146,0.010600706713780994
2017-12-07,57200,57400,56200,57300,3100,0.0017482517482516613
2017-12-08,56900,59000,56900,58900,3064,0.027923211169284423
2017-12-11,59500,59500,58700,59100,2184,0.00339558573853993
2017-12-12,59800,59800,57000,57100,3360,-0.03384094754653133
2017-12-13,58100,58100,56300,56800,2419,-0.005253940455341555
2017-12-14,56800,57700,56500,57400,1802,0.010563380281690238
2017-12-15,57400,58700,56900,57200,2655,-0.0034843205574912606
2017-12-18,57300,57700,55600,55600,1833,-0.027972027972028024
2017-12-19,56500,56500,55200,56200,1354,0.010791366906474753
2017-12-20,56500,57100,56200,56500,971,0.005338078291814874
2017-12-21,56500,57100,55500,56100,878,-0.0070796460176991705
2017-12-22,56100,56800,56100,56800,1629,0.012477718360071277
2017-12-26,56900,56900,55300,55500,2788,-0.022887323943661997
2017-12-27,55500,56600,54800,56600,1400,0.01981981981981984
2017-12-28,56200,56200,55000,55600,455,-0.017667844522968212
2018-01-02,55200,55900,54000,55900,1034,0.0053956834532373765
2018-01-03,56200,56200,54200,54900,1127,-0.017889087656529523
2018-01-04,55200,55200,53100,54300,2816,-0.010928961748633892
2018-01-05,53300,54500,53300,54400,598,0.0018416206261511192
2018-01-08,53700,56600,53700,56600,2672,0.040441176470588314
2018-01-09,56300,57000,55700,56900,1306,0.005300353356890497
2018-01-10,57100,57100,55300,56500,1598,-0.007029876977152849
2018-01-11,57000,57000,56000,56800,448,0.005309734513274433
2018-01-12,57000,57000,55000,55400,621,-0.02464788732394363
2018-01-15,55300,55300,55000,55000,1153,-0.0072202166064981865
2018-01-16,55000,56700,55000,56700,1078,0.030909090909090997
2018-01-17,56500,56700,55000,55400,1771,-0.022927689594356315
2018-01-18,55400,55400,54300,54300,1460,-0.019855595667869985
2018-01-19,54300,55800,54200,55700,1452,0.025782688766114115
2018-01-22,55700,56600,55600,56600,1324,0.016157989228007263
2018-01-23,56200,57300,56200,57000,966,0.007067137809187329
2018-01-24,57000,57000,56300,57000,640,0.0
2018-01-25,57000,58100,56500,58100,2797,0.019298245614035148
2018-01-26,58300,59200,58300,59000,1218,0.015490533562822817
2018-01-29,59000,59500,57900,58900,4613,-0.0016949152542372614
2018-01-30,58500,64300,57900,61200,26979,0.039049235993208864
2018-01-31,60900,61800,60500,61700,5160,0.008169934640522847
2018-02-01,61700,62800,59100,61400,4779,-0.004862236628849326
2018-02-02,60600,63300,60600,62900,4068,0.02442996742671011
2018-02-05,62900,63200,61400,61400,2883,-0.02384737678855331
2018-02-06,59400,61400,57900,61400,4968,0.0
2018-02-07,61400,61400,59700,59700,3116,-0.027687296416938123
2018-02-08,59500,61400,58300,58300,2260,-0.02345058626465657
2018-02-09,58000,58100,56700,58000,1376,-0.005145797598627766
2018-02-12,58000,58500,57000,58300,1361,0.005172413793103514
2018-02-13,58300,58300,56800,56800,1460,-0.02572898799313894
2018-02-14,56600,57700,56300,57700,1138,0.015845070422535246
2018-02-19,56500,61400,56500,61300,7523,0.06239168110918536
2018-02-20,61300,61300,58800,59300,4362,-0.03262642740619903
2018-02-21,58500,59000,57600,58100,3292,-0.0202360876897133
2018-02-22,56900,57700,56100,56300,4189,-0.030981067125645412
2018-02-23,55600,56900,55400,56900,4280,0.010657193605683846
2018-02-26,56900,56900,55300,55900,3897,-0.017574692442882234
2018-02-27,55600,55900,55100,55600,2258,-0.00536672629695889
2018-02-28,55500,55500,53500,54700,5159,-0.01618705035971224
2018-03-02,54200,54200,52900,53300,4434,-0.025594149908592323
2018-03-05,54300,54300,52100,52200,1392,-0.0206378986866792
2018-03-06,52200,52600,51900,52400,1418,0.003831417624521105
2018-03-07,53000,53000,51900,52400,2139,0.0
2018-03-08,52400,52700,51700,52700,2190,0.005725190839694694
2018-03-09,53100,53500,52400,52700,1954,0.0
2018-03-12,52700,53200,52400,53000,3874,0.005692599620493288
2018-03-13,53000,53700,52400,53700,1318,0.013207547169811429
2018-03-14,53500,53500,52300,52500,3948,-0.022346368715083775
2018-03-15,52100,52300,51600,52300,3260,-0.003809523809523818
2018-03-16,52300,52300,51400,51900,2197,-0.007648183556405397
2018-03-19,52100,52600,51900,52600,1109,0.01348747591522148
2018-03-20,52600,52700,51800,52700,836,0.0019011406844107182
2018-03-21,52700,52700,51500,52100,2314,-0.011385199240986688
2018-03-22,52000,52400,51600,52300,1251,0.0038387715930903177
2018-03-23,51900,51900,50800,51100,3346,-0.02294455066921608
2018-03-26,51000,53100,51000,53100,4985,0.03913894324853229
2018-03-27,53100,53300,52700,53200,2649,0.0018832391713747842
2018-03-28,53400,54000,52800,53400,1672,0.003759398496240518
2018-03-29,53500,53500,52200,52900,1165,-0.009363295880149836
2018-03-30,52300,53000,52300,52400,2286,-0.009451795841209809
2018-04-02,52100,52800,51900,52100,1919,-0.005725190839694694
2018-04-03,52100,52400,51800,52100,2635,0.0
2018-04-04,51900,52300,51500,51500,3784,-0.01151631477927062
2018-04-05,51600,52100,51600,52000,384,0.009708737864077666
2018-04-06,51900,52400,51600,52300,397,0.005769230769230749
2018-04-09,52100,52400,52100,52400,852,0.0019120458891013214
2018-04-10,52000,52300,51900,52100,203,-0.005725190839694694
2018-04-11,52100,52100,51600,52000,1590,-0.0019193857965451588
2018-04-12,51700,52400,51700,52300,484,0.005769230769230749
2018-04-13,52300,52500,52200,52400,455,0.0019120458891013214
2018-04-16,52500,52500,52000,52500,175,0.001908396946564972
2018-04-17,52500,52500,51800,51900,379,-0.011428571428571455
2018-04-18,51900,52100,51600,51700,624,-0.003853564547206201
2018-04-19,51700,52100,51400,51600,2090,-0.0019342359767892114
2018-04-20,52300,52300,51900,52100,541,0.009689922480620172
2018-04-23,51400,52300,51400,52200,1174,0.0019193857965451588
2018-04-24,52400,54000,51900,52200,3723,0.0
2018-04-25,52200,52200,51500,52000,1190,-0.003831417624521105
2018-04-26,52000,52100,51700,52000,1057,0.0
2018-04-27,52200,52400,52000,52200,3281,0.0038461538461538325
2018-04-30,52200,56800,51600,56300,16356,0.07854406130268199
2018-05-02,60000,60000,52500,53100,32364,-0.056838365896980436
2018-05-03,53700,53700,52300,53200,4109,0.0018832391713747842
2018-05-04,53300,53300,52500,52800,5870,-0.007518796992481258
2018-05-08,53100,53100,52400,52400,7007,-0.007575757575757569
2018-05-09,53100,53200,52100,52100,9192,-0.005725190839694694
2018-05-10,52500,54000,52300,53000,7530,0.017274472168905985
2018-05-11,53200,54300,52400,54200,3990,0.02264150943396226
2018-05-14,54000,54700,53800,54300,6100,0.0018450184501845879
2018-05-15,54300,56000,53500,55300,17906,0.018416206261510082
2018-05-16,55800,55800,54600,55800,15824,0.009041591320072317
2018-05-17,55800,57500,55600,56700,7384,0.016129032258064502
2018-05-18,57200,57800,56000,56600,7058,-0.0017636684303351524
2018-05-21,57000,57000,55400,56200,4421,-0.007067137809187329
2018-05-23,56200,56800,55100,55800,4369,-0.007117437722419906
2018-05-24,55800,55900,55100,55200,3542,-0.010752688172043001
2018-05-25,54000,54500,53100,54500,6774,-0.0126811594202898
2018-05-28,56000,57400,55600,56600,5739,0.038532110091743066
2018-05-29,57500,57600,56600,57100,4265,0.008833922261484162
2018-05-30,57200,59000,56100,59000,8550,0.03327495621716281
2018-05-31,58900,58900,55600,57700,2995,-0.02203389830508473
2018-06-01,58300,61000,58100,58900,6186,0.020797227036395194
2018-06-04,59000,59500,58000,58200,1265,-0.011884550084889645
2018-06-05,58200,58400,57300,58300,1013,0.0017182130584192379
2018-06-07,58300,58300,57000,57900,2669,-0.006861063464837058
2018-06-08,57900,59100,57500,58200,1811,0.005181347150259086
2018-06-11,58200,58300,57000,58300,2451,0.0017182130584192379
2018-06-12,58000,58900,57700,58400,1941,0.0017152658662091813
2018-06-14,58400,59000,57700,58200,1241,-0.003424657534246589
2018-06-15,57600,58300,57500,57900,703,-0.005154639175257714
2018-06-18,58500,58500,55900,56900,2032,-0.01727115716753025
2018-06-19,56900,56900,55800,55800,638,-0.019332161687170446
2018-06-20,55100,55800,54200,54600,2222,-0.021505376344086002
2018-06-21,54300,54800,53800,54000,3019,-0.01098901098901095
2018-06-22,55000,55000,53400,54100,2960,0.0018518518518517713
2018-06-25,54500,54700,53600,54500,1012,0.007393715341959428
2018-06-26,54500,54500,52300,54000,1846,-0.00917431192660545
2018-06-27,54100,54100,52900,53800,644,-0.0037037037037036535
2018-06-28,54000,54000,52900,54000,2084,0.0037174721189590088
2018-06-29,54100,54300,53300,54300,476,0.005555555555555536
2018-07-02,54100,54100,51700,52200,1857,-0.03867403314917128
2018-07-03,52000,52700,51400,52500,2010,0.005747126436781658
2018-07-04,52400,53300,51800,53300,1126,0.015238095238095273
2018-07-05,52700,55000,52700,54800,3724,0.02814258911819878
2018-07-06,54500,55100,53200,54600,512,-0.0036496350364964014
2018-07-09,54600,54600,53500,54300,477,-0.005494505494505475
2018-07-10,54300,54300,53200,54300,589,0.0
2018-07-11,54200,54300,52900,54300,1214,0.0
2018-07-12,53500,54000,52700,53800,1951,-0.009208103130755041
2018-07-13,53000,54300,53000,54300,505,0.009293680297397744
2018-07-16,54300,54500,53500,53900,274,-0.007366482504604033
2018-07-17,53100,53600,52600,52900,1246,-0.01855287569573283
2018-07-18,52800,55500,52800,53300,3484,0.007561436672967936
2018-07-19,53300,53900,53200,53500,224,0.0037523452157599557
2018-07-20,53500,54000,52700,53200,387,-0.005607476635513975
2018-07-23,52800,54000,52800,53100,2150,-0.001879699248120259
2018-07-24,53100,53100,52200,52800,815,-0.005649717514124242
2018-07-25,52800,52800,51400,51500,2197,-0.024621212121212155
2018-07-26,51700,52500,51200,51800,602,0.005825242718446644
2018-07-27,52400,52500,51900,52500,380,0.013513513513513598
2018-07-30,52200,52400,51600,52000,399,-0.00952380952380949
2018-07-31,52000,52000,51400,52000,406,0.0
2018-08-01,52000,52600,51500,51700,929,-0.005769230769230749
2018-08-02,51700,52100,51300,51800,768,0.0019342359767891004
2018-08-03,51400,53800,51400,53600,1319,0.03474903474903468
2018-08-06,53000,53300,52200,52300,525,-0.02425373134328357
2018-08-07,52100,52200,51700,51900,1326,-0.007648183556405397
2018-08-08,51900,52400,51500,51900,1702,0.0
2018-08-09,51900,52300,51500,52100,639,0.003853564547206201
2018-08-10,52100,52100,51500,51700,833,-0.007677543186180413
2018-08-13,51800,51800,51300,51600,676,-0.0019342359767892114
2018-08-14,51400,51900,51300,51300,1039,-0.005813953488372103
2018-08-16,51000,51300,50600,50600,2349,-0.013645224171540016
2018-08-17,50500,50800,50200,50500,1404,-0.0019762845849802257
2018-08-20,50600,51000,49600,49600,4124,-0.017821782178217838
2018-08-21,50000,50000,48900,49000,4394,-0.012096774193548376
2018-08-22,49100,49500,49000,49450,1308,0.009183673469387754
2018-08-23,49450,49700,49000,49200,1424,-0.005055611729019249
2018-08-24,48600,49000,48600,48800,2821,-0.008130081300813052
2018-08-27,48800,49300,48300,48500,2424,-0.006147540983606592
2018-08-28,48500,48600,48200,48500,1600,0.0
2018-08-29,48900,49400,48450,49350,3057,0.017525773195876226
2018-08-30,49100,49300,48750,49050,654,-0.006079027355623046
2018-08-31,49350,49700,48900,49250,1271,0.004077471967380175
2018-09-03,49450,49500,48550,49050,2937,-0.004060913705583702
2018-09-04,49000,49600,48500,49200,2638,0.003058103975535076
2018-09-05,49200,49200,48650,48900,847,-0.0060975609756097615
2018-09-06,48900,48900,48050,48600,5608,-0.006134969325153339
2018-09-07,48200,48600,47850,48100,3997,-0.010288065843621408
2018-09-10,48100,48400,47750,47850,1904,-0.00519750519750517
2018-09-11,48150,48300,47500,47900,2282,0.0010449320794148065
2018-09-12,48200,48200,47350,47850,2027,-0.0010438413361169019
2018-09-13,47850,48200,47550,47950,1580,0.002089864158829613
2018-09-14,47950,49200,47700,48450,1997,0.010427528675703845
2018-09-17,48850,48850,48050,48300,855,-0.003095975232198178
2018-09-18,48300,48350,47850,48250,2078,-0.0010351966873706209
2018-09-19,48250,48550,48100,48100,778,-0.0031088082901554737
2018-09-20,48100,48450,47700,47850,1966,-0.00519750519750517
2018-09-21,47850,48100,47550,47800,1657,-0.0010449320794148065
2018-09-27,47800,47950,47750,47800,781,0.0
2018-09-28,47800,49100,47800,49100,3919,0.027196652719665204
2018-10-01,49100,49100,48100,48700,1002,-0.008146639511201648
2018-10-02,48550,48550,48250,48500,305,-0.004106776180698102
2018-10-04,48150,48900,48000,48350,1362,-0.003092783505154628
2018-10-05,48350,48450,47550,48000,1354,-0.007238883143743546
2018-10-08,48000,48150,47400,47650,1474,-0.007291666666666696
2018-10-10,47550,47550,46800,46800,924,-0.01783840503672618
2018-10-11,45050,46400,44500,44500,3024,-0.04914529914529919
2018-10-12,43600,45000,43600,44600,1355,0.0022471910112360494
2018-10-15,44600,45150,43400,43600,1626,-0.022421524663677084
2018-10-16,44500,44500,43150,43600,805,0.0
2018-10-17,44450,44450,43550,43950,1578,0.008027522935779796
2018-10-18,43950,43950,43150,43800,1773,-0.0034129692832765013
2018-10-19,43800,43800,43050,43700,1473,-0.0022831050228310223
2018-10-22,43750,43800,42700,43400,1698,-0.006864988558352381
2018-10-23,43400,43400,42700,42700,1257,-0.016129032258064502
2018-10-24,43800,43800,41650,41750,1302,-0.022248243559718994
2018-10-25,41200,43450,40750,43100,3698,0.03233532934131733
2018-10-26,43000,43000,41100,42400,905,-0.016241299303944357
2018-10-29,42350,42350,40300,40950,1512,-0.034198113207547176
2018-10-30,40700,42400,40000,42100,1276,0.028083028083027983
2018-10-31,42100,42850,40900,42300,603,0.004750593824228044
2018-11-01,42250,43150,41700,42100,1079,-0.004728132387706863
2018-11-02,41750,42800,41750,42800,1087,0.016627078384798155
2018-11-05,42800,42800,41450,42450,1125,-0.008177570093457986
2018-11-06,41550,42300,41300,41400,1574,-0.02473498233215543
2018-11-07,41100,41750,40750,41000,1224,-0.009661835748792313
2018-11-08,41000,41600,40950,40950,2577,-0.0012195121951219523
2018-11-09,41000,41300,40500,41000,1346,0.0012210012210012167
2018-11-12,40350,42750,40350,42400,2578,0.034146341463414664
2018-11-13,42300,42350,41500,41500,425,-0.021226415094339646
2018-11-14,41500,42250,41150,42050,526,0.013253012048192847
2018-11-15,41150,42850,41150,42600,2077,0.013079667063020217
2018-11-16,42100,43000,41700,42150,791,-0.010563380281690127
2018-11-19,41850,42150,40950,41750,4181,-0.009489916963226541
2018-11-20,41750,41750,40700,40700,720,-0.025149700598802394
2018-11-21,40700,40850,40050,40500,1738,-0.004914004914004955
2018-11-22,40500,40900,40300,40700,525,0.004938271604938205
2018-11-23,41500,41500,40400,40800,416,0.002457002457002533
2018-11-26,40850,40900,40250,40800,2824,0.0
2018-11-27,40850,42300,40600,42050,4059,0.030637254901960675
2018-11-28,42050,42400,41250,41750,1689,-0.007134363852556502
2018-11-29,42350,42400,41250,41950,1016,0.004790419161676551
2018-11-30,41950,42450,41400,42100,343,0.0035756853396902155
2018-12-03,42100,42500,41550,42300,912,0.004750593824228044
2018-12-04,42200,42450,41550,42400,821,0.0023640661938533203
2018-12-05,42400,42400,41400,42250,1149,-0.003537735849056589
2018-12-06,42250,42800,41400,41700,2651,-0.013017751479289963
2018-12-07,41650,42400,41200,42350,452,0.015587529976019088
2018-12-10,42300,42300,41300,41700,1095,-0.015348288075560768
2018-12-11,41450,41800,41000,41400,974,-0.007194244604316502
2018-12-12,41100,41750,40600,41400,2775,0.0
2018-12-13,41500,41650,40750,41550,1503,0.0036231884057971175
2018-12-14,41550,42050,41150,41900,1465,0.008423586040914532
2018-12-17,41300,41900,41300,41850,196,-0.0011933174224343368
2018-12-18,41800,41950,41300,41800,530,-0.0011947431302270495
2018-12-19,42000,42000,41150,41700,1853,-0.0023923444976076125
2018-12-20,41200,41600,41200,41350,193,-0.008393285371702586
2018-12-21,41150,41450,40900,41450,1337,0.002418379685610539
2018-12-24,41100,41200,40900,41200,810,-0.006031363088057851
2018-12-26,41150,41150,40350,41050,1350,-0.00364077669902918
2018-12-27,41100,41150,40400,41150,149,0.0024360535931791105
2018-12-28,41150,41200,40500,41100,1090,-0.0012150668286755595
2019-01-02,41100,41100,40750,40800,153,-0.007299270072992692
2019-01-03,40600,40750,40100,40500,456,-0.007352941176470562
2019-01-04,40300,40500,40000,40500,504,0.0
2019-01-07,40850,41050,40550,41050,571,0.013580246913580174
2019-01-08,41050,41100,40350,40600,292,-0.010962241169305775
2019-01-09,41000,41300,40750,41100,197,0.012315270935960632
2019-01-10,41300,41300,40650,41150,373,0.0012165450121655041
2019-01-11,41100,41100,40200,40800,528,-0.008505467800729027
2019-01-14,41100,41100,40300,41000,398,0.004901960784313708
2019-01-15,40450,41050,40450,41000,861,0.0
2019-01-16,41000,41150,40850,41000,506,0.0
2019-01-17,41200,41300,41000,41300,572,0.007317073170731714
2019-01-18,41300,41850,41200,41800,789,0.012106537530266248
2019-01-21,41800,41950,41700,41850,730,0.0011961722488038617
2019-01-22,41850,43900,41800,43050,3893,0.028673835125448077
2019-01-23,43000,43450,43000,43350,848,0.006968641114982521
2019-01-24,43650,43800,43300,43500,3140,0.0034602076124568004
2019-01-25,43700,43700,43050,43350,2047,-0.0034482758620689724
2019-01-28,43300,43300,42700,42900,6556,-0.01038062283737029
2019-01-29,42900,42900,42150,42500,798,-0.009324009324009341
2019-01-30,42250,42500,42050,42350,2943,-0.003529411764705892
2019-01-31,42450,42550,42000,42200,1582,-0.0035419126328217754
2019-02-01,42300,42450,41900,42350,2587,0.0035545023696681444
2019-02-07,42400,42650,42200,42350,1450,0.0
2019-02-08,42100,42550,42100,42550,1255,0.0047225501770955525
2019-02-11,43150,50200,42400,42500,125843,-0.001175088131609825
2019-02-12,42800,43000,42500,42700,8796,0.004705882352941115
2019-02-13,42600,43100,42600,42750,5272,0.0011709601873535203
2019-02-14,42750,43050,42600,42800,4792,0.0011695906432749315
2019-02-15,42700,43100,42650,43000,3082,0.004672897196261738
2019-02-18,43050,43700,43000,43650,2397,0.015116279069767424
2019-02-19,43650,44600,43100,43950,7679,0.0068728522336769515
2019-02-20,44000,46800,43550,45350,49769,0.03185437997724683
2019-02-21,44650,45300,44250,44750,8255,-0.013230429988974612
2019-02-22,44200,44700,43400,43550,13911,-0.02681564245810053
2019-02-25,43450,44050,43200,43900,4836,0.008036739380022917
2019-02-26,43850,44350,43700,44150,2195,0.005694760820045497
2019-02-27,44150,44350,43750,43950,2464,-0.0045300113250282825
2019-02-28,43950,44100,43050,43100,6103,-0.019340159271899915
2019-03-04,43200,43300,42800,43100,3534,0.0
2019-03-05,43150,43150,42650,42950,1014,-0.0034802784222738303
2019-03-06,43150,43150,42800,43100,1329,0.0034924330616996624
2019-03-07,43100,43400,42800,43050,2242,-0.001160092807424573
2019-03-08,43400,43400,43000,43150,809,0.0023228803716608404
2019-03-11,43350,43400,42550,42950,967,-0.004634994206257237
2019-03-12,42850,43750,42650,43750,870,0.0186263096623982
2019-03-13,43750,43750,42900,43350,1824,-0.00914285714285712
2019-03-14,43350,43500,42950,43100,634,-0.005767012687427964
2019-03-15,43100,43350,42500,42750,2694,-0.008120649651972123
2019-03-18,42800,43250,42800,42950,1072,0.004678362573099504
2019-03-19,43050,43600,43050,43500,3540,0.012805587892898762
2019-03-20,43500,43500,42500,42650,1938,-0.019540229885057436
2019-03-21,42900,43000,42600,43000,3172,0.008206330597889888
2019-03-22,42950,42950,42650,42800,730,-0.0046511627906976605
2019-03-25,42700,42700,42000,42150,5712,-0.015186915887850483
2019-03-26,42250,42300,42000,42050,1092,-0.0023724792408066353
2019-03-27,42100,42550,41950,42050,1504,0.0
2019-03-28,42450,42450,41700,42050,4314,0.0
2019-03-29,42050,42150,41700,42000,3374,-0.0011890606420927874
2019-04-01,41750,42450,41750,42350,2022,0.008333333333333304
2019-04-02,42350,42700,42250,42500,1025,0.0035419126328217754
2019-04-03,42500,42850,42500,42700,794,0.004705882352941115
2019-04-04,42700,42900,42300,42400,889,-0.007025761124121788
2019-04-05,42400,42550,42200,42300,1630,-0.002358490566037763
2019-04-08,42900,43200,42400,42600,1169,0.007092198581560183
2019-04-09,42800,42900,42500,42600,1098,0.0
2019-04-10,42600,43050,42550,43050,1508,0.010563380281690238
2019-04-11,43250,46500,42900,46500,50803,0.08013937282229966
2019-04-12,46500,49800,43700,44100,183850,-0.05161290322580647
2019-04-15,43950,44500,43850,44300,12792,0.0045351473922903285
2019-04-16,44300,44450,44050,44150,3032,-0.003386004514672636
2019-04-17,44300,44900,43750,44150,5898,0.0
2019-04-18,44400,44400,43550,43750,4711,-0.009060022650056676
2019-04-19,43950,43950,43450,43600,2845,-0.0034285714285714475
2019-04-22,44400,44900,43500,43600,8252,0.0
2019-04-23,43500,43700,42900,43050,11123,-0.012614678899082521
2019-04-24,43150,43450,43000,43300,8313,0.005807200929152101
2019-04-25,43400,43450,42600,42700,6691,-0.01385681293302543
2019-04-26,42650,42850,42500,42700,2560,0.0
2019-04-29,43250,43250,42450,42850,2085,0.003512880562060783
2019-04-30,42850,43150,42250,42850,4735,0.0
2019-05-02,42750,43100,42500,43000,976,0.003500583430571691
2019-05-03,42850,43100,42650,42900,2173,-0.0023255813953488857
2019-05-07,42500,43100,42500,42950,1854,0.0011655011655011815
2019-05-08,42500,42950,42500,42700,2966,-0.005820721769499437
2019-05-09,43000,43000,41850,41900,8430,-0.0187353629976581
2019-05-10,42550,42600,41900,42050,4322,0.0035799522673030104
2019-05-13,42400,42400,41850,41900,3127,-0.003567181926278251
2019-05-14,42200,42450,41900,42400,2347,0.01193317422434359
2019-05-15,42450,42700,42200,42700,3322,0.007075471698113178
2019-05-16,42700,42800,42400,42700,4259,0.0
2019-05-17,42550,42900,42500,42700,826,0.0
2019-05-20,42700,43550,42300,43500,8499,0.0187353629976581
2019-05-21,43400,43400,42850,43300,5978,-0.0045977011494252595
2019-05-22,42900,43000,42300,42450,3600,-0.019630484988452657
2019-05-23,42450,42450,41850,42150,1782,-0.007067137809187329
2019-05-24,42150,42950,41700,42250,6670,0.0023724792408066353
2019-05-27,42050,43000,41750,42650,3573,0.00946745562130169
2019-05-28,42650,42800,42100,42800,1658,0.003516998827667095
2019-05-29,42500,42800,42100,42400,1149,-0.009345794392523366
2019-05-30,42350,42400,42100,42150,994,-0.005896226415094352
2019-05-31,42150,42700,42000,42400,1381,0.005931198102016699
2019-06-03,42300,42650,42000,42200,3776,-0.004716981132075526
2019-06-04,42250,42250,41500,41900,2763,-0.007109004739336511
2019-06-05,41850,42000,41700,41700,2562,-0.004773269689737458
2019-06-07,41800,42300,41550,42000,1750,0.007194244604316502
2019-06-10,42000,42400,42000,42250,1416,0.005952380952380931
2019-06-11,42350,42500,42050,42350,2959,0.002366863905325367
2019-06-12,42450,43800,42350,43250,19681,0.02125147579693043
2019-06-13,43000,43400,42650,42950,2504,-0.006936416184971095
2019-06-14,43300,44000,42800,43400,8668,0.010477299185098987
2019-06-17,43950,44600,43500,44200,5435,0.018433179723502224
2019-06-18,44450,44450,43500,43550,6378,-0.014705882352941124
2019-06-19,43600,44100,43400,43500,2322,-0.0011481056257175437
2019-06-20,43550,43700,43250,43550,2191,0.0011494252873562871
2019-06-21,43450,43650,43350,43350,966,-0.004592422502870286
2019-06-24,43700,43950,43350,43400,3771,0.0011534025374855261
2019-06-25,43400,43800,42900,43050,2676,-0.008064516129032251
2019-06-26,42950,43500,42700,42750,6872,-0.006968641114982632
2019-06-27,43550,47900,43200,45200,139037,0.057309941520467866
2019-06-28,44500,44900,43100,43250,21250,-0.04314159292035402
2019-07-01,43300,43600,43050,43450,9596,0.0046242774566473965
2019-07-02,43050,44400,43000,44400,14751,0.021864211737629535
2019-07-03,44400,44450,43950,44100,2447,-0.006756756756756799
2019-07-04,44100,44150,43550,43850,3577,-0.005668934240362855
2019-07-05,43850,44050,43550,44050,5219,0.004561003420752607
2019-07-08,44250,45400,43650,45250,16558,0.02724177071509648
2019-07-09,46000,47750,43450,44450,69856,-0.0176795580110497
2019-07-10,44700,46300,44500,45300,23254,0.01912260967379087
2019-07-11,45300,45850,44800,45050,10302,-0.0055187637969095205
2019-07-12,45300,45450,44950,45300,4389,0.005549389567147678
2019-07-15,45000,45450,44350,44350,4215,-0.020971302428256067
2019-07-16,44400,46250,44350,44900,25284,0.012401352874858995
2019-07-17,45200,46450,44150,45750,16455,0.018930957683741756
2019-07-18,45400,45900,44650,44700,4551,-0.022950819672131195
2019-07-19,44900,44900,43550,44200,6756,-0.01118568232662187
2019-07-22,44200,44250,43650,44200,2591,0.0
2019-07-23,43900,44500,43550,43950,3937,-0.005656108597285048
2019-07-24,43950,44650,43600,43950,3940,0.0
2019-07-25,44000,44100,42200,43000,11245,-0.021615472127417545
2019-07-26,43000,44700,42800,43000,7725,0.0
2019-07-29,43600,43600,42100,42350,9528,-0.015116279069767424
2019-07-30,41500,43150,41500,42550,3756,0.0047225501770955525
2019-07-31,43000,43100,41900,42750,4753,0.004700352526439522
2019-08-01,42650,42750,42050,42350,1955,-0.009356725146198785
2019-08-02,42050,42650,40700,42200,5476,-0.0035419126328217754
2019-08-05,41850,42400,40300,40600,7549,-0.03791469194312791
2019-08-06,39400,40600,38750,39350,5399,-0.030788177339901468
2019-08-07,39150,40450,39150,40250,6371,0.02287166454891998
2019-08-08,40950,41150,40000,40450,6882,0.00496894409937898
2019-08-09,40500,40900,40000,40350,5194,-0.0024721878862793423
2019-08-12,40350,40350,39250,40000,13722,-0.008674101610904539
2019-08-13,39950,39950,39300,39450,2579,-0.01375000000000004
2019-08-14,39500,40550,39500,40250,7747,0.020278833967046994
2019-08-16,40050,40200,39500,39800,6296,-0.011180124223602483
2019-08-19,39650,40200,39600,39850,7346,0.0012562814070351536
2019-08-20,39650,43600,38950,41400,100724,0.038895859473023764
2019-08-21,40900,41400,40500,41000,6675,-0.009661835748792313
2019-08-22,40850,41400,40000,40500,6325,-0.012195121951219523
2019-08-23,40100,41200,40100,40600,9444,0.0024691358024691024
2019-08-26,40450,40450,39500,40000,4565,-0.014778325123152691
2019-08-27,40200,41000,39550,40950,30255,0.023749999999999938
2019-08-28,41050,41200,40500,40900,3332,-0.0012210012210012167
2019-08-29,40600,40950,39900,40850,7315,-0.0012224938875305957
2019-08-30,40600,41000,40300,40750,5023,-0.002447980416156681
2019-09-02,40750,43600,40400,43500,57370,0.06748466257668717
2019-09-03,43000,43500,42050,42650,40926,-0.019540229885057436
2019-09-04,42650,44800,42500,44500,52876,0.04337631887456039
2019-09-05,44450,44500,41150,41550,495883,-0.06629213483146068
2019-09-06,41750,42300,41250,41650,33341,0.002406738868832692
2019-09-09,41400,43000,40500,40600,72372,-0.025210084033613467
2019-09-10,40600,40900,39550,40200,27948,-0.009852216748768461
2019-09-11,40200,40400,39650,40250,18498,0.0012437810945273853
2019-09-16,40400,40700,40050,40300,16755,0.001242236024844745
2019-09-17,40050,40250,39750,40000,17035,-0.007444168734491274
2019-09-18,40000,40300,39850,40000,9205,0.0
2019-09-19,40000,40250,39800,40000,4774,0.0
2019-09-20,39850,40300,39700,39750,9514,-0.006249999999999978
2019-09-23,39750,40000,39600,39800,9395,0.0012578616352201255
2019-09-24,39800,40100,39500,39900,13853,0.002512562814070307
2019-09-25,39900,39900,39350,39450,12822,-0.011278195488721776
2019-09-26,39450,39600,39150,39200,8776,-0.006337135614702172
2019-09-27,39450,39450,38750,39200,14426,0.0
2019-09-30,39050,40350,39050,39750,18096,0.014030612244897878
2019-10-01,39750,39950,39500,39850,18563,0.002515723270440251
2019-10-02,39850,39900,39450,39450,6384,-0.010037641154328703
2019-10-04,39450,39950,39000,39000,9907,-0.011406844106463865
2019-10-07,39000,39150,38250,38550,8849,-0.011538461538461497
2019-10-08,38200,38450,37950,38100,8520,-0.011673151750972721
2019-10-10,38100,38450,37900,38300,2608,0.005249343832020914
2019-10-11,38000,38500,38000,38500,8189,0.005221932114882533
2019-10-14,38600,38800,38200,38450,8648,-0.0012987012987012436
2019-10-15,38450,38650,38250,38400,9102,-0.0013003901170350884
2019-10-16,38450,38550,38300,38500,5975,0.0026041666666667407
2019-10-17,38600,38650,38400,38550,2086,0.0012987012987013546
2019-10-18,38550,38850,38450,38800,4647,0.006485084306095956
2019-10-21,38850,38850,38450,38550,4141,-0.006443298969072142
2019-10-22,38550,38950,38550,38950,4729,0.01037613488975353
2019-10-23,38900,38950,38550,38650,4347,-0.007702182284980763
2019-10-24,38800,38800,38550,38750,3400,0.002587322121604174
2019-10-25,38750,38800,38500,38550,2657,-0.005161290322580614
2019-10-28,38500,38650,38100,38500,6808,-0.0012970168612191912
2019-10-29,38500,38600,38300,38450,3189,-0.0012987012987012436
2019-10-30,38450,38450,37950,38300,9308,-0.0039011703511053764
2019-10-31,38150,38450,38150,38400,3090,0.0026109660574411553
2019-11-01,38400,38900,38100,38800,5306,0.01041666666666674
2019-11-04,38700,39050,38700,38900,3374,0.002577319587628857
2019-11-05,38900,39100,38550,38950,5531,0.0012853470437017567
2019-11-06,38950,39300,38750,39300,3898,0.00898587933247752
2019-11-07,39300,39500,38900,39500,5506,0.0050890585241729624
2019-11-08,39500,39500,39100,39200,1757,-0.0075949367088608
2019-11-11,39050,39250,38400,38700,6917,-0.012755102040816313
2019-11-12,38800,38900,38550,38700,1936,0.0
2019-11-13,38900,39150,38700,39100,4506,0.010335917312661591
2019-11-14,39100,39100,38700,39050,4346,-0.0012787723785165905
2019-11-15,39000,39200,38850,39050,4141,0.0
2019-11-18,39300,39300,38900,39050,3350,0.0
2019-11-19,39150,39250,38800,39050,5160,0.0
2019-11-20,38900,39050,38250,38400,6865,-0.016645326504481472
2019-11-21,38400,38450,37750,38000,9044,-0.01041666666666663
2019-11-22,38000,38250,37500,37650,4825,-0.009210526315789447
2019-11-25,37700,37850,37600,37800,5094,0.003984063745019917
2019-11-26,37800,38150,37650,38150,3816,0.0092592592592593
2019-11-27,38100,38350,37950,38200,3837,0.001310615989515096
2019-11-28,38100,38300,37950,38000,1987,-0.005235602094240788
2019-11-29,38000,38000,37600,37850,6483,-0.003947368421052588
2019-12-02,37900,38200,37750,38000,2432,0.003963011889035695
2019-12-03,37650,37850,37600,37850,2981,-0.003947368421052588
2019-12-04,37500,37700,37450,37450,3961,-0.010568031704095149
2019-12-05,37500,37600,37450,37500,2465,0.001335113484646211
2019-12-06,37400,37800,37400,37800,1887,0.008000000000000007
2019-12-09,37800,37800,37700,37800,1362,0.0
2019-12-10,37700,38100,37700,38100,5283,0.007936507936507908
2019-12-11,37950,38150,37850,38000,4780,-0.002624671916010457
2019-12-12,38000,38450,37900,38300,4725,0.007894736842105177
2019-12-13,38400,38550,38250,38350,1774,0.0013054830287206887
2019-12-16,38350,38350,38000,38050,2980,-0.007822685788787531
2019-12-17,38150,38400,38000,38350,3069,0.007884362680683266
2019-12-18,38400,38900,38250,38900,4949,0.014341590612777066
2019-12-19,38900,39400,38700,39150,5799,0.006426735218509005
2019-12-20,39300,39300,38800,39100,5930,-0.0012771392081737387
2019-12-23,39200,39450,38950,39150,7111,0.0012787723785165905
2019-12-24,39150,39850,39150,39800,12337,0.016602809706258048
2019-12-26,39900,41000,39800,40700,17580,0.022613065326633208
2019-12-27,40400,40400,40000,40100,3849,-0.014742014742014753
2019-12-30,40100,40200,39100,40000,2868,-0.0024937655860348684
2020-01-02,40000,40600,39800,40400,4845,0.010000000000000009
2020-01-03,40400,40950,40150,40450,6446,0.0012376237623761277
2020-01-06,40200,40400,39150,39500,4907,-0.023485784919653918
2020-01-07,39400,39800,39050,39350,3244,-0.0037974683544304
2020-01-08,39450,39500,38050,38350,8419,-0.02541296060991105
2020-01-09,38750,39250,38500,38500,4801,0.003911342894393766
2020-01-10,39000,39150,38500,38800,10501,0.007792207792207684
2020-01-13,38800,39800,38600,39800,6790,0.025773195876288568
2020-01-14,40150,43200,39900,41100,61374,0.03266331658291466
2020-01-15,41150,41150,40650,41000,5325,-0.0024330900243308973
2020-01-16,41000,41150,40400,40650,5047,-0.008536585365853666
2020-01-17,40700,40950,40200,40300,6016,-0.008610086100861003
2020-01-20,40250,40300,39700,39700,9812,-0.01488833746898266
2020-01-21,39700,39950,39500,39600,1900,-0.0025188916876573986
2020-01-22,39600,40550,39450,40300,6000,0.017676767676767735
2020-01-23,40050,40300,39800,40300,3533,0.0
2020-01-28,39450,39450,38800,39250,8285,-0.02605459057071957
2020-01-29,39250,39450,39050,39100,3337,-0.003821656050955413
2020-01-30,39450,39450,38350,38800,4629,-0.007672634271099765
2020-01-31,38550,41300,38350,38600,42350,-0.005154639175257714
2020-02-03,38150,38950,37700,38750,10705,0.0038860103626943143
2020-02-04,38650,39200,38650,39000,4671,0.006451612903225712
2020-02-05,39150,39300,37450,38700,16207,-0.007692307692307665
2020-02-06,39200,39200,38600,39000,3387,0.007751937984496138
2020-02-07,39000,39100,38600,38900,2471,-0.002564102564102555
2020-02-10,38700,39650,38450,39250,6570,0.008997429305912519
2020-02-11,39550,40000,39150,39700,7849,0.01146496815286624
2020-02-12,39700,41000,39700,40700,13464,0.025188916876574208
2020-02-13,41000,41200,40250,40350,9822,-0.008599508599508643
2020-02-14,40350,40500,39450,39850,11116,-0.012391573729863659
2020-02-17,39850,40000,39250,39800,4512,-0.0012547051442910462
2020-02-18,39800,39800,39050,39300,4152,-0.012562814070351758
2020-02-19,39700,39750,38900,39000,3296,-0.007633587786259555
2020-02-20,38650,39150,38050,38300,11584,-0.017948717948717996
2020-02-21,38250,38250,37000,37200,11792,-0.02872062663185382
2020-02-24,36950,36950,36050,36200,8936,-0.026881720430107503
2020-02-25,35550,36400,35550,36300,8753,0.0027624309392264568
2020-02-26,35550,36150,35550,36100,5333,-0.0055096418732781816
2020-02-27,36100,36250,35750,36100,11235,0.0
2020-02-28,36050,36050,34600,34700,6923,-0.03878116343490301
2020-03-02,34300,35050,34000,34050,14858,-0.018731988472622474
2020-03-03,34200,34600,33150,33400,15259,-0.019089574155653488
2020-03-04,33400,34000,33150,33950,1790,0.01646706586826352
2020-03-05,34000,34300,33900,34100,4624,0.004418262150220897
2020-03-06,34000,34000,32900,33350,6758,-0.021994134897360684
2020-03-09,33300,33300,31300,31700,10685,-0.04947526236881561
2020-03-10,31200,31650,30600,31350,9222,-0.01104100946372244
2020-03-11,31100,31650,30650,31200,4521,-0.004784688995215336
2020-03-12,31000,31000,29450,30250,6237,-0.03044871794871795
2020-03-13,28000,28750,27100,28200,13296,-0.06776859504132227
2020-03-16,28250,28800,27100,27100,10785,-0.03900709219858156
2020-03-17,25800,26950,25250,26900,5475,-0.0073800738007380184
2020-03-18,26650,28200,26650,26850,6044,-0.0018587360594795044
2020-03-19,26850,27150,24150,24700,7432,-0.08007448789571692
2020-03-20,24600,25850,24600,25700,6034,0.04048582995951411
2020-03-23,24000,24650,23600,23950,5760,-0.06809338521400776
2020-03-24,24550,25000,24100,24800,3908,0.035490605427974886
2020-03-25,25350,26700,25300,26350,5047,0.0625
2020-03-26,26400,27600,26050,27000,3993,0.024667931688804545
2020-03-27,27300,28400,27300,27700,6503,0.025925925925925908
2020-03-30,27600,28200,27000,28050,2249,0.012635379061371799
2020-03-31,28500,31800,28150,29150,5927,0.03921568627450989
2020-04-01,30000,30000,28100,28350,6515,-0.027444253859348233
2020-04-02,28250,28600,27700,28600,3333,0.008818342151675429
2020-04-03,28400,28900,28300,28550,1524,-0.0017482517482517723
2020-04-06,28500,29800,28500,29650,8977,0.038528896672504365
2020-04-07,30050,30450,29200,29550,7548,-0.003372681281618939
2020-04-08,29800,29950,29300,29750,2556,0.006768189509306355
2020-04-09,29750,30100,29600,29850,4958,0.003361344537815114
2020-04-10,29650,30250,29650,29800,5960,-0.0016750418760469454
2020-04-13,29800,30300,29300,30000,9500,0.006711409395973256
2020-04-14,30500,30500,29350,30200,6438,0.006666666666666599
2020-04-16,30200,30300,29350,30000,7123,-0.0066225165562914245
2020-04-17,30050,30750,29900,30550,4237,0.018333333333333313
2020-04-20,30900,30900,30400,30650,3413,0.003273322422258529
2020-04-21,30800,30800,29550,29800,5901,-0.027732463295269127
2020-04-22,29600,29900,29150,29700,2814,-0.003355704697986628
2020-04-23,29700,30600,29700,30600,3131,0.030303030303030276
2020-04-24,30550,30700,29900,30050,2378,-0.017973856209150374
2020-04-27,30000,30700,29950,30550,3860,0.016638935108153063
2020-04-28,30650,31000,30300,30500,2061,-0.0016366612111292644
2020-04-29,31100,31450,30550,30900,7206,0.013114754098360715
2020-05-04,30600,30950,30450,30800,9106,-0.003236245954692518
2020-05-06,30500,31450,30500,31400,2870,0.01948051948051943
2020-05-07,31400,32100,31000,31750,7339,0.011146496815286566
2020-05-08,31950,37100,31700,32450,336066,0.022047244094488105
2020-05-11,32050,32200,31200,31350,34766,-0.03389830508474578
2020-05-12,31350,31700,31100,31150,9234,-0.006379585326953707
2020-05-13,31000,31000,30050,31000,6556,-0.0048154093097912964
2020-05-14,30700,31400,30150,30150,13112,-0.02741935483870972
2020-05-15,30400,30850,30150,30650,4837,0.016583747927031434
2020-05-18,30800,30800,30100,30400,3129,-0.00815660685154973
2020-05-19,30700,30850,30500,30800,5404,0.013157894736842035
2020-05-20,30800,31050,30600,30900,3475,0.0032467532467532756
2020-05-21,31100,31550,31100,31300,5141,0.012944983818770295
2020-05-22,31300,31500,30550,30950,3413,-0.011182108626198062
2020-05-25,30650,31500,30650,31100,1900,0.004846526655896577
2020-05-26,30900,31350,30750,31300,3585,0.006430868167202508
2020-05-27,31350,31450,31000,31000,5046,-0.009584664536741228
2020-05-28,31150,31200,30800,30950,4541,-0.001612903225806428
2020-05-29,30950,31650,30700,31500,3639,0.017770597738287597
2020-06-01,31650,31650,31350,31500,4940,0.0
2020-06-02,31700,31900,31300,31700,3905,0.006349206349206327
2020-06-03,31700,32500,31700,32000,15237,0.009463722397476282
2020-06-04,32050,32800,32050,32300,5403,0.009374999999999911
2020-06-05,32450,32750,32050,32750,3008,0.01393188854489158
2020-06-08,32600,32750,32050,32150,7945,-0.018320610687022953
2020-06-09,32650,32650,31700,32000,8466,-0.004665629860031051
2020-06-10,32150,32150,31750,32000,2274,0.0
2020-06-11,32000,32000,31250,31250,7645,-0.0234375
2020-06-12,29550,30750,29550,30450,7094,-0.025599999999999956
2020-06-15,30450,30800,29650,30000,7192,-0.014778325123152691
2020-06-16,30050,30650,30050,30500,2487,0.016666666666666607
2020-06-17,30550,30700,30100,30700,947,0.006557377049180246
2020-06-18,30850,31300,30300,31150,2713,0.014657980456026065
2020-06-19,31600,31600,30550,31300,10020,0.0048154093097914075
2020-06-22,32400,32600,31300,31600,11294,0.009584664536741228
2020-06-23,31750,31750,30900,31150,3229,-0.014240506329113889
2020-06-24,31400,31400,31100,31350,2858,0.006420545746388395
2020-06-25,31300,31300,30450,30750,3086,-0.019138755980861233
2020-06-26,30550,30950,30450,30950,2750,0.006504065040650486
2020-06-29,30850,30850,30000,30600,2451,-0.011308562197092087
2020-06-30,30600,30900,30000,30300,8345,-0.009803921568627416
2020-07-01,30550,30550,30200,30300,2139,0.0
2020-07-02,30300,30650,30200,30500,1934,0.0066006600660066805
2020-07-03,30650,30800,30600,30800,3056,0.009836065573770592
2020-07-06,30800,30900,30450,30600,2466,-0.00649350649350644
2020-07-07,30800,30800,30250,30300,2459,-0.009803921568627416
2020-07-08,30300,30800,30250,30550,848,0.008250825082508184
2020-07-09,30750,30750,30250,30550,1915,0.0
2020-07-10,30550,30600,30250,30600,5310,0.0016366612111293755
2020-07-13,30500,30700,30450,30700,1108,0.0032679738562091387
2020-07-14,30400,31300,30300,30500,2641,-0.006514657980456029
2020-07-15,30550,31000,30550,30950,741,0.014754098360655776
2020-07-16,31100,31300,30850,30950,1168,0.0
2020-07-17,31300,31300,30800,30950,2317,0.0
2020-07-20,30950,31200,30800,31100,1006,0.004846526655896577
2020-07-21,31250,31250,30850,31100,1408,0.0
2020-07-22,31000,31250,30850,31000,1809,-0.003215434083601254
2020-07-23,31250,31250,30650,31000,1278,0.0
2020-07-24,31150,31150,30700,30700,3687,-0.009677419354838679
2020-07-27,30750,31000,30500,30950,2511,0.008143322475570036
2020-07-28,30950,31450,30700,31400,4190,0.01453957996768973
2020-07-29,31500,32700,31200,32550,16915,0.03662420382165599
2020-07-30,32550,33650,32500,32500,7095,-0.001536098310291889
2020-07-31,32500,32750,31850,31850,2431,-0.020000000000000018
2020-08-03,31800,31800,31450,31700,1209,-0.004709576138147598
2020-08-04,31850,32500,31800,32000,977,0.009463722397476282
2020-08-05,32600,32600,31850,32100,1626,0.0031250000000000444
2020-08-06,32100,32250,31650,31900,1782,-0.006230529595015577
2020-08-07,31700,31900,31500,31800,3605,-0.0031347962382445305
2020-08-10,32000,32000,31500,31800,1967,0.0
2020-08-11,31850,33500,31750,32700,13793,0.028301886792452935
2020-08-12,32700,33300,32450,33100,7938,0.012232415902140747
2020-08-13,33100,33250,32350,32900,5638,-0.0060422960725075026
2020-08-14,33000,33400,32400,32550,1134,-0.010638297872340385
2020-08-18,32300,32350,30650,30650,13657,-0.05837173579109067
2020-08-19,30750,31150,30500,31000,1666,0.011419249592169667
2020-08-20,31000,31150,30450,31000,12399,0.0
2020-08-21,30850,31350,30600,31150,2784,0.004838709677419395
2020-08-24,30800,30900,30350,30600,4697,-0.017656500802568198
2020-08-25,30650,31950,30650,31100,7349,0.016339869281045694
2020-08-26,31100,31300,31050,31200,7709,0.003215434083601254
2020-08-27,31200,31200,30000,30350,12485,-0.027243589743589758
2020-08-28,30600,30600,30000,30250,9760,-0.0032948929159802853
2020-08-31,30750,30750,30100,30500,5987,0.008264462809917328
2020-09-01,30500,30600,30200,30450,6065,-0.0016393442622950616
2020-09-02,30450,30600,30350,30600,4189,0.0049261083743843415
2020-09-03,30500,30750,30450,30650,5997,0.0016339869281045694
2020-09-04,30350,30550,30100,30550,2480,-0.0032626427406199365
2020-09-07,30600,30650,30450,30600,3241,0.0016366612111293755
2020-09-08,30700,31200,30600,30850,3173,0.008169934640522847
2020-09-09,30700,30850,30400,30500,3148,-0.011345218800648316
2020-09-10,30600,30700,30300,30600,1234,0.003278688524590123
2020-09-11,30700,31100,30600,31100,2862,0.016339869281045694
2020-09-14,31100,31300,30900,31100,3753,0.0
2020-09-15,31200,31650,31200,31400,21767,0.009646302250803762
2020-09-16,31800,31900,31300,31450,8662,0.0015923566878981443
2020-09-17,31450,31450,31000,31250,2995,-0.006359300476947549
2020-09-18,31250,31300,30700,31200,4384,-0.0016000000000000458
2020-09-21,30900,31250,30700,30750,1029,-0.014423076923076872
2020-09-22,30750,30850,30000,30350,5397,-0.013008130081300862
2020-09-23,30700,30700,30100,30550,2868,0.006589785831960571
2020-09-24,30500,30500,29750,30000,3901,-0.018003273322422242
2020-09-25,30300,30300,29800,30100,2462,0.0033333333333334103
2020-09-28,30100,30700,30100,30200,1622,0.0033222591362125353
2020-09-29,30400,30650,30200,30600,3229,0.013245033112582849
2020-10-05,30600,30800,30600,30750,3776,0.004901960784313708
2020-10-06,30850,30900,30700,30850,859,0.003252032520325132
2020-10-07,30850,30950,30650,30900,577,0.0016207455429497752
2020-10-08,30950,31100,30800,31000,1484,0.003236245954692629
2020-10-12,31150,31150,30850,31050,1635,0.001612903225806539
2020-10-13,31200,31200,30950,31150,1624,0.0032206119162641045
2020-10-14,31300,31300,30650,30900,2081,-0.008025682182985605
2020-10-15,31100,31100,30500,31000,1729,0.003236245954692629
2020-10-16,30700,30950,30450,30650,1886,-0.011290322580645107
2020-10-19,30500,30750,30400,30650,2073,0.0
2020-10-20,30850,30850,30400,30650,1892,0.0
2020-10-21,30650,31150,30500,31150,1438,0.01631321370309946
2020-10-22,31150,31150,30700,30700,1155,-0.014446227929374
2020-10-23,30950,31000,30600,30950,1067,0.008143322475570036
2020-10-26,30950,31400,30550,30650,3077,-0.009693053311793265
2020-10-27,30850,31100,30500,30700,2419,0.0016313213703098572
2020-10-28,30700,30900,30550,30700,714,0.0
2020-10-29,30650,30650,30250,30600,2089,-0.0032573289902280145
2020-10-30,30450,31150,30350,30400,2924,-0.006535947712418277
2020-11-02,30600,31300,30350,30700,2382,0.009868421052631637
2020-11-03,30850,30850,30400,30700,1783,0.0
2020-11-04,30800,30800,30600,30600,771,-0.0032573289902280145
2020-11-05,30600,30900,30450,30700,3050,0.0032679738562091387
2020-11-06,30600,30800,30550,30800,2236,0.0032573289902280145
2020-11-09,30750,31150,30600,31050,3026,0.008116883116883189
2020-11-10,31050,31300,31000,31250,10110,0.006441223832528209
2020-11-11,31500,31750,31050,31750,3867,0.016000000000000014
2020-11-12,31700,32000,31300,31750,6964,0.0
2020-11-13,31650,31900,31250,31400,3866,-0.011023622047244053
2020-11-16,31400,31600,31150,31400,7802,0.0
2020-11-17,31400,31700,31000,31600,3159,0.006369426751592355
2020-11-18,31500,31850,31050,31600,8544,0.0
2020-11-19,31600,31800,31300,31550,4982,-0.0015822784810126667
2020-11-20,31550,31750,31400,31500,3370,-0.0015847860538826808
2020-11-23,31650,32000,31650,31950,5231,0.014285714285714235
2020-11-24,32050,32100,31700,32000,2020,0.0015649452269170805
2020-11-25,32000,32500,31600,31600,3785,-0.012499999999999956
2020-11-26,31650,31900,31500,31700,3398,0.0031645569620253333
2020-11-27,31700,31850,31500,31800,1635,0.003154574132492094
2020-11-30,31600,32200,31600,31900,2864,0.003144654088050425
2020-12-01,31900,33050,31900,33000,6577,0.034482758620689724
2020-12-02,32800,33400,32800,33200,4318,0.0060606060606061
2020-12-03,33200,33200,32800,32800,1129,-0.012048192771084376
2020-12-04,32750,32750,32050,32300,5431,-0.015243902439024404
2020-12-07,32300,32450,32000,32200,1814,-0.003095975232198178
2020-12-08,32200,32400,31850,32250,5875,0.0015527950310558758
2020-12-09,32250,32400,32050,32350,1457,0.0031007751937983663
2020-12-10,32400,32950,32250,32550,3928,0.0061823802163833985
2020-12-11,32950,32950,32000,32550,4695,0.0
2020-12-14,32550,33100,32550,33050,7384,0.015360983102918668
2020-12-15,33050,33050,32300,32350,9213,-0.021180030257186067
2020-12-16,32450,32550,32150,32400,6778,0.0015455950540959051
2020-12-17,32750,32950,32400,32700,5865,0.0092592592592593
2020-12-18,32700,33000,32600,32800,9042,0.003058103975535076
2020-12-21,32800,33650,32750,33100,4460,0.009146341463414531
2020-12-22,33150,33350,33050,33200,7366,0.0030211480362538623
2020-12-23,33200,33350,32600,32900,4303,-0.009036144578313254
2020-12-24,32900,32950,32700,32900,1607,0.0
2020-12-28,33000,33150,32600,32800,4356,-0.003039513677811523
2020-12-29,32400,32800,32200,32250,3819,-0.01676829268292679
2020-12-30,32400,32400,31900,32400,3115,0.0046511627906977715
2021-01-04,32150,32500,31800,32150,11796,-0.007716049382716084
2021-01-05,32150,32350,31850,32050,13129,-0.0031104199066873672
2021-01-06,32100,32100,31700,31700,15291,-0.010920436817472678
2021-01-07,31950,32450,31750,32350,9152,0.020504731861198833
2021-01-08,32350,33000,32150,32900,12620,0.01700154559505407
2021-01-11,33100,33450,32500,32800,13052,-0.003039513677811523
2021-01-12,33050,33050,32300,32800,5242,0.0
2021-01-13,32750,33350,32750,33250,6722,0.013719512195121908
2021-01-14,33250,33450,33050,33250,3994,0.0
2021-01-15,33350,33400,32550,32850,3352,-0.012030075187969946
2021-01-18,32350,32650,32100,32150,5448,-0.0213089802130898
2021-01-19,32150,32800,32100,32600,2951,0.013996889580093264
2021-01-20,32600,32950,32400,32900,3357,0.009202453987730008
2021-01-21,32900,33050,32600,32700,5244,-0.006079027355623046
2021-01-22,32950,32950,32450,32700,5380,0.0
2021-01-25,32600,33300,32350,32950,4066,0.007645259938837912
2021-01-26,33100,33100,32650,32800,2423,-0.004552352048558417
2021-01-27,32800,33150,32600,32800,2544,0.0
2021-01-28,32550,32750,32250,32450,2543,-0.010670731707317027
2021-01-29,32450,32500,31200,31500,5726,-0.02927580893682591
2021-02-01,31200,31700,31000,31700,4679,0.006349206349206327
2021-02-02,31750,32000,31400,31800,2749,0.003154574132492094
2021-02-03,31700,31950,31500,31800,2965,0.0
2021-02-04,33300,33300,31550,32000,6607,0.0062893081761006275
2021-02-05,32250,34200,31650,32550,13890,0.01718749999999991
2021-02-08,32800,33100,32150,32500,7280,-0.001536098310291889
2021-02-09,32500,32850,32250,32550,5569,0.0015384615384614886
2021-02-10,32500,32550,31900,32500,4109,-0.001536098310291889
2021-02-15,32650,32650,32150,32550,1406,0.0015384615384614886
2021-02-16,32450,32600,31900,31900,7476,-0.019969278033794113
2021-02-17,32000,32000,31500,31900,16140,0.0
2021-02-18,31900,31900,31600,31600,8867,-0.009404388714733591
2021-02-19,31600,31800,31200,31600,13150,0.0
2021-02-22,31600,31750,31500,31600,9163,0.0
2021-02-23,31650,31650,31350,31500,9454,-0.0031645569620253333
2021-02-24,31500,31650,31150,31350,7211,-0.004761904761904745
2021-02-25,31350,31450,31200,31400,5139,0.0015948963317384823
2021-02-26,31250,31250,30850,31150,5129,-0.0079617834394905
2021-03-02,31150,31900,31100,31450,9362,0.009630818619582593
2021-03-03,31500,31600,31050,31600,2857,0.004769475357710551
2021-03-04,31650,31850,31550,31800,3163,0.006329113924050667
2021-03-05,31900,31900,31400,31800,4610,0.0
2021-03-08,31650,32150,31600,31700,7382,-0.0031446540880503138
2021-03-09,31700,31850,31300,31650,4100,-0.001577287066246047
2021-03-10,31600,31750,31400,31550,3681,-0.003159557661927326
2021-03-11,31550,31700,31300,31450,2448,-0.0031695721077654726
2021-03-12,31500,31800,31300,31800,1648,0.0111287758346581
2021-03-15,31800,31950,31650,31850,4607,0.0015723270440251014
2021-03-16,31950,32400,31900,32250,3654,0.012558869701726927
2021-03-17,32250,32300,31900,31950,3063,-0.009302325581395321
2021-03-18,31900,32400,31850,32200,5056,0.00782472613458518
2021-03-19,32050,32500,31950,32300,4747,0.0031055900621117516
2021-03-22,32350,32550,32350,32500,3749,0.006191950464396356
2021-03-23,32500,32550,32050,32100,3694,-0.012307692307692353
2021-03-24,32100,32250,31950,32250,1883,0.004672897196261738
2021-03-25,32250,32950,32150,32800,5165,0.01705426356589146
2021-03-26,32800,33300,32700,32850,6251,0.0015243902439023849
2021-03-29,33150,33850,32900,33800,19764,0.028919330289193246
2021-03-30,33850,34950,33750,34300,13803,0.014792899408283988
2021-03-31,34300,35400,34300,34650,9329,0.010204081632652962
2021-04-01,34650,35000,34150,34500,7596,-0.0043290043290042934
2021-04-02,34600,34850,34350,34550,6160,0.0014492753623187582
2021-04-05,34550,35000,34400,34800,6535,0.00723589001447178
2021-04-06,35150,35150,34700,35050,4125,0.007183908045977017
2021-04-07,35050,35850,34900,35700,11479,0.01854493580599148
2021-04-08,35700,35750,35400,35700,3033,0.0
2021-04-09,35700,36750,35600,36650,16324,0.026610644257702987
2021-04-12,36650,38000,35900,37000,31476,0.009549795361528002
2021-04-13,37100,37600,36500,37100,11768,0.002702702702702675
2021-04-14,37050,37050,36100,36250,12556,-0.022911051212938016
2021-04-15,36250,36400,35500,35700,10781,-0.015172413793103412
2021-04-16,35850,35850,35250,35600,10251,-0.0028011204481792618
2021-04-19,35600,36000,35250,35950,6433,0.00983146067415741
2021-04-20,35850,36850,35800,36400,7902,0.012517385257301727
2021-04-21,36400,36400,35650,35850,7945,-0.015109890109890056
2021-04-22,35850,36050,35550,35850,7430,0.0
2021-04-23,35850,36900,35850,36700,6350,0.023709902370990132
2021-04-26,36700,37600,36550,37150,11350,0.012261580381471404
2021-04-27,37300,37700,36800,37700,11731,0.014804845222072593
2021-04-28,37400,37700,36800,36900,12172,-0.021220159151193685
2021-04-29,36800,38650,36800,38500,22734,0.04336043360433606
2021-04-30,38500,39000,38050,38900,28824,0.010389610389610393
2021-05-03,38900,40800,38300,38600,32373,-0.007712082262210762
2021-05-04,38600,39000,36100,39000,17626,0.010362694300518172
2021-05-06,38950,40450,38600,39900,11914,0.023076923076922995
2021-05-07,40100,40150,39550,40000,8272,0.0025062656641603454
2021-05-10,40450,40450,39600,39800,9214,-0.0050000000000000044
2021-05-11,39500,39850,38850,39850,12900,0.0012562814070351536
2021-05-12,39550,39750,38050,38350,14050,-0.03764115432873272
2021-05-13,37700,38550,37350,38000,15755,-0.009126466753585416
2021-05-14,38000,38850,37450,37450,12227,-0.014473684210526305
2021-05-17,37700,37900,36500,36850,17353,-0.01602136181575431
2021-05-18,36850,37450,36350,37000,14099,0.004070556309362372
2021-05-20,36900,36950,36100,36850,15586,-0.004054054054054013
2021-05-21,36850,37000,36000,36400,11436,-0.012211668928086894
2021-05-24,36350,36400,35600,35600,7424,-0.02197802197802201
2021-05-25,35600,35900,35600,35800,4927,0.00561797752808979
2021-05-26,35900,36600,35800,36400,5337,0.016759776536312776
2021-05-27,36400,37300,36350,37200,8573,0.0219780219780219
2021-05-28,37200,37350,36950,37300,7364,0.0026881720430107503
2021-05-31,37500,37600,37150,37550,8348,0.006702412868632601
2021-06-01,37550,37850,37200,37850,8573,0.007989347536617952
2021-06-02,37850,39000,37450,38500,14094,0.017173051519154603
2021-06-03,38450,38950,37700,38650,12100,0.003896103896103842
2021-06-04,38450,38600,37950,38350,5734,-0.0077619663648124115
2021-06-07,38350,38650,37300,38000,8654,-0.009126466753585416
2021-06-08,37800,38250,37650,38200,5200,0.0052631578947368585
2021-06-09,38000,38450,37500,38300,8996,0.002617801047120505
2021-06-10,37950,38850,37850,38800,5846,0.01305483028720622
2021-06-11,38950,39100,38700,39000,4058,0.005154639175257714
2021-06-14,39350,39350,38650,38700,1944,-0.007692307692307665
2021-06-15,38700,39250,38500,38700,2211,0.0
2021-06-16,38800,38800,38000,38600,5587,-0.0025839793281653423
2021-06-17,38600,39050,38300,39000,3102,0.010362694300518172
2021-06-18,38600,39100,38500,38550,7298,-0.011538461538461497
2021-06-21,38550,38750,37800,38550,10438,0.0
2021-06-22,38550,38750,38350,38550,1548,0.0
2021-06-23,38550,40500,38250,39600,22922,0.027237354085603016
2021-06-24,39600,39700,38250,39450,9671,-0.0037878787878787845
2021-06-25,39150,39900,38900,39400,3716,-0.0012674271229404788
2021-06-28,39400,40000,39250,39900,8941,0.012690355329949332
2021-06-29,40300,40300,39650,39950,3682,0.0012531328320801727
2021-06-30,39950,39950,38950,39600,3729,-0.008760951188986232
2021-07-01,39500,39800,38950,39250,4382,-0.008838383838383868
2021-07-02,39300,39650,39050,39450,2112,0.005095541401273884
2021-07-05,39400,39750,38700,39000,6641,-0.011406844106463865
2021-07-06,39500,39800,39000,39300,6382,0.007692307692307665
2021-07-07,39300,39300,38550,38800,13129,-0.012722646310432517
2021-07-08,38850,39000,38100,38400,4099,-0.010309278350515427
2021-07-09,37950,38400,37000,37350,7629,-0.02734375
2021-07-12,37200,38300,37200,37800,8304,0.012048192771084265
2021-07-13,37700,38400,37700,38200,1554,0.010582010582010692
2021-07-14,38200,38350,37800,38350,2742,0.003926701570680535
2021-07-15,38350,38700,37900,38600,4404,0.006518904823989535
2021-07-16,38600,38800,38250,38600,5290,0.0
2021-07-19,38550,38550,37800,38250,4142,-0.0090673575129534
2021-07-20,38050,38200,37700,37900,3648,-0.009150326797385588
2021-07-21,37950,38450,37650,37700,4201,-0.00527704485488123
2021-07-22,37600,38050,37450,37700,7024,0.0
2021-07-23,37700,37900,37050,37200,6380,-0.01326259946949604
2021-07-26,37350,37550,37150,37200,2469,0.0
2021-07-27,37200,37650,37150,37350,2997,0.0040322580645162365
2021-07-28,37350,37550,37000,37350,1817,0.0
2021-07-29,37350,37500,37050,37400,1939,0.0013386880856760541
2021-07-30,37400,37400,36600,37050,4434,-0.009358288770053513
2021-08-02,36800,37150,36750,36900,1900,-0.004048582995951455
2021-08-03,36900,37300,36200,36900,5686,0.0
2021-08-04,36900,36900,36550,36850,3169,-0.0013550135501354532
2021-08-05,36550,37050,36550,36800,3499,-0.0013568521031207537
2021-08-06,36850,37050,36750,36900,2312,0.0027173913043478937
2021-08-09,36750,37400,36500,36850,2928,-0.0013550135501354532
2021-08-10,36850,36850,36350,36450,1942,-0.01085481682496603
2021-08-11,36450,36950,36100,36350,5271,-0.002743484224965731
2021-08-12,36350,36350,36000,36300,3775,-0.0013755158184318717
2021-08-13,36150,36700,35800,36300,5826,0.0
2021-08-17,36300,36750,35250,35850,12039,-0.012396694214875992
2021-08-18,35850,37000,35650,36900,6620,0.029288702928870203
2021-08-19,36850,37550,35950,37250,15447,0.009485094850948617
2021-08-20,37250,37600,35000,36600,14381,-0.01744966442953022
2021-08-23,36600,36850,36200,36650,4597,0.001366120218579292
2021-08-24,36850,37450,36850,37350,7044,0.019099590723056004
2021-08-25,37700,37700,37400,37650,4802,0.008032128514056325
2021-08-26,37900,37900,37450,37550,4896,-0.0026560424966799445
2021-08-27,37550,38300,37450,38250,8246,0.018641810918774926
2021-08-30,38500,38750,38000,38250,5707,0.0
2021-08-31,38250,38700,38050,38500,6388,0.006535947712418277
2021-09-01,38500,38800,38250,38550,4339,0.0012987012987013546
2021-09-02,38550,38700,38250,38550,3657,0.0
2021-09-03,38550,38700,38150,38500,5063,-0.0012970168612191912
2021-09-06,38450,38700,37700,38500,13658,0.0
2021-09-07,38750,38750,37600,38500,2897,0.0
2021-09-08,38300,38450,37950,38300,1086,-0.0051948051948051965
2021-09-09,37850,37850,37400,37400,9568,-0.023498694516971286
2021-09-10,37200,37400,36750,37150,7522,-0.006684491978609652
2021-09-13,37150,37450,37050,37200,2135,0.0013458950201883368
2021-09-14,36950,38250,36600,37950,5290,0.02016129032258074
2021-09-15,38050,38300,37750,38150,2852,0.005270092226614009
2021-09-16,38150,38300,37850,38200,4537,0.001310615989515096
2021-09-17,38200,38300,37700,38050,2971,-0.003926701570680646
2021-09-23,37650,37850,37050,37650,3404,-0.010512483574244391
2021-09-24,37200,37950,37200,37900,10721,0.006640106241699861
2021-09-27,37800,38150,37450,37850,5333,-0.0013192612137202797
2021-09-28,37850,38100,37450,38000,2857,0.003963011889035695
2021-09-29,37150,37500,36900,37450,3789,-0.014473684210526305
2021-09-30,37150,37300,36900,37300,3745,-0.004005340453938633
2021-10-01,37000,37150,36000,36450,6153,-0.02278820375335122
2021-10-05,35800,36350,35150,36250,11699,-0.005486968449931462
2021-10-06,35650,36600,35000,35000,10284,-0.03448275862068961
2021-10-07,35750,35750,35000,35550,8372,0.01571428571428579
2021-10-08,35700,35950,34700,35000,7968,-0.015471167369901506
2021-10-12,35250,35400,34850,34900,5680,-0.0028571428571428914
2021-10-13,34600,35250,34400,35250,3453,0.01002865329512903
2021-10-14,35300,36400,35300,36400,4670,0.03262411347517724
2021-10-15,36450,36700,36000,36700,3495,0.008241758241758212
2021-10-18,37400,37400,36200,36700,1908,0.0
2021-10-19,36700,37100,36500,36600,1146,-0.0027247956403270157
2021-10-20,36650,36700,36100,36600,9263,0.0
2021-10-21,36700,36700,35950,36500,3356,-0.002732240437158473
2021-10-22,36200,36500,35600,36500,9168,0.0
2021-10-25,36450,36450,36000,36400,1651,-0.002739726027397249
2021-10-26,36100,36600,36100,36550,3297,0.004120879120879106
2021-10-27,36550,36600,36150,36400,3613,-0.004103967168262668
2021-10-28,36400,36750,36000,36300,20022,-0.0027472527472527375
2021-10-29,36400,36650,36150,36600,2574,0.008264462809917328
2021-11-01,36250,36450,35900,36400,3534,-0.005464480874316946
2021-11-02,36400,36600,36200,36600,6852,0.005494505494505475
2021-11-03,36750,36750,36150,36400,1504,-0.005464480874316946
2021-11-04,36400,36400,35800,35800,1979,-0.016483516483516536
2021-11-05,35500,35800,35100,35150,8986,-0.018156424581005637
2021-11-08,35000,35250,34750,35250,3147,0.002844950213371167
2021-11-09,35250,35500,34900,34950,2725,-0.008510638297872353
2021-11-10,34950,34950,34150,34500,6338,-0.012875536480686733
2021-11-11,33850,34200,33700,34100,4697,-0.011594202898550732
2021-11-12,33750,35350,33750,34800,1546,0.02052785923753664
2021-11-15,34800,35200,34800,35200,3216,0.011494252873563315
2021-11-16,35200,35500,34850,35100,2051,-0.0028409090909090606
2021-11-17,35200,35500,34600,35000,4068,-0.002849002849002802
2021-11-18,35350,35500,34500,35350,3159,0.010000000000000009
2021-11-19,35350,35750,34350,35400,2753,0.0014144271570013522
2021-11-22,35100,35400,35100,35200,2255,-0.005649717514124242
2021-11-23,35050,35450,35000,35250,3548,0.0014204545454545858
2021-11-24,35100,35250,34550,34650,3902,-0.017021276595744705
2021-11-25,34650,34900,34250,34450,2495,-0.005772005772005762
2021-11-26,34400,34450,34000,34400,4319,-0.0014513788098693414
2021-11-29,34000,34450,33250,33250,10234,-0.03343023255813948
2021-11-30,33250,33650,32000,32900,5494,-0.010526315789473717
2021-12-01,32900,33150,32100,33000,1907,0.003039513677811634
2021-12-02,33000,33400,32850,33400,1886,0.0121212121212122
2021-12-03,33700,33850,33550,33800,918,0.011976047904191711
2021-12-06,34250,34250,33500,34150,3729,0.010355029585798814
2021-12-07,34650,34650,33800,33900,1560,-0.007320644216691097
2021-12-08,34100,34150,33700,34050,2283,0.004424778761061843
2021-12-09,34100,34100,33750,33900,2048,-0.004405286343612369
2021-12-10,33900,34200,33750,34200,5363,0.008849557522123908
2021-12-13,34200,34200,33950,33950,6349,-0.007309941520467822
2021-12-14,33950,34600,33850,34600,1734,0.019145802650957222
2021-12-15,34550,34950,34400,34850,1657,0.007225433526011571
2021-12-16,34850,35550,34700,34950,3474,0.0028694404591105283
2021-12-17,35150,35500,35050,35300,1259,0.010014306151645114
2021-12-20,35150,35150,34600,35050,1407,-0.007082152974504208
2021-12-21,34900,34900,34500,34900,1278,-0.004279600570613384
2021-12-22,34800,34850,34550,34600,2179,-0.008595988538681931
2021-12-23,34650,35400,34650,35250,2135,0.01878612716762995
2021-12-24,35500,36200,35200,35400,7674,0.004255319148936065
2021-12-27,35900,36150,35450,36100,3533,0.019774011299435124
2021-12-28,36100,36250,35250,35700,4534,-0.011080332409972304
2021-12-29,35600,35600,34350,34700,8712,-0.02801120448179273
2021-12-30,34750,34900,33500,34250,7593,-0.012968299711815567
2022-01-03,34350,34550,33500,33600,6526,-0.01897810218978102
2022-01-04,33850,34250,33350,34250,4060,0.019345238095238138
2022-01-05,34050,34400,34000,34200,2879,-0.0014598540145985828
2022-01-06,33800,34600,33750,33950,2967,-0.007309941520467822
2022-01-07,33950,34500,33950,34100,743,0.004418262150220897
2022-01-10,34400,34450,33950,34150,1857,0.0014662756598240456
2022-01-11,33950,34400,33450,34000,3324,-0.004392386530014614
2022-01-12,34000,34200,33650,33900,1234,-0.002941176470588225
2022-01-13,33950,34150,33750,34050,1133,0.004424778761061843
2022-01-14,34100,34400,33750,34000,3519,-0.001468428781204123
2022-01-17,33850,34000,33400,33450,1959,-0.016176470588235348
2022-01-18,33450,33500,33100,33350,2537,-0.002989536621823663
2022-01-19,33000,33350,32400,32750,3786,-0.01799100449775115
2022-01-20,32700,33550,32550,32800,5340,0.0015267175572519776
2022-01-21,33300,33300,32650,32800,2044,0.0
2022-01-24,32550,32750,32050,32700,2563,-0.0030487804878048808
2022-01-25,32500,32500,30800,31350,6788,-0.041284403669724745
2022-01-26,31350,31900,31250,31650,1611,0.009569377990430672
2022-01-27,31400,31650,30550,30600,4043,-0.033175355450236976
2022-01-28,30600,31450,30600,31200,2155,0.019607843137254832
2022-02-03,31600,32000,31400,32000,3735,0.02564102564102555
2022-02-04,32000,32800,31900,32600,3612,0.018750000000000044
2022-02-07,32900,32900,32400,32600,2780,0.0
2022-02-08,32600,32900,32600,32650,2389,0.0015337423312884457
2022-02-09,32850,33000,32800,33000,1234,0.010719754977029039
2022-02-10,33300,33350,32800,33000,837,0.0
2022-02-11,32950,33000,32550,32550,2255,-0.013636363636363669
2022-02-14,32250,33000,31750,32650,4626,0.003072196620583778
2022-02-15,32300,32600,31950,32200,1333,-0.013782542113323082
2022-02-16,32150,32950,32050,32800,955,0.01863354037267073
2022-02-17,33100,33100,32450,32450,2809,-0.010670731707317027
2022-02-18,32250,33650,32150,32450,805,0.0
2022-02-21,32450,33150,32250,33100,2512,0.02003081664098616
2022-02-22,32550,32550,32100,32200,1964,-0.027190332326283984
2022-02-23,32000,32350,32000,32150,2364,-0.0015527950310558758
2022-02-24,32100,32100,31100,31100,3811,-0.03265940902021769
2022-02-25,31100,31950,31100,31300,3200,0.006430868167202508
2022-02-28,31750,31750,31450,31750,1678,0.01437699680511173
2022-03-02,32000,33000,31800,32550,2291,0.025196850393700787
2022-03-03,32900,33300,32550,33050,3495,0.015360983102918668
2022-03-04,33000,33000,32450,32800,2035,-0.0075642965204235635
2022-03-07,32450,32850,32200,32400,1283,-0.012195121951219523
2022-03-08,32050,32200,31600,31800,2436,-0.01851851851851849
2022-03-10,31900,32000,31550,31700,1383,-0.0031446540880503138
2022-03-11,32050,32050,31650,31700,2889,0.0
2022-03-14,32000,32000,31450,31550,1700,-0.004731861198738141
2022-03-15,31350,31550,31200,31550,1170,0.0
2022-03-16,31550,32450,31550,32400,2863,0.02694136291600624
2022-03-17,32850,32850,32200,32300,1337,-0.0030864197530864335
2022-03-18,32850,32850,32250,32350,1056,0.001547987616099089
2022-03-21,32350,32950,32350,32650,1150,0.009273570324574987
2022-03-22,32650,33000,32600,32700,2121,0.0015313935681469104
2022-03-23,33000,33400,32750,32850,1921,0.004587155963302836
2022-03-24,32850,33100,32500,32800,3177,-0.0015220700152207556
2022-03-25,32800,33800,32800,33500,2149,0.021341463414634054
2022-03-28,33500,33600,33150,33200,1290,-0.008955223880596996
2022-03-29,33350,33600,33100,33500,1396,0.009036144578313143
2022-03-30,33500,33800,33500,33750,1413,0.00746268656716409
2022-03-31,33750,33950,33100,33800,2652,0.001481481481481417
2022-04-01,33800,34000,33200,33200,3432,-0.017751479289940808
2022-04-04,33200,33700,32950,33700,3703,0.015060240963855387
2022-04-05,33700,33900,33350,33800,1902,0.0029673590504450953
2022-04-06,33900,33900,33250,33850,1985,0.0014792899408284654
2022-04-07,33850,33850,32800,32950,4575,-0.026587887740029514
2022-04-08,32950,33200,32800,33050,3236,0.003034901365705611
2022-04-11,33500,33500,32800,33000,2621,-0.001512859304084735
2022-04-12,32850,33000,32700,32950,968,-0.0015151515151514694
2022-04-13,32900,33600,32900,33500,1687,0.01669195751138086
2022-04-14,33750,34500,33750,34200,5913,0.020895522388059806
2022-04-15,34250,35250,34250,35000,7458,0.023391812865497075
2022-04-18,35000,35400,34150,34350,8552,-0.018571428571428572
2022-04-19,34350,34650,34250,34550,4104,0.005822416302765587
2022-04-20,34700,35200,34400,35150,2918,0.01736613603473236
2022-04-21,35150,35800,35150,35600,2773,0.012802275960170695
2022-04-22,35400,36900,34500,36650,11345,0.02949438202247201
2022-04-25,35950,36500,35450,36450,7136,-0.00545702592087316
2022-04-26,36000,36450,35950,36150,3091,-0.008230452674897082
2022-04-27,35600,36400,35600,36100,3612,-0.0013831258644536604
2022-04-28,35700,35950,35550,35600,2623,-0.013850415512465353
2022-04-29,35350,35650,35250,35450,3769,-0.004213483146067398
2022-05-02,35450,35900,34750,35750,4155,0.008462623413258097
2022-05-03,35750,36300,35250,36200,2621,0.012587412587412583
2022-05-04,36400,36400,35600,35800,1893,-0.011049723756906049
2022-05-06,35450,35700,34750,35700,814,-0.0027932960893854997
2022-05-09,35400,35550,34450,35550,4653,-0.004201680672268893
2022-05-10,35200,35200,34000,34500,3482,-0.029535864978902926
2022-05-11,34100,35300,34100,35150,2048,0.018840579710144967
2022-05-12,35150,35500,34650,34900,1419,-0.007112375533428139
2022-05-13,34850,34850,34000,34500,7117,-0.011461318051575908
2022-05-16,34500,34800,34300,34800,3445,0.008695652173912993
2022-05-17,34800,35350,34350,34800,4383,0.0
2022-05-18,35600,35950,34900,35550,7693,0.02155172413793105
2022-05-19,35450,35650,34900,35600,4603,0.0014064697609001975
2022-05-20,35400,35900,35400,35650,3273,0.001404494382022392
2022-05-23,35700,35850,35600,35750,3877,0.0028050490883591017
2022-05-24,35750,36000,35150,35400,2131,-0.009790209790209836
2022-05-25,35200,35550,35050,35450,2193,0.0014124293785311437
2022-05-26,35450,35500,35100,35400,1558,-0.0014104372355430161
2022-05-27,35400,35900,35400,35700,2561,0.008474576271186418
2022-05-30,35700,36200,35450,36150,3854,0.012605042016806678
2022-05-31,36200,36300,35950,36150,2837,0.0
2022-06-02,36350,36400,34200,36250,3440,0.0027662517289073207
2022-06-03,36250,39200,36000,37300,29759,0.028965517241379413
2022-06-07,37350,37800,36750,36800,6838,-0.013404825737265424
2022-06-08,36600,37150,36100,36700,2536,-0.0027173913043477826
2022-06-09,36650,36650,35900,36400,1816,-0.008174386920980936
2022-06-10,36400,36850,36300,36450,4525,0.0013736263736263687
2022-06-13,35650,40850,34650,35600,52594,-0.023319615912208547
2022-06-14,34900,35300,33650,34050,7611,-0.0435393258426966
2022-06-15,33800,34800,32650,32800,8399,-0.03671071953010274
2022-06-16,32800,33850,32300,32850,3359,0.0015243902439023849
2022-06-17,32750,33150,32000,33100,2765,0.007610350076103556
2022-06-20,33100,33150,31700,31800,4735,-0.0392749244712991
2022-06-21,31800,32500,31500,32500,3709,0.022012578616352307
2022-06-22,32600,32600,31200,31950,4721,-0.01692307692307693
2022-06-23,31900,31950,30650,31400,2050,-0.017214397496087663
2022-06-24,31350,32100,31200,32000,1767,0.019108280254777066
2022-06-27,32900,32900,32200,32550,8006,0.01718749999999991
2022-06-28,32900,32900,32050,32600,1515,0.001536098310291889
2022-06-29,32000,32600,31700,32600,1295,0.0
2022-06-30,32450,32450,31700,31700,1307,-0.027607361963190136
2022-07-01,31700,31950,31200,31350,2133,-0.01104100946372244
2022-07-04,32000,32450,30500,30500,2577,-0.027113237639553422
2022-07-05,30500,31750,30500,31750,2421,0.040983606557376984
2022-07-06,31750,32050,31500,31750,3022,0.0
2022-07-07,31750,32500,31450,32300,1796,0.017322834645669305
2022-07-08,32450,33000,31900,31950,2292,-0.010835913312693513
2022-07-11,32900,32900,31950,32200,1209,0.00782472613458518
2022-07-12,32200,32300,31600,32150,2753,-0.0015527950310558758
2022-07-13,32050,32300,31750,32050,1665,-0.0031104199066873672
2022-07-14,32350,32350,31750,31900,625,-0.004680187207488307
2022-07-15,32150,32150,31600,32000,410,0.0031347962382444194
2022-07-18,32000,32500,32000,32100,1001,0.0031250000000000444
2022-07-19,32200,32950,32200,32850,2158,0.02336448598130847
2022-07-20,33000,33100,32650,32700,3159,-0.004566210045662156
2022-07-21,32650,33000,32400,32700,1105,0.0
2022-07-22,32850,33400,32800,33000,1231,0.00917431192660545
2022-07-25,33000,33000,32100,33000,576,0.0
2022-07-26,32750,33300,32650,33100,2029,0.003030303030302939
2022-07-27,32750,35900,32750,33900,6584,0.024169184290030232
2022-07-28,33550,34100,33200,33750,3406,-0.004424778761061954
2022-07-29,33750,34500,33600,34050,3001,0.008888888888888946
2022-08-01,34350,34350,33800,34050,11223,0.0
2022-08-02,34050,37200,33550,33850,60927,-0.005873715124816492
2022-08-03,33650,34200,33550,34200,3245,0.010339734121122657
2022-08-04,34200,34600,33950,34150,4784,-0.0014619883040936088
2022-08-05,34650,34700,34200,34600,5023,0.013177159590043841
2022-08-08,34600,34750,34250,34650,2144,0.0014450867052022698
2022-08-09,34650,34650,34000,34400,1894,-0.00721500721500723
2022-08-10,34400,34600,33850,34100,1488,-0.008720930232558155
2022-08-11,34100,35500,34100,34600,3020,0.014662756598240456
2022-08-12,34600,34850,34200,34350,1966,-0.007225433526011571
2022-08-16,34350,34650,34000,34450,3026,0.0029112081513829047
2022-08-17,34200,34350,33750,33750,3380,-0.020319303338171224
2022-08-18,33650,33750,33000,33650,4427,-0.002962962962962945
2022-08-19,33800,34250,33200,33200,2652,-0.013372956909361022
2022-08-22,33050,34000,32800,33400,2849,0.006024096385542244
2022-08-23,32950,33650,32700,33150,1222,-0.007485029940119792
2022-08-24,33150,33800,33000,33450,2666,0.009049773755656076
2022-08-25,33750,33800,33400,33800,1287,0.010463378176382765
2022-08-26,33800,34500,33700,33900,3007,0.002958579881656709
2022-08-29,33650,33650,32850,33450,1843,-0.013274336283185861
2022-08-30,33200,33700,33150,33450,3085,0.0
2022-08-31,33450,33850,33050,33800,2610,0.010463378176382765
2022-09-01,33600,33600,33050,33300,2471,-0.014792899408283988
2022-09-02,33150,33150,32900,33000,1667,-0.009009009009009028
2022-09-05,32850,32850,32450,32450,3718,-0.01666666666666672
2022-09-06,32000,33400,32000,32950,2834,0.015408320493066174
2022-09-07,32950,33050,32300,32800,1783,-0.004552352048558417
2022-09-08,32800,32950,32600,32800,1217,0.0
2022-09-13,33000,33800,33000,33100,789,0.009146341463414531
2022-09-14,33100,33100,32250,33050,706,-0.0015105740181269312
2022-09-15,32800,33350,32650,33200,730,0.004538577912254205
2022-09-16,32900,33000,32550,32800,666,-0.012048192771084376
2022-09-19,32550,37050,32550,35000,152485,0.06707317073170738
2022-09-20,35550,37800,34700,34750,110418,-0.0071428571428571175
2022-09-21,34950,37900,34650,35500,93154,0.021582733812949728
2022-09-22,35500,35500,33000,33200,30122,-0.06478873239436622
2022-09-23,33000,33150,32500,32500,14512,-0.02108433734939763
2022-09-26,32000,32300,30500,30500,17201,-0.06153846153846154
2022-09-27,30500,30800,29300,29600,12757,-0.02950819672131144
2022-09-28,29400,29850,28700,29050,8882,-0.01858108108108103
2022-09-29,29100,29850,29100,29600,3611,0.018932874354561147
2022-09-30,28500,30550,28500,29300,5137,-0.010135135135135087
2022-10-04,30250,30300,29650,30150,2233,0.029010238907849928
2022-10-05,30200,30550,29800,30200,2597,0.0016583747927032544
2022-10-06,30200,30650,29000,30400,2563,0.0066225165562914245
2022-10-07,30400,31000,30000,30950,2944,0.018092105263157965
2022-10-11,30800,31650,29800,29900,11451,-0.03392568659127626
2022-10-12,30050,30450,29650,30100,3269,0.006688963210702337
2022-10-13,30050,30050,29400,29400,3091,-0.023255813953488413
2022-10-14,29650,30400,29550,29950,1567,0.018707482993197244
2022-10-17,29900,30300,29450,30000,2676,0.0016694490818029983
2022-10-18,30050,30250,29900,30050,2658,0.0016666666666667052
2022-10-19,30050,30400,29950,30050,4112,0.0
2022-10-20,30050,30450,29950,30050,1825,0.0
2022-10-21,30000,30300,29850,30150,9576,0.0033277870216306127
2022-10-24,30400,30650,30250,30450,4025,0.00995024875621886
2022-10-25,30550,30850,30450,30550,1255,0.003284072249589487
2022-10-26,30850,31100,30200,30600,2044,0.0016366612111293755
2022-10-27,30600,31000,30600,31000,2066,0.013071895424836555
2022-10-28,31650,31650,30800,30800,1894,-0.006451612903225823
2022-10-31,30800,31750,30750,31350,5605,0.017857142857142794
2022-11-01,31400,31550,31100,31350,1573,0.0
2022-11-02,31350,31350,30900,30900,1343,-0.014354066985645897
2022-11-03,30900,31100,30500,31100,1575,0.006472491909385036
2022-11-04,30900,31200,30750,31200,1078,0.003215434083601254
2022-11-07,31250,31700,31150,31300,1297,0.0032051282051281937
2022-11-08,31350,32000,31100,31950,1859,0.02076677316293929
2022-11-09,31950,32200,31400,32000,1347,0.0015649452269170805
2022-11-10,31900,32000,31700,31800,1779,-0.006249999999999978
2022-11-11,32350,32350,31900,32200,2027,0.012578616352201255
2022-11-14,32200,32600,31950,32600,1819,0.012422360248447228
2022-11-15,32300,32600,32050,32250,3259,-0.010736196319018454
2022-11-16,32250,32300,31200,31500,16314,-0.023255813953488413
2022-11-17,31450,31600,31250,31400,2295,-0.0031746031746031633
2022-11-18,31450,31750,31350,31600,3020,0.006369426751592355
2022-11-21,31750,31950,31250,31300,4515,-0.009493670886076
2022-11-22,31050,31500,31050,31350,3847,0.0015974440894568342
2022-11-23,31250,31600,31250,31400,2616,0.0015948963317384823
2022-11-24,31450,32000,31400,32000,3417,0.019108280254777066
2022-11-25,32100,32650,31900,32400,3489,0.012499999999999956
2022-11-28,32450,32750,32100,32450,3909,0.0015432098765431057
2022-11-29,32400,32450,32150,32450,4200,0.0
2022-11-30,32500,32850,32450,32800,2406,0.01078582434514641
2022-12-01,32950,33350,32950,33300,5623,0.015243902439024293
2022-12-02,33500,33500,33050,33450,3445,0.0045045045045044585
2022-12-05,33400,33750,33150,33500,2286,0.001494768310911887
2022-12-06,33350,33700,32900,32900,1364,-0.017910447761193993
2022-12-07,32900,33200,32550,33000,4448,0.003039513677811634
2022-12-08,32850,32850,32400,32800,3996,-0.0060606060606061
2022-12-09,32650,33500,32550,33200,4793,0.012195121951219523
2022-12-12,33400,33550,33200,33400,2844,0.006024096385542244
2022-12-13,33200,33300,33100,33100,985,-0.008982035928143728
2022-12-14,33100,33500,32900,33500,1452,0.012084592145015005
2022-12-15,33600,33600,33150,33300,814,-0.005970149253731294
2022-12-16,32850,33450,32850,33250,3092,-0.0015015015015015232
2022-12-19,33250,33550,33050,33300,3841,0.0015037593984963404
2022-12-20,33450,33500,32750,32900,1306,-0.012012012012011963
2022-12-21,32750,33050,32550,32850,1454,-0.001519756838905817
2022-12-22,32900,33100,32800,33100,714,0.007610350076103556
2022-12-23,33000,33000,32600,32750,949,-0.010574018126888185
2022-12-26,32700,32750,31150,31500,17436,-0.03816793893129766
2022-12-27,31500,32100,31500,31500,25365,0.0
2022-12-28,31250,31300,30800,30800,2901,-0.022222222222222254
2022-12-29,30850,31000,30350,30650,5017,-0.004870129870129913
2023-01-02,30450,30700,30150,30150,1790,-0.01631321370309946
2023-01-03,30200,30900,30200,30550,2087,0.013266998341625147
2023-01-04,30900,30950,30550,30900,1245,0.011456628477905184
2023-01-05,30900,30950,30500,30650,1400,-0.008090614886731351
2023-01-06,30750,30900,30600,30750,2054,0.0032626427406199365
2023-01-09,30750,31850,30750,31000,1910,0.008130081300812941
2023-01-10,31350,31350,30850,31100,396,0.003225806451612856
2023-01-11,31100,31500,31000,31150,755,0.001607717041800738
2023-01-12,31200,31350,31000,31200,2945,0.0016051364365972098
2023-01-13,31300,31650,31200,31400,1291,0.0064102564102563875
2023-01-16,31950,31950,31550,31700,682,0.009554140127388644
2023-01-17,31700,32100,31400,31400,1806,-0.009463722397476393
2023-01-18,31950,32400,31400,31750,580,0.011146496815286566
2023-01-19,31350,32450,31350,31850,264,0.0031496062992126816
2023-01-20,31850,31900,31700,31850,2366,0.0
2023-01-25,32550,32550,31800,31850,1607,0.0
2023-01-26,31850,32500,31800,32000,664,0.0047095761381474865
2023-01-27,32000,32600,31850,32350,987,0.010937500000000044
2023-01-30,32350,32750,31700,31700,2192,-0.020092735703245768
2023-01-31,31400,32050,31400,31950,814,0.007886435331230235
2023-02-01,31950,32150,31750,32050,802,0.003129890453834161
2023-02-02,32200,32300,31850,32050,3687,0.0
2023-02-03,32450,32450,31950,31950,1416,-0.0031201248049922414
2023-02-06,31700,32200,31650,32050,1231,0.003129890453834161
2023-02-07,32050,32100,31800,32050,1409,0.0
2023-02-08,32100,32100,31850,32050,470,0.0
2023-02-09,32050,32100,31850,31900,1589,-0.004680187207488307
2023-02-10,31900,32050,31800,32050,1878,0.004702194357366851
2023-02-13,31750,32200,31750,31950,537,-0.0031201248049922414
2023-02-14,31950,32100,31850,32050,1594,0.003129890453834161
2023-02-15,32050,32100,31700,31850,843,-0.006240249609984372
2023-02-16,31700,32100,31700,32100,2271,0.007849293563579218
2023-02-17,31950,32450,31700,32100,2802,0.0
2023-02-20,31800,32750,31800,32300,2635,0.006230529595015577
2023-02-21,32350,32850,32250,32600,5050,0.009287925696594534
2023-02-22,32450,32950,32200,32600,4177,0.0
2023-02-23,34200,35900,33550,33600,30530,0.030674846625766916
2023-02-24,33650,34400,33650,34200,11224,0.017857142857142794
2023-02-27,34050,34500,33850,34300,10274,0.0029239766081872176
2023-02-28,34300,34550,34250,34400,6266,0.00291545189504383
2023-03-02,34550,35300,34450,35050,11403,0.018895348837209225
2023-03-03,35100,35750,34850,35500,6836,0.012838801711840153
2023-03-06,35500,35800,35150,35300,5877,-0.005633802816901401
2023-03-07,35100,35600,35100,35400,3389,0.0028328611898016387
2023-03-08,35350,35400,34800,35300,2406,-0.0028248587570621764
2023-03-09,35300,35500,35150,35450,3599,0.004249291784702569
2023-03-10,35150,35450,34850,35400,6870,-0.0014104372355430161
2023-03-13,35000,35150,34550,35000,4379,-0.011299435028248594
2023-03-14,35000,35000,33800,33800,8055,-0.03428571428571425
2023-03-15,34200,34800,34150,34450,5166,0.019230769230769162
2023-03-16,34800,36000,34400,36000,7355,0.044992743105950694
2023-03-17,36000,37600,36000,36900,11026,0.02499999999999991
2023-03-20,37600,37600,36350,36800,4160,-0.0027100271002710175
2023-03-21,36850,37200,35350,35850,3564,-0.025815217391304324
2023-03-22,36500,38100,35850,36100,2410,0.0069735006973501434
2023-03-23,36100,36450,35500,36000,1400,-0.0027700831024930483
2023-03-24,36000,36500,34550,36500,2914,0.01388888888888884
2023-03-27,37350,37350,36400,36500,1980,0.0
2023-03-28,36550,36600,36200,36450,2179,-0.00136986301369868
2023-03-29,36500,36500,35050,36300,3188,-0.004115226337448541
2023-03-30,36400,36700,36050,36600,3379,0.008264462809917328
2023-03-31,36700,37800,36700,37500,8523,0.024590163934426146
2023-04-03,37800,39150,37450,38500,23200,0.026666666666666616
2023-04-04,38500,38700,37650,38000,7357,-0.012987012987012991
2023-04-05,38000,38250,37300,38050,5074,0.001315789473684159
2023-04-06,38050,38100,37500,37500,3841,-0.014454664914586024
2023-04-07,37500,38000,37500,37800,3680,0.008000000000000007
2023-04-10,38150,38400,37600,37850,4783,0.001322751322751392
2023-04-11,37850,38250,37550,38150,2981,0.00792602377807139
2023-04-12,38150,39600,38100,39350,13091,0.03145478374836164
2023-04-13,39350,39750,39000,39450,6019,0.0025412960609911828
2023-04-14,39800,39850,38900,39050,2994,-0.010139416983523497
2023-04-17,39050,39500,38800,39100,2487,0.001280409731113874
2023-04-18,39300,39400,38400,39100,3947,0.0
2023-04-19,38850,39200,38750,39100,1887,0.0
2023-04-20,39050,39050,37500,37800,8547,-0.03324808184143224
2023-04-21,37500,37750,37150,37550,7720,-0.006613756613756627
2023-04-24,37450,38050,37200,38050,6346,0.013315579227696439
2023-04-25,37700,38000,36750,38000,4126,-0.0013140604467805073
2023-04-26,37550,37600,36950,37600,4949,-0.010526315789473717
2023-04-27,37600,37700,37050,37450,1529,-0.003989361702127714
2023-04-28,37450,37750,36750,37000,3852,-0.012016021361815787
2023-05-02,37150,38000,36500,38000,3813,0.027027027027026973
2023-05-03,38100,38100,37200,37850,6829,-0.003947368421052588
2023-05-04,37450,37850,36800,37850,2211,0.0
2023-05-08,37500,38100,37450,38000,1769,0.003963011889035695
2023-05-09,37750,38000,37150,37950,2183,-0.001315789473684159
2023-05-10,37600,45800,37550,40000,551423,0.05401844532279321
2023-05-11,39750,41350,38100,38250,123860,-0.043749999999999956
2023-05-12,38250,38800,37750,38000,17784,-0.006535947712418277
2023-05-15,37950,38200,36600,36650,17170,-0.03552631578947374
2023-05-16,37100,40800,37100,38450,68274,0.049113233287858105
2023-05-17,38650,39250,38000,38800,8583,0.00910273081924573
2023-05-18,39100,39250,38200,39050,9413,0.006443298969072142
2023-05-19,39300,39550,38600,39550,5667,0.012804097311139628
2023-05-22,39100,40200,39100,39600,9664,0.0012642225031604948
2023-05-23,39650,41250,39150,39350,31726,-0.0063131313131312705
2023-05-24,39350,39650,38500,39350,6783,0.0
2023-05-25,39350,39350,38600,39000,3539,-0.008894536213468918
2023-05-26,39000,39200,38400,38400,3591,-0.01538461538461533
2023-05-30,38500,38650,37700,38600,3788,0.005208333333333259
2023-05-31,38600,38600,37650,37700,4216,-0.023316062176165775
2023-06-01,37650,38000,37100,37950,5419,0.006631299734747964
2023-06-02,37950,39100,37700,38900,4788,0.025032938076416267
2023-06-05,38900,40050,38700,39300,5236,0.010282776349614497
2023-06-07,39300,39450,38600,39000,2906,-0.007633587786259555
2023-06-08,39000,39000,38000,38200,3472,-0.02051282051282055
2023-06-09,38300,38650,38050,38400,3502,0.005235602094240788
2023-06-12,39500,40500,39050,40250,21855,0.04817708333333326
2023-06-13,39900,42450,39550,41600,32496,0.03354037267080745
2023-06-14,40300,40450,38150,38250,32078,-0.08052884615384615
2023-06-15,38150,38350,37500,37750,10714,-0.013071895424836555
2023-06-16,37750,38700,37750,38450,5133,0.018543046357615944
2023-06-19,38300,40750,38200,39700,25132,0.032509752925877766
2023-06-20,39250,39650,38700,38900,6334,-0.02015113350125941
2023-06-21,38600,39250,38100,38950,6161,0.0012853470437017567
2023-06-22,38500,39300,38500,38850,8777,-0.0025673940949936247
2023-06-23,38550,39100,38100,38350,4403,-0.012870012870012881
2023-06-26,38050,38800,38050,38700,2499,0.009126466753585305
2023-06-27,38700,39500,38700,39450,5185,0.019379844961240345
2023-06-28,39450,40650,39000,39500,12289,0.0012674271229404788
2023-06-29,39450,39950,39200,39750,6432,0.006329113924050667
2023-06-30,39600,40900,39300,39800,3403,0.0012578616352201255
2023-07-03,39800,40050,39450,39850,4284,0.0012562814070351536
2023-07-04,40000,40050,39150,39200,4185,-0.016311166875784155
2023-07-05,39200,39450,38200,38500,9045,-0.017857142857142905
2023-07-06,38600,38600,37800,38450,5383,-0.0012987012987012436
2023-07-07,38000,38600,37150,37400,7721,-0.0273081924577373
2023-07-10,36750,37650,36750,37200,1468,-0.005347593582887722
2023-07-11,37200,37500,36500,37150,7723,-0.0013440860215053752
2023-07-12,37150,37800,36650,37200,3873,0.0013458950201883368
2023-07-13,37200,37950,37100,37800,6072,0.016129032258064502
2023-07-14,37800,38150,36800,37650,5000,-0.003968253968253954
2023-07-17,37650,37900,37000,37450,2253,-0.005312084993359889
2023-07-18,37200,37850,36050,36050,6088,-0.03738317757009346
2023-07-19,36100,36250,35100,35350,5137,-0.01941747572815533
2023-07-20,35350,35550,35100,35200,3232,-0.004243281471004279
2023-07-21,35250,37700,35250,36000,7169,0.022727272727272707
2023-07-24,36100,36300,35500,35500,5074,-0.01388888888888884
2023-07-25,35400,36700,35300,35550,2867,0.0014084507042253502
2023-07-26,35550,35550,33700,34450,7581,-0.030942334739803123
2023-07-27,34450,35450,34100,35150,1911,0.020319303338171224
2023-07-28,34900,35850,34600,35850,3207,0.019914651493598834
2023-07-31,36000,36700,35850,36150,1747,0.008368200836819994
2023-08-01,36150,36750,36000,36500,2463,0.009681881051175623
2023-08-02,36750,37000,35800,35900,3191,-0.016438356164383605
2023-08-03,36000,36250,35300,35900,1521,0.0
2023-08-04,35650,36900,35650,36150,1753,0.0069637883008355494
2023-08-07,36200,37000,36000,36850,2109,0.019363762102351245
2023-08-08,36650,36850,36100,36250,2112,-0.016282225237449155
2023-08-09,36850,36850,36100,36650,1653,0.011034482758620623
2023-08-10,36500,37150,36150,36150,2487,-0.013642564802182844
2023-08-11,36500,37000,36150,36450,1651,0.008298755186721962
2023-08-14,36450,36850,35850,35900,2617,-0.015089163237311354
2023-08-16,35900,35900,34850,34850,8636,-0.029247910863509752
2023-08-17,34800,34850,33800,34750,7296,-0.0028694404591105283
2023-08-18,34350,34950,34150,34850,3473,0.0028776978417266452
2023-08-21,34850,36500,34750,35150,7643,0.008608321377331363
2023-08-22,35350,35500,34500,34550,9163,-0.017069701280227556
2023-08-23,34550,35400,34450,34800,3334,0.00723589001447178
2023-08-24,34650,34900,34550,34900,4149,0.002873563218390718
2023-08-25,34800,34800,34200,34500,9517,-0.011461318051575908
2023-08-28,34450,36500,34250,35600,10896,0.03188405797101446
2023-08-29,35600,36700,35500,36500,2439,0.02528089887640439
2023-08-30,36500,37000,34800,36500,9585,0.0
2023-08-31,36500,36500,35550,36050,1876,-0.012328767123287676
2023-09-01,36050,36450,35650,35650,1130,-0.01109570041608876
2023-09-04,35600,36400,35300,35650,2806,0.0
2023-09-05,35650,36050,34400,35100,18473,-0.015427769985974726
2023-09-06,35100,35100,34200,34500,20199,-0.017094017094017144
2023-09-07,34500,34600,33900,34350,6782,-0.004347826086956497
2023-09-08,34350,34550,33950,34000,14904,-0.010189228529839833
2023-09-11,34000,34350,33950,34000,8919,0.0
2023-09-12,34000,34150,33900,34000,14182,0.0
2023-09-13,33950,34200,33750,34200,8740,0.00588235294117645
2023-09-14,34200,34450,34050,34450,8057,0.007309941520467822
2023-09-15,34450,34800,34300,34400,7476,-0.0014513788098693414
2023-09-18,34050,34300,34050,34300,6615,-0.0029069767441860517
2023-09-19,34150,34350,34050,34300,3149,0.0
2023-09-20,34350,34650,34200,34550,3931,0.007288629737609353
2023-09-21,34550,34750,34150,34500,4570,-0.0014471780028944004
2023-09-22,34500,34650,33850,34150,5708,-0.010144927536231862
2023-09-25,34150,39500,34000,35800,355656,0.04831625183016097
2023-09-26,35850,35900,32500,32950,128191,-0.07960893854748607
2023-09-27,32950,33400,32200,33150,44203,0.006069802731411222
2023-10-04,33150,33250,32400,32450,11915,-0.021116138763197623
2023-10-05,32550,32600,31700,31700,15894,-0.023112480739599373
2023-10-06,31700,32600,31650,31900,14399,0.006309148264984188
2023-10-10,31900,33150,31700,32000,8265,0.0031347962382444194
2023-10-11,32150,32900,32150,32850,8005,0.026562500000000044
2023-10-12,32450,33250,32450,33100,6776,0.007610350076103556
2023-10-13,33100,33250,32550,33000,4692,-0.0030211480362537513
2023-10-16,33000,33450,31850,32550,5246,-0.013636363636363669
2023-10-17,32600,33100,32550,32800,6517,0.007680491551459223
2023-10-18,32800,33000,32400,32650,5572,-0.004573170731707266
2023-10-19,32650,32650,31700,32000,9094,-0.019908116385911168
2023-10-20,31950,32000,30200,31600,12216,-0.012499999999999956
2023-10-23,31300,32250,31300,31750,4920,0.004746835443038
2023-10-24,31550,32200,31000,32150,4787,0.012598425196850505
2023-10-25,32150,32450,31950,32100,2321,-0.0015552099533436836
2023-10-26,31500,32500,31400,31700,2134,-0.012461059190031154
2023-10-27,31700,32300,31550,31650,4055,-0.001577287066246047
2023-10-30,31100,32250,31100,32050,3636,0.012638230647709303
2023-10-31,32050,32400,31450,31800,3205,-0.007800312012480548
2023-11-01,31900,32400,31650,32050,2450,0.007861635220125729
2023-11-02,32050,32600,32000,32500,4072,0.014040561622464809
2023-11-03,32550,32700,32300,32600,1441,0.003076923076922977
2023-11-06,32650,33200,32550,32800,5702,0.006134969325153339
2023-11-07,33200,33250,32600,32850,5759,0.0015243902439023849
2023-11-08,32850,33200,32700,33100,3426,0.007610350076103556
2023-11-09,32800,33200,32700,33000,4770,-0.0030211480362537513
2023-11-10,32650,34050,32650,33000,11799,0.0
